gc_content gc_skew gc_culm
0.564 3.54609929078014 3.54609929078014
0.55 -12 -8.45390070921986
0.538 -1.11524163568773 -9.56914234490759
0.518 0.386100386100386 -9.18304195880721
0.523 1.7208413001912 -7.462200658616
0.515 0.970873786407767 -6.49132687220823
0.51 -8.23529411764706 -14.7266209898553
0.477 5.24109014675052 -9.48553084310477
0.521 8.25335892514395 -1.23217191796081
0.529 0.189035916824197 -1.04313600113662
0.514 -7.39299610894942 -8.43613211008603
0.55 -1.81818181818182 -10.2543139282678
0.49 3.6734693877551 -6.58084454051275
0.486 0.411522633744856 -6.16932190676789
0.513 5.26315789473684 -0.906164012031049
0.549 -1.63934426229508 -2.54550827432613
0.532 1.50375939849624 -1.04174887582989
0.513 -3.7037037037037 -4.74545257953359
0.508 -1.96850393700787 -6.71395651654147
0.516 4.26356589147287 -2.4503906250686
0.527 -3.2258064516129 -5.6761970766815
0.524 -2.29007633587786 -7.96627341255937
0.553 4.52079566003617 -3.4454777525232
0.523 4.39770554493308 0.952227792409879
0.513 6.4327485380117 7.38497633042157
0.526 -10.6463878326996 -3.26141150227805
0.536 -3.35820895522388 -6.61962045750193
0.532 -6.76691729323308 -13.386537750735
0.507 -4.14201183431953 -17.5285495850545
0.493 -4.66531440162272 -22.1938639866773
0.51 -9.80392156862745 -31.9977855553047
0.526 -1.14068441064639 -33.1384699659511
0.516 -0.387596899224806 -33.5260668651759
0.543 -0.920810313075506 -34.4468771782514
0.495 -6.66666666666667 -41.1135438449181
0.502 -0.398406374501992 -41.5119502194201
0.51 -1.17647058823529 -42.6884208076554
0.521 1.34357005758157 -41.3448507500738
0.558 12.5448028673835 -28.8000478826903
0.512 10.546875 -18.2531728826903
0.494 6.88259109311741 -11.3705817895729
0.52 5.76923076923077 -5.60135102034209
0.472 7.20338983050847 1.60203881016638
0.514 -0.778210116731518 0.823828693434864
0.514 -1.94552529182879 -1.12169659839393
0.492 0.40650406504065 -0.715192533353279
0.531 5.46139359698682 4.74620106363354
0.552 5.07246376811594 9.81866483174948
0.529 2.07939508506616 11.8980599168156
0.517 3.28820116054159 15.1862610773572
0.497 -6.63983903420523 8.546422043152
0.558 0 8.546422043152
0.508 8.66141732283465 17.2078393659866
0.544 9.55882352941176 26.7666628953984
0.512 3.90625 30.6729128953984
0.494 10.1214574898785 40.7943703852769
0.518 6.94980694980695 47.7441773350839
0.496 5.64516129032258 53.3893386254065
0.453 3.75275938189845 57.1420980073049
0.512 -9.375 47.7670980073049
0.508 -2.36220472440945 45.4048932828955
0.472 0.847457627118644 46.2523509100141
0.538 -6.69144981412639 39.5609010958877
0.496 -5.24193548387097 34.3189656120168
0.485 -1.44329896907216 32.8756666429446
0.432 -4.16666666666667 28.7089999762779
0.496 -3.62903225806452 25.0799677182134
0.49 -5.71428571428571 19.3656820039277
0.506 3.55731225296443 22.9229942568921
0.52 6.15384615384615 29.0768404107383
0.508 2.75590551181102 31.8327459225493
0.539 2.41187384044527 34.2446197629946
0.479 3.13152400835073 37.3761437713453
0.505 -1.38613861386139 35.9900051574839
0.491 4.68431771894094 40.6743228764249
0.479 -7.30688935281837 33.3674335236065
0.492 -4.0650406504065 29.3023928732
0.52 -8.46153846153846 20.8408544116615
0.5 -6.8 14.0408544116615
0.518 -1.54440154440154 12.49645286726
0.509 -0.982318271119843 11.5141345961401
0.495 -9.09090909090909 2.42322550523105
0.502 9.56175298804781 11.9849784932789
0.506 4.74308300395257 16.7280614972314
0.496 0 16.7280614972314
0.508 7.8740157480315 24.6020772452629
0.53 -4.52830188679245 20.0737753584705
0.514 1.94552529182879 22.0193006502993
0.519 2.50481695568401 24.5241176059833
0.511 6.45792563600783 30.9820432419911
0.502 -1.99203187250996 28.9900113694811
0.463 4.1036717062635 33.0936830757446
0.484 -6.19834710743802 26.8953359683066
0.505 3.76237623762376 30.6577122059304
0.533 -9.56848030018762 21.0892319057428
0.54 -5.55555555555556 15.5336763501872
0.498 3.6144578313253 19.1481341815125
0.542 8.48708487084871 27.6352190523612
0.517 -4.06189555125725 23.573323501104
0.487 -9.65092402464066 13.9223994764633
0.497 -6.63983903420523 7.28256044225807
0.538 -6.31970260223048 0.962857840027591
0.528 -9.46969696969697 -8.50683912966938
0.509 0.589390962671906 -7.91744816699747
0.522 -3.83141762452107 -11.7488657915185
0.51 -1.96078431372549 -13.709650105244
0.511 -3.71819960861057 -17.4278497138546
0.497 -5.43259557344064 -22.8604452872952
0.508 -2.75590551181102 -25.6163507991063
0.523 -5.92734225621415 -31.5436930553204
0.508 2.36220472440945 -29.181488330911
0.491 5.09164969450102 -24.08983863641
0.539 0.185528756957328 -23.9043098794526
0.52 0.384615384615385 -23.5196944948372
0.519 5.58766859344894 -17.9320259013883
0.53 0.754716981132076 -17.1773089202562
0.52 -0.384615384615385 -17.5619243048716
0.528 -2.27272727272727 -19.8346515775989
0.494 -5.66801619433198 -25.5026677719309
0.639 -6.41627543035994 -31.9189432022908
0.528 4.92424242424242 -26.9947007780484
0.508 1.96850393700787 -25.0261968410405
0.529 -11.531190926276 -36.5573877673165
0.484 -0.826446280991736 -37.3838340483082
0.531 -6.21468926553672 -43.598523313845
0.513 -0.584795321637427 -44.1833186354824
0.535 -11.0280373831776 -55.21135601866
0.511 -6.45792563600783 -61.6692816546678
0.5 -14.8 -76.4692816546678
0.505 -9.30693069306931 -85.7762123477371
0.523 -6.69216061185468 -92.4683729595918
0.545 -6.78899082568807 -99.2573637852798
0.493 -3.85395537525355 -103.111319160533
0.528 -3.78787878787879 -106.899197948412
0.527 -0.189753320683112 -107.088951269095
0.496 -2.01612903225806 -109.105080301353
0.538 -5.20446096654275 -114.309541267896
0.494 -2.83400809716599 -117.143549365062
0.53 -9.05660377358491 -126.200153138647
0.499 -3.0060120240481 -129.206165162695
0.538 -5.57620817843866 -134.782373341134
0.488 6.55737704918033 -128.224996291953
0.518 0.772200772200772 -127.452795519753
0.526 -6.84410646387833 -134.296901983631
0.481 2.28690228690229 -132.009999696729
0.524 -5.72519083969466 -137.735190536423
0.517 -6.38297872340426 -144.118169259828
0.506 -7.11462450592885 -151.232793765756
0.478 -3.34728033472803 -154.580074100484
0.514 -2.33463035019455 -156.914704450679
0.548 4.01459854014599 -152.900105910533
0.535 -0.186915887850467 -153.087021798384
0.525 -11.2380952380952 -164.325117036479
0.519 -9.82658959537572 -174.151706631854
0.491 -3.86965376782077 -178.021360399675
0.504 -11.5079365079365 -189.529296907612
0.538 -16.728624535316 -206.257921442928
0.517 -4.06189555125725 -210.319816994185
0.528 -11.7424242424242 -222.062241236609
0.511 -8.02348336594912 -230.085724602558
0.531 -2.07156308851224 -232.157287691071
0.542 1.4760147601476 -230.681272930923
0.539 -8.71985157699443 -239.401124507917
0.504 -3.96825396825397 -243.369378476171
0.531 -2.07156308851224 -245.440941564684
0.533 -1.31332082551595 -246.7542623902
0.539 -2.78293135435993 -249.53719374456
0.525 7.04761904761905 -242.48957469694
0.518 -1.93050193050193 -244.420076627442
0.505 -4.15841584158416 -248.578492469027
0.542 -8.48708487084871 -257.065577339875
0.524 -6.87022900763359 -263.935806347509
0.525 -9.71428571428571 -273.650092061795
0.516 -0.387596899224806 -274.037688961019
0.51 -2.35294117647059 -276.39063013749
0.52 0.384615384615385 -276.006014752875
0.501 -6.187624750499 -282.193639503374
0.547 -7.49542961608775 -289.689069119461
0.553 -3.07414104882459 -292.763210168286
0.543 -4.23572744014733 -296.998937608433
0.539 -3.15398886827458 -300.152926476708
0.526 -9.50570342205323 -309.658629898761
0.499 -7.81563126252505 -317.474261161286
0.518 -6.17760617760618 -323.651867338892
0.553 -7.41410488245931 -331.065972221352
0.532 -6.39097744360902 -337.456949664961
0.492 -7.72357723577236 -345.180526900733
0.534 -3.74531835205992 -348.925845252793
0.555 -4.86486486486486 -353.790710117658
0.532 -7.5187969924812 -361.309507110139
0.575 -8.52173913043478 -369.831246240574
0.545 -2.01834862385321 -371.849594864427
0.549 -3.09653916211293 -374.94613402654
0.529 -7.75047258979206 -382.696606616332
0.516 -13.953488372093 -396.650094988425
0.506 -6.71936758893281 -403.369462577358
0.543 -5.34069981583794 -408.710162393196
0.509 -17.4852652259332 -426.195427619129
0.499 -8.61723446893788 -434.812662088067
0.524 -6.87022900763359 -441.6828910957
0.545 5.32110091743119 -436.361790178269
0.516 -13.953488372093 -450.315278550362
0.484 -4.13223140495868 -454.447509955321
0.536 -10.4477611940299 -464.895271149351
0.522 -9.57854406130268 -474.473815210653
0.543 -7.55064456721915 -482.024459777873
0.529 -0.189035916824197 -482.213495694697
0.5 -18 -500.213495694697
0.515 -3.68932038834951 -503.902816083046
0.525 -5.90476190476191 -509.807577987808
0.537 -6.8901303538175 -516.697708341626
0.519 -8.67052023121387 -525.36822857284
0.525 -3.23809523809524 -528.606323810935
0.517 5.22243713733075 -523.383886673604
0.52 0 -523.383886673604
0.508 -2.36220472440945 -525.746091398014
0.511 -7.6320939334638 -533.378185331477
0.51 -5.09803921568627 -538.476224547164
0.509 6.48330058939096 -531.992923957773
0.522 -13.0268199233716 -545.019743881144
0.513 1.75438596491228 -543.265357916232
0.528 -10.9848484848485 -554.250206401081
0.514 -6.22568093385214 -560.475887334933
0.502 -4.7808764940239 -565.256763828957
0.526 1.14068441064639 -564.11607941831
0.506 -6.71936758893281 -570.835447007243
0.524 -6.87022900763359 -577.705676014877
0.526 -4.94296577946768 -582.648641794344
0.472 -9.32203389830508 -591.970675692649
0.539 -5.38033395176252 -597.351009644412
0.494 -12.9554655870445 -610.306475231456
0.502 -2.78884462151394 -613.09531985297
0.51 -1.96078431372549 -615.056104166696
0.51 -4.31372549019608 -619.369829656892
0.541 -3.51201478743068 -622.881844444323
0.574 -14.6341463414634 -637.515990785786
0.535 -4.29906542056075 -641.815056206347
0.533 -5.44090056285178 -647.255956769199
0.53 -12.0754716981132 -659.331428467312
0.548 -11.6788321167883 -671.0102605841
0.527 -11.1954459203036 -682.205706504404
0.532 -7.14285714285714 -689.348563647261
0.511 -6.0665362035225 -695.415099850783
0.515 -6.40776699029126 -701.822866841075
0.502 -9.56175298804781 -711.384619829122
0.512 1.5625 -709.822119829122
0.518 -6.94980694980695 -716.771926778929
0.478 0 -716.771926778929
0.511 -1.76125244618395 -718.533179225113
0.532 3.38345864661654 -715.149720578497
0.516 -1.55038759689922 -716.700108175396
0.528 -0.378787878787879 -717.078896054184
0.53 -5.66037735849057 -722.739273412674
0.52 1.53846153846154 -721.200811874213
0.48 -4.16666666666667 -725.36747854088
0.503 -4.17495029821074 -729.54242883909
0.537 -2.04841713221601 -731.590845971306
0.527 1.70777988614801 -729.883066085158
0.555 -4.5045045045045 -734.387570589663
0.519 -2.50481695568401 -736.892387545347
0.543 -0.552486187845304 -737.444873733192
0.528 -1.13636363636364 -738.581237369556
0.554 -2.52707581227437 -741.10831318183
0.533 -0.938086303939963 -742.04639948577
0.5 -1.6 -743.64639948577
0.485 -7.62886597938144 -751.275265465152
0.545 3.48623853211009 -747.789026933041
0.503 -2.5844930417495 -750.373519974791
0.503 5.76540755467197 -744.608112420119
0.526 -5.70342205323194 -750.311534473351
0.522 -12.2605363984674 -762.572070871818
0.506 -5.53359683794466 -768.105667709763
0.531 -3.57815442561205 -771.683822135375
0.514 -6.6147859922179 -778.298608127593
0.482 4.9792531120332 -773.31935501556
0.568 -3.87323943661972 -777.192594452179
0.511 -8.80626223091977 -785.998856683099
0.519 -12.1387283236994 -798.137585006799
0.479 -2.71398747390397 -800.851572480703
0.502 -8.76494023904382 -809.616512719746
0.533 -6.56660412757974 -816.183116847326
0.509 -3.7328094302554 -819.915926277582
0.552 5.07246376811594 -814.843462509466
0.493 -5.0709939148073 -819.914456424273
0.543 -2.39410681399632 -822.308563238269
0.503 -3.37972166998012 -825.688284908249
0.526 -0.380228136882129 -826.068513045131
0.518 -3.47490347490348 -829.543416520035
0.548 -11.3138686131387 -840.857285133174
0.559 -7.3345259391771 -848.191811072351
0.513 -8.7719298245614 -856.963740896912
0.532 -7.89473684210526 -864.858477739017
0.524 -7.63358778625954 -872.492065525277
0.534 -5.99250936329588 -878.484574888573
0.505 0.198019801980198 -878.286555086593
0.542 5.90405904059041 -872.382496046002
0.53 -3.39622641509434 -875.778722461097
0.535 -0.934579439252336 -876.713301900349
0.523 -0.573613766730402 -877.286915667079
0.527 -5.50284629981025 -882.78976196689
0.533 -6.56660412757974 -889.356366094469
0.509 -3.7328094302554 -893.089175524725
0.528 12.5 -880.589175524725
0.533 0.938086303939963 -879.651089220785
0.552 -3.98550724637681 -883.636596467162
0.511 -9.98043052837573 -893.617026995537
0.521 0.191938579654511 -893.425088415883
0.512 -7.8125 -901.237588415883
0.518 -8.88030888030888 -910.117897296192
0.522 -12.2605363984674 -922.378433694659
0.527 -11.5749525616698 -933.953386256329
0.55 -1.81818181818182 -935.771568074511
0.513 6.4327485380117 -929.338819536499
0.532 5.6390977443609 -923.699721792138
0.492 0 -923.699721792138
0.531 -12.241054613936 -935.940776406074
0.507 -5.71992110453649 -941.660697510611
0.549 0.182149362477231 -941.478548148133
0.53 1.50943396226415 -939.969114185869
0.546 -4.02930402930403 -943.998418215173
0.56 0.357142857142857 -943.64127535803
0.51 2.74509803921569 -940.896177318815
0.556 0.719424460431655 -940.176752858383
0.5 -3.6 -943.776752858383
0.52 1.15384615384615 -942.622906704537
0.552 -11.231884057971 -953.854790762508
0.535 -1.68224299065421 -955.537033753162
0.542 -2.2140221402214 -957.751055893384
0.51 -9.80392156862745 -967.554977462011
0.527 -3.98481973434535 -971.539797196356
0.511 -2.93542074363992 -974.475217939996
0.569 1.93321616871705 -972.542001771279
0.554 -6.13718411552347 -978.679185886803
0.548 -13.8686131386861 -992.547799025489
0.515 0.970873786407767 -991.576925239081
0.519 -5.20231213872832 -996.779237377809
0.536 -5.59701492537313 -1002.37625230318
0.512 -7.8125 -1010.18875230318
0.512 -9.765625 -1019.95437730318
0.55 -7.27272727272727 -1027.22710457591
0.504 -0.396825396825397 -1027.62392997274
0.516 -8.13953488372093 -1035.76346485646
0.524 -6.10687022900763 -1041.87033508546
0.485 -15.0515463917526 -1056.92188147722
0.53 0.377358490566038 -1056.54452298665
0.564 0.354609929078014 -1056.18991305757
0.55 -1.09090909090909 -1057.28082214848
0.506 -7.11462450592885 -1064.39544665441
0.547 -15.5393053016453 -1079.93475195606
0.582 -7.56013745704467 -1087.4948894131
0.504 -11.5079365079365 -1099.00282592104
0.543 -4.23572744014733 -1103.23855336118
0.509 -2.16110019646365 -1105.39965355765
0.505 -12.8712871287129 -1118.27094068636
0.497 -8.24949698189135 -1126.52043766825
0.554 -7.94223826714801 -1134.4626759354
0.52 2.30769230769231 -1132.15498362771
0.551 -2.72232304900181 -1134.87730667671
0.555 -3.42342342342342 -1138.30073010013
0.564 -7.80141843971631 -1146.10214853985
0.54 -6.2962962962963 -1152.39844483615
0.564 1.06382978723404 -1151.33461504891
0.528 -4.92424242424242 -1156.25885747315
0.563 2.66429840142096 -1153.59455907173
0.556 -3.9568345323741 -1157.55139360411
0.496 -1.61290322580645 -1159.16429682991
0.562 1.06761565836299 -1158.09668117155
0.584 -8.21917808219178 -1166.31585925374
0.543 -2.39410681399632 -1168.70996606774
0.531 -8.09792843691149 -1176.80789450465
0.471 -0.636942675159236 -1177.44483717981
0.507 1.38067061143984 -1176.06416656837
0.568 0 -1176.06416656837
0.535 -2.42990654205607 -1178.49407311043
0.565 -2.30088495575221 -1180.79495806618
0.495 -3.83838383838384 -1184.63334190456
0.543 -4.97237569060773 -1189.60571759517
0.532 -0.37593984962406 -1189.98165744479
0.559 -4.11449016100179 -1194.0961476058
0.544 -6.61764705882353 -1200.71379466462
0.562 -4.27046263345196 -1204.98425729807
0.539 2.04081632653061 -1202.94344097154
0.54 -1.11111111111111 -1204.05455208265
0.521 -9.021113243762 -1213.07566532641
0.54 -11.1111111111111 -1224.18677643752
0.555 -3.42342342342342 -1227.61019986095
0.512 -8.984375 -1236.59457486095
0.532 -4.88721804511278 -1241.48179290606
0.522 -10.727969348659 -1252.20976225472
0.557 -16.6965888689408 -1268.90635112366
0.532 -3.38345864661654 -1272.28980977028
0.545 -7.88990825688073 -1280.17971802716
0.559 -6.97674418604651 -1287.1564622132
0.495 -8.28282828282828 -1295.43929049603
0.521 -13.2437619961612 -1308.68305249219
0.528 -7.57575757575758 -1316.25881006795
0.518 -0.386100386100386 -1316.64491045405
0.569 -1.23022847100176 -1317.87513892505
0.568 -3.16901408450704 -1321.04415300956
0.507 -2.56410256410256 -1323.60825557366
0.512 -7.8125 -1331.42075557366
0.499 -3.80761523046092 -1335.22837080412
0.518 -8.49420849420849 -1343.72257929833
0.543 7.55064456721915 -1336.17193473111
0.539 -8.34879406307978 -1344.52072879419
0.507 -14.3984220907298 -1358.91915088492
0.521 -5.56621880998081 -1364.4853696949
0.536 -8.58208955223881 -1373.06745924714
0.522 -8.04597701149425 -1381.11343625864
0.504 -5.15873015873016 -1386.27216641737
0.55 -4.72727272727273 -1390.99943914464
0.533 2.06378986866792 -1388.93564927597
0.53 -7.92452830188679 -1396.86017757786
0.519 -12.52408477842 -1409.38426235628
0.526 -8.74524714828897 -1418.12950950457
0.525 -10.4761904761905 -1428.60569998076
0.532 -9.02255639097744 -1437.62825637174
0.525 2.85714285714286 -1434.77111351459
0.523 -2.48565965583174 -1437.25677317042
0.575 -4.34782608695652 -1441.60459925738
0.599 -5.17529215358932 -1446.77989141097
0.527 -7.40037950664137 -1454.18027091761
0.519 -9.82658959537572 -1464.00686051299
0.556 -6.11510791366906 -1470.12196842666
0.487 -10.4722792607803 -1480.59424768744
0.536 -0.373134328358209 -1480.96738201579
0.53 -11.6981132075472 -1492.66549522334
0.511 -0.978473581213307 -1493.64396880456
0.518 -3.86100386100386 -1497.50497266556
0.532 -1.12781954887218 -1498.63279221443
0.506 -4.34782608695652 -1502.98061830139
0.499 -3.40681362725451 -1506.38743192864
0.55 -8 -1514.38743192864
0.515 -5.63106796116505 -1520.01849988981
0.545 -2.01834862385321 -1522.03684851366
0.533 0.938086303939963 -1521.09876220972
0.55 -8.36363636363636 -1529.46239857336
0.48 -5 -1534.46239857336
0.498 0.803212851405622 -1533.65918572195
0.518 -8.10810810810811 -1541.76729383006
0.508 -6.69291338582677 -1548.46020721589
0.534 -10.4868913857678 -1558.94709860165
0.525 -10.0952380952381 -1569.04233669689
0.481 -1.45530145530146 -1570.49763815219
0.486 -6.17283950617284 -1576.67047765837
0.543 -1.28913443830571 -1577.95961209667
0.531 3.95480225988701 -1574.00480983678
0.499 -4.20841683366733 -1578.21322667045
0.518 -1.15830115830116 -1579.37152782875
0.508 -0.393700787401575 -1579.76522861615
0.512 -5.078125 -1584.84335361615
0.538 -2.23048327137546 -1587.07383688753
0.471 7.00636942675159 -1580.06746746078
0.518 5.79150579150579 -1574.27596166927
0.563 -10.1243339253996 -1584.40029559467
0.533 5.81613508442777 -1578.58416051025
0.546 -5.86080586080586 -1584.44496637105
0.549 -6.01092896174863 -1590.4558953328
0.482 -4.149377593361 -1594.60527292616
0.506 -1.97628458498024 -1596.58155751114
0.498 -0.401606425702811 -1596.98316393684
0.502 -4.38247011952191 -1601.36563405637
0.478 -5.85774058577406 -1607.22337464214
0.513 -4.48343079922027 -1611.70680544136
0.529 -8.12854442344045 -1619.8353498648
0.542 -9.22509225092251 -1629.06044211572
0.486 -1.23456790123457 -1630.29501001696
0.51 -3.52941176470588 -1633.82442178166
0.495 -11.1111111111111 -1644.93553289277
0.564 -5.31914893617021 -1650.25468182894
0.505 0.594059405940594 -1649.660622423
0.502 -7.56972111553785 -1657.23034353854
0.543 -12.707182320442 -1669.93752585898
0.522 -13.7931034482759 -1683.73062930726
0.535 -15.5140186915888 -1699.24464799885
0.532 -9.77443609022556 -1709.01908408907
0.53 -11.6981132075472 -1720.71719729662
0.508 -7.08661417322835 -1727.80381146985
0.522 -4.98084291187739 -1732.78465438173
0.543 -10.1289134438306 -1742.91356782556
0.488 -1.22950819672131 -1744.14307602228
0.518 -6.17760617760618 -1750.32068219988
0.518 -8.88030888030888 -1759.20099108019
0.512 -6.640625 -1765.84161608019
0.517 -12.5725338491296 -1778.41414992932
0.495 -0.202020202020202 -1778.61617013134
0.539 -13.9146567717996 -1792.53082690314
0.525 -7.80952380952381 -1800.34035071267
0.51 -14.1176470588235 -1814.45799777149
0.488 -6.14754098360656 -1820.6055387551
0.496 -12.5 -1833.1055387551
0.485 3.50515463917526 -1829.60038411592
0.513 -1.364522417154 -1830.96490653308
0.524 -11.8320610687023 -1842.79696760178
0.497 -9.85915492957746 -1852.65612253136
0.519 -7.12909441233141 -1859.78521694369
0.506 -1.18577075098814 -1860.97098769468
0.511 -4.50097847358121 -1865.47196616826
0.528 -6.06060606060606 -1871.53257222886
0.525 -4.38095238095238 -1875.91352460981
0.479 -6.88935281837161 -1882.80287742819
0.513 -4.48343079922027 -1887.28630822741
0.5 0 -1887.28630822741
0.483 -0.20703933747412 -1887.49334756488
0.497 -6.63983903420523 -1894.13318659909
0.517 -11.4119922630561 -1905.54517886214
0.483 1.44927536231884 -1904.09590349982
0.529 -8.88468809073724 -1912.98059159056
0.505 -1.78217821782178 -1914.76276980838
0.516 3.10077519379845 -1911.66199461458
0.516 -3.87596899224806 -1915.53796360683
0.518 -6.17760617760618 -1921.71556978444
0.521 -8.25335892514395 -1929.96892870958
0.508 1.96850393700787 -1928.00042477257
0.51 -1.96078431372549 -1929.9612090863
0.532 1.8796992481203 -1928.08150983818
0.526 4.56273764258555 -1923.51877219559
0.514 -8.17120622568093 -1931.68997842127
0.504 -10.7142857142857 -1942.40426413556
0.518 -6.17760617760618 -1948.58187031317
0.521 -16.3147792706334 -1964.8966495838
0.485 -11.340206185567 -1976.23685576937
0.542 -8.85608856088561 -1985.09294433025
0.512 -12.109375 -1997.20231933025
0.528 -14.7727272727273 -2011.97504660298
0.489 1.02249488752556 -2010.95255171545
0.536 -6.71641791044776 -2017.6689696259
0.52 3.84615384615385 -2013.82281577975
0.475 3.57894736842105 -2010.24386841133
0.519 0.578034682080925 -2009.66583372925
0.533 -6.94183864915572 -2016.6076723784
0.488 -2.45901639344262 -2019.06668877184
0.52 -5.38461538461539 -2024.45130415646
0.51 -5.88235294117647 -2030.33365709764
0.55 -6.18181818181818 -2036.51547527945
0.508 -11.4173228346457 -2047.9327981141
0.497 4.62776659959759 -2043.3050315145
0.522 -2.68199233716475 -2045.98702385167
0.528 -1.13636363636364 -2047.12338748803
0.51 -1.17647058823529 -2048.29985807627
0.519 -3.66088631984586 -2051.96074439611
0.487 -8.0082135523614 -2059.96895794847
0.516 -5.42635658914729 -2065.39531453762
0.512 -13.671875 -2079.06718953762
0.515 0.194174757281553 -2078.87301478034
0.54 1.85185185185185 -2077.02116292849
0.488 -3.27868852459016 -2080.29985145308
0.498 -6.02409638554217 -2086.32394783862
0.515 -4.85436893203883 -2091.17831677066
0.524 -11.8320610687023 -2103.01037783936
0.533 -10.6941838649156 -2113.70456170428
0.526 -5.32319391634981 -2119.02775562063
0.532 -7.89473684210526 -2126.92249246273
0.507 -9.27021696252466 -2136.19270942526
0.521 -12.4760076775432 -2148.6687171028
0.523 -4.39770554493308 -2153.06642264773
0.498 -2.00803212851406 -2155.07445477625
0.503 -5.36779324055666 -2160.4422480168
0.545 4.58715596330275 -2155.8550920535
0.539 -7.23562152133581 -2163.09071357484
0.526 -7.22433460076046 -2170.3150481756
0.511 -12.3287671232877 -2182.64381529888
0.51 -6.66666666666667 -2189.31048196555
0.521 -4.79846449136276 -2194.10894645691
0.497 -7.04225352112676 -2201.15119997804
0.494 -3.64372469635628 -2204.7949246744
0.525 -8.57142857142857 -2213.36635324583
0.528 -0.757575757575758 -2214.1239290034
0.517 1.74081237911025 -2212.38311662429
0.5 -6.8 -2219.18311662429
0.524 0.381679389312977 -2218.80143723498
0.513 6.4327485380117 -2212.36868869697
0.487 -0.616016427104723 -2212.98470512407
0.52 2.30769230769231 -2210.67701281638
0.495 -1.01010101010101 -2211.68711382648
0.506 -5.13833992094862 -2216.82545374743
0.495 -6.26262626262626 -2223.08808001005
0.519 -7.51445086705202 -2230.60253087711
0.506 -10.6719367588933 -2241.274467636
0.525 -4.38095238095238 -2245.65542001695
0.601 2.49584026622296 -2243.15957975073
0.574 4.8780487804878 -2238.28153097024
0.556 -7.9136690647482 -2246.19520003499
0.525 -5.90476190476191 -2252.09996193975
0.536 0.373134328358209 -2251.72682761139
0.514 -0.389105058365759 -2252.11593266976
0.515 -6.40776699029126 -2258.52369966005
0.537 -0.558659217877095 -2259.08235887793
0.547 0.182815356489945 -2258.89954352144
0.518 -6.56370656370656 -2265.46325008514
0.515 1.35922330097087 -2264.10402678417
0.51 -4.31372549019608 -2268.41775227437
0.496 0 -2268.41775227437
0.534 -0.749063670411985 -2269.16681594478
0.53 -11.6981132075472 -2280.86492915233
0.534 -3.37078651685393 -2284.23571566918
0.534 -2.24719101123596 -2286.48290668042
0.521 -6.33397312859885 -2292.81687980902
0.544 -3.30882352941176 -2296.12570333843
0.519 -10.2119460500963 -2306.33764938853
0.533 -6.56660412757974 -2312.90425351611
0.511 -7.6320939334638 -2320.53634744957
0.563 -2.30905861456483 -2322.84540606413
0.501 -8.98203592814371 -2331.82744199228
0.539 -6.49350649350649 -2338.32094848578
0.501 -3.39321357285429 -2341.71416205864
0.569 -10.7205623901582 -2352.4347244488
0.506 -10.6719367588933 -2363.10666120769
0.53 -14.7169811320755 -2377.82364233977
0.545 -4.22018348623853 -2382.043825826
0.555 -0.900900900900901 -2382.9447267269
0.533 -0.187617260787992 -2383.13234398769
0.518 3.08880308880309 -2380.04354089889
0.564 -1.77304964539007 -2381.81659054428
0.529 8.88468809073724 -2372.93190245354
0.522 6.89655172413793 -2366.0353507294
0.55 5.45454545454545 -2360.58080527486
0.53 2.64150943396226 -2357.9392958409
0.477 1.88679245283019 -2356.05250338807
0.475 1.05263157894737 -2354.99987180912
0.498 0.401606425702811 -2354.59826538342
0.501 -1.39720558882236 -2355.99547097224
0.507 1.38067061143984 -2354.6148003608
0.536 8.2089552238806 -2346.40584513692
0.524 -7.25190839694656 -2353.65775353386
0.556 1.79856115107914 -2351.85919238279
0.509 -9.23379174852652 -2361.09298413131
0.512 -12.109375 -2373.20235913131
0.501 -5.38922155688623 -2378.5915806882
0.503 -10.1391650099404 -2388.73074569814
0.491 -1.42566191446029 -2390.1564076126
0.537 -2.04841713221601 -2392.20482474482
0.525 -4.76190476190476 -2396.96672950672
0.526 -11.0266159695817 -2407.9933454763
0.537 -5.77281191806332 -2413.76615739437
0.487 4.72279260780287 -2409.04336478656
0.557 12.0287253141831 -2397.01463947238
0.548 -3.64963503649635 -2400.66427450888
0.547 -1.27970749542962 -2401.9439820043
0.526 -9.1254752851711 -2411.06945728948
0.54 -7.03703703703704 -2418.10649432651
0.544 -8.08823529411765 -2426.19472962063
0.553 -1.26582278481013 -2427.46055240544
0.519 -0.578034682080925 -2428.03858708752
0.536 -4.1044776119403 -2432.14306469946
0.538 -6.69144981412639 -2438.83451451359
0.541 0.184842883548983 -2438.64967163004
0.533 -0.562851782363977 -2439.2125234124
0.551 -3.08529945553539 -2442.29782286794
0.48 6.66666666666667 -2435.63115620127
0.497 -5.43259557344064 -2441.06375177471
0.511 -8.02348336594912 -2449.08723514066
0.518 -8.88030888030888 -2457.96754402097
0.527 -0.94876660341556 -2458.91631062439
0.473 -5.70824524312896 -2464.62455586752
0.484 -2.06611570247934 -2466.69067156999
0.51 -9.01960784313725 -2475.71027941313
0.497 -7.44466800804829 -2483.15494742118
0.517 0.58027079303675 -2482.57467662814
0.491 -6.72097759674134 -2489.29565422488
0.508 -12.5984251968504 -2501.89407942174
0.499 -15.0300601202405 -2516.92413954198
0.529 -6.99432892249527 -2523.91846846447
0.478 2.92887029288703 -2520.98959817158
0.497 -8.65191146881288 -2529.6415096404
0.511 -6.0665362035225 -2535.70804584392
0.509 -6.48330058939096 -2542.19134643331
0.489 -6.33946830265849 -2548.53081473597
0.525 -4.38095238095238 -2552.91176711692
0.488 -8.60655737704918 -2561.51832449397
0.496 -8.87096774193548 -2570.38929223591
0.52 -11.5384615384615 -2581.92775377437
0.522 -3.83141762452107 -2585.75917139889
0.511 -10.7632093933464 -2596.52238079223
0.496 -10.8870967741935 -2607.40947756643
0.509 -8.84086444007858 -2616.25034200651
0.503 -0.596421471172962 -2616.84676347768
0.506 -3.16205533596838 -2620.00881881365
0.536 -1.86567164179104 -2621.87449045544
0.532 -1.50375939849624 -2623.37824985394
0.525 -2.47619047619048 -2625.85444033013
0.48 -2.5 -2628.35444033013
0.53 -13.2075471698113 -2641.56198749994
0.565 -8.67256637168142 -2650.23455387162
0.533 -0.562851782363977 -2650.79740565398
0.5 -3.2 -2653.99740565398
0.536 -10.4477611940299 -2664.44516684801
0.545 3.85321100917431 -2660.59195583884
0.527 3.2258064516129 -2657.36614938723
0.535 -2.42990654205607 -2659.79605592928
0.53 1.88679245283019 -2657.90926347645
0.513 1.364522417154 -2656.5447410593
0.52 1.53846153846154 -2655.00627952084
0.539 -12.8014842300557 -2667.80776375089
0.534 -0.749063670411985 -2668.5568274213
0.523 -2.48565965583174 -2671.04248707714
0.507 0.19723865877712 -2670.84524841836
0.537 -5.77281191806332 -2676.61806033642
0.505 -4.55445544554455 -2681.17251578197
0.543 -1.28913443830571 -2682.46165022027
0.536 -2.23880597014925 -2684.70045619042
0.501 -2.9940119760479 -2687.69446816647
0.559 -8.05008944543828 -2695.74455761191
0.524 -6.87022900763359 -2702.61478661954
0.507 -4.93096646942801 -2707.54575308897
0.51 -5.88235294117647 -2713.42810603015
0.504 -1.98412698412698 -2715.41223301427
0.544 -7.35294117647059 -2722.76517419074
0.524 -3.81679389312977 -2726.58196808387
0.49 -5.71428571428571 -2732.29625379816
0.5 -9.2 -2741.49625379816
0.511 0.587084148727984 -2740.90916964943
0.557 -6.6427289048474 -2747.55189855428
0.518 -4.63320463320463 -2752.18510318748
0.521 -7.48560460652591 -2759.67070779401
0.513 -15.009746588694 -2774.6804543827
0.512 -9.375 -2784.0554543827
0.528 -5.3030303030303 -2789.35848468573
0.537 -2.79329608938547 -2792.15178077512
0.516 -8.52713178294574 -2800.67891255806
0.509 -9.62671905697446 -2810.30563161504
0.532 -3.7593984962406 -2814.06503011128
0.511 -2.15264187866928 -2816.21767198995
0.556 -7.9136690647482 -2824.1313410547
0.528 -5.68181818181818 -2829.81315923651
0.553 -5.60578661844485 -2835.41894585496
0.497 -6.63983903420523 -2842.05878488916
0.515 -10.2912621359223 -2852.35004702509
0.517 -14.1199226305609 -2866.46996965565
0.481 -9.35550935550935 -2875.82547901116
0.468 -1.28205128205128 -2877.10753029321
0.5 -12.8 -2889.90753029321
0.488 -16.3934426229508 -2906.30097291616
0.555 -12.0720720720721 -2918.37304498823
0.532 -12.406015037594 -2930.77906002582
0.508 -5.90551181102362 -2936.68457183685
0.532 1.50375939849624 -2935.18081243835
0.527 -1.32827324478178 -2936.50908568313
0.56 3.92857142857143 -2932.58051425456
0.468 -2.99145299145299 -2935.57196724602
0.522 -2.29885057471264 -2937.87081782073
0.494 7.28744939271255 -2930.58336842802
0.507 -5.32544378698225 -2935.908812215
0.515 -8.3495145631068 -2944.25832677811
0.514 5.83657587548638 -2938.42175090262
0.52 3.46153846153846 -2934.96021244108
0.488 -1.63934426229508 -2936.59955670338
0.503 0.99403578528827 -2935.60552091809
0.479 -6.88935281837161 -2942.49487373646
0.496 -2.41935483870968 -2944.91422857517
0.538 -12.2676579925651 -2957.18188656773
0.503 -5.36779324055666 -2962.54967980829
0.482 -11.2033195020747 -2973.75299931036
0.532 -7.89473684210526 -2981.64773615247
0.502 -9.9601593625498 -2991.60789551502
0.484 -4.95867768595041 -2996.56657320097
0.513 -4.87329434697856 -3001.43986754795
0.515 -1.74757281553398 -3003.18744036348
0.518 -3.86100386100386 -3007.04844422449
0.534 -2.62172284644195 -3009.67016707093
0.538 -4.83271375464684 -3014.50288082558
0.555 -8.10810810810811 -3022.61098893368
0.504 -6.34920634920635 -3028.96019528289
0.525 -4.38095238095238 -3033.34114766384
0.521 -6.71785028790787 -3040.05899795175
0.538 1.85873605947955 -3038.20026189227
0.5 -4.4 -3042.60026189227
0.527 -8.91840607210626 -3051.51866796438
0.497 -1.81086519114688 -3053.32953315552
0.503 5.76540755467197 -3047.56412560085
0.479 -7.72442588726514 -3055.28855148812
0.49 -3.6734693877551 -3058.96202087587
0.549 -3.09653916211293 -3062.05856003798
0.482 -0.4149377593361 -3062.47349779732
0.497 -2.21327967806841 -3064.68677747539
0.522 -3.83141762452107 -3068.51819509991
0.496 -8.87096774193548 -3077.38916284185
0.503 -15.7057654075547 -3093.0949282494
0.505 -7.32673267326733 -3100.42166092267
0.514 -8.56031128404669 -3108.98197220671
0.534 -9.73782771535581 -3118.71979992207
0.515 -14.1747572815534 -3132.89455720362
0.484 -4.54545454545455 -3137.44001174908
0.507 -8.48126232741617 -3145.92127407649
0.488 -20.9016393442623 -3166.82291342076
0.514 -6.22568093385214 -3173.04859435461
0.504 -11.9047619047619 -3184.95335625937
0.518 -5.01930501930502 -3189.97266127868
0.478 -9.6234309623431 -3199.59609224102
0.488 -10.655737704918 -3210.25182994594
0.52 -9.23076923076923 -3219.48259917671
0.493 -6.69371196754564 -3226.17631114425
0.514 -5.83657587548638 -3232.01288701974
0.487 -5.13347022587269 -3237.14635724561
0.492 -4.0650406504065 -3241.21139789602
0.501 -13.373253493014 -3254.58465138903
0.533 -10.3189493433396 -3264.90360073237
0.448 -5.80357142857143 -3270.70717216094
0.527 0.569259962049336 -3270.13791219889
0.51 1.96078431372549 -3268.17712788517
0.503 -8.15109343936382 -3276.32822132453
0.51 7.05882352941176 -3269.26939779512
0.495 -6.26262626262626 -3275.53202405775
0.511 -7.24070450097847 -3282.77272855872
0.494 -10.1214574898785 -3292.8941860486
0.48 -6.25 -3299.1441860486
0.45 -4.44444444444444 -3303.58863049305
0.504 -11.1111111111111 -3314.69974160416
0.557 -3.77019748653501 -3318.46993909069
0.518 -1.15830115830116 -3319.62824024899
0.54 -8.88888888888889 -3328.51712913788
0.537 2.79329608938547 -3325.7238330485
0.501 -3.39321357285429 -3329.11704662135
0.476 4.20168067226891 -3324.91536594908
0.497 -13.8832997987928 -3338.79866574788
0.519 -4.81695568400771 -3343.61562143188
0.496 -5.24193548387097 -3348.85755691575
0.475 -8.63157894736842 -3357.48913586312
0.473 -4.86257928118393 -3362.35171514431
0.516 -9.30232558139535 -3371.6540407257
0.503 2.5844930417495 -3369.06954768395
0.501 2.19560878243513 -3366.87393890152
0.496 2.01612903225806 -3364.85780986926
0.522 -3.06513409961686 -3367.92294396888
0.477 8.59538784067086 -3359.32755612821
0.511 4.89236790606654 -3354.43518822214
0.536 2.61194029850746 -3351.82324792363
0.482 5.39419087136929 -3346.42905705226
0.513 4.48343079922027 -3341.94562625304
0.532 4.88721804511278 -3337.05840820793
0.507 2.56410256410256 -3334.49430564383
0.506 -1.18577075098814 -3335.68007639481
0.478 -8.36820083682008 -3344.04827723163
0.476 6.72268907563025 -3337.325588156
0.504 0 -3337.325588156
0.492 6.50406504065041 -3330.82152311535
0.491 14.867617107943 -3315.95390600741
0.481 1.87110187110187 -3314.08280413631
0.522 0.766283524904215 -3313.31652061141
0.494 10.5263157894737 -3302.79020482193
0.513 11.1111111111111 -3291.67909371082
0.489 -0.613496932515337 -3292.29259064334
0.507 5.71992110453649 -3286.5726695388
0.503 9.34393638170974 -3277.22873315709
0.487 6.36550308008214 -3270.86323007701
0.511 8.02348336594912 -3262.83974671106
0.509 -3.33988212180747 -3266.17962883287
0.504 5.95238095238095 -3260.22724788049
0.532 4.13533834586466 -3256.09190953462
0.529 6.61625708884688 -3249.47565244577
0.491 2.24032586558045 -3247.23532658019
0.518 -9.65250965250965 -3256.8878362327
0.504 -3.96825396825397 -3260.85609020096
0.52 4.61538461538461 -3256.24070558557
0.5 -1.2 -3257.44070558557
0.517 2.51450676982592 -3254.92619881575
0.485 3.09278350515464 -3251.83341531059
0.484 1.65289256198347 -3250.18052274861
0.486 -4.11522633744856 -3254.29574908606
0.483 13.0434782608696 -3241.25227082519
0.506 1.58102766798419 -3239.6712431572
0.458 5.67685589519651 -3233.99438726201
0.511 1.36986301369863 -3232.62452424831
0.503 10.5367793240557 -3222.08774492425
0.49 1.63265306122449 -3220.45509186303
0.518 2.31660231660232 -3218.13848954643
0.504 6.74603174603175 -3211.39245780039
0.535 -0.934579439252336 -3212.32703723965
0.52 0 -3212.32703723965
0.506 10.6719367588933 -3201.65510048075
0.505 12.4752475247525 -3189.179852956
0.487 6.36550308008214 -3182.81434987592
0.504 -2.38095238095238 -3185.19530225687
0.477 0.209643605870021 -3184.985658651
0.513 12.280701754386 -3172.70495689661
0.506 8.300395256917 -3164.4045616397
0.519 2.89017341040462 -3161.51438822929
0.51 1.96078431372549 -3159.55360391557
0.481 6.44490644490644 -3153.10869747066
0.534 13.1086142322097 -3140.00008323845
0.514 10.8949416342412 -3129.10514160421
0.52 -0.384615384615385 -3129.48975698883
0.47 5.53191489361702 -3123.95784209521
0.488 -1.63934426229508 -3125.5971863575
0.472 -7.6271186440678 -3133.22430500157
0.464 21.551724137931 -3111.67258086364
0.445 9.21348314606742 -3102.45909771757
0.475 0.210526315789474 -3102.24857140178
0.483 -1.44927536231884 -3103.6978467641
0.507 3.74753451676529 -3099.95031224734
0.495 6.66666666666667 -3093.28364558067
0.517 2.51450676982592 -3090.76913881084
0.517 1.35396518375242 -3089.41517362709
0.516 8.52713178294574 -3080.88804184415
0.489 7.97546012269939 -3072.91258172145
0.513 9.16179337231969 -3063.75078834913
0.534 8.23970037453184 -3055.51108797459
0.517 8.31721470019342 -3047.1938732744
0.507 12.4260355029586 -3034.76783777144
0.496 12.0967741935484 -3022.67106357789
0.506 8.69565217391304 -3013.97541140398
0.49 13.469387755102 -3000.50602364888
0.491 11.2016293279022 -2989.30439432098
0.489 11.2474437627812 -2978.0569505582
0.517 11.4119922630561 -2966.64495829514
0.497 11.0663983903421 -2955.5785599048
0.521 2.87907869481766 -2952.69948120998
0.514 7.00389105058366 -2945.6955901594
0.513 9.55165692007797 -2936.14393323932
0.53 12.8301886792453 -2923.31374456007
0.529 10.7750472589792 -2912.53869730109
0.523 8.22179732313576 -2904.31689997796
0.519 6.74373795761079 -2897.57316202035
0.512 13.671875 -2883.90128702035
0.512 3.515625 -2880.38566202035
0.51 -3.92156862745098 -2884.3072306478
0.506 10.6719367588933 -2873.63529388891
0.499 1.40280561122244 -2872.23248827768
0.489 7.15746421267894 -2865.075024065
0.525 6.66666666666667 -2858.40835739834
0.503 17.2962226640159 -2841.11213473432
0.511 12.720156555773 -2828.39197817855
0.514 0.778210116731518 -2827.61376806182
0.508 12.992125984252 -2814.62164207756
0.524 9.54198473282443 -2805.07965734474
0.517 4.44874274661509 -2800.63091459813
0.508 14.9606299212598 -2785.67028467687
0.523 3.63288718929254 -2782.03739748757
0.525 -1.71428571428571 -2783.75168320186
0.532 7.89473684210526 -2775.85694635975
0.547 8.22669104204753 -2767.63025531771
0.538 16.728624535316 -2750.90163078239
0.528 0.757575757575758 -2750.14405502481
0.475 4 -2746.14405502481
0.514 -6.22568093385214 -2752.36973595867
0.518 8.88030888030888 -2743.48942707836
0.54 11.8518518518519 -2731.63757522651
0.523 3.63288718929254 -2728.00468803721
0.563 3.01953818827709 -2724.98514984894
0.529 -1.70132325141777 -2726.68647310035
0.516 5.03875968992248 -2721.64771341043
0.517 5.99613152804642 -2715.65158188239
0.541 5.36044362292052 -2710.29113825946
0.514 6.6147859922179 -2703.67635226725
0.491 11.2016293279022 -2692.47472293934
0.532 10.9022556390977 -2681.57246730025
0.535 14.7663551401869 -2666.80611216006
0.534 8.23970037453184 -2658.56641178553
0.567 4.40917107583774 -2654.15724070969
0.524 1.90839694656489 -2652.24884376313
0.519 -0.963391136801541 -2653.21223489993
0.464 6.89655172413793 -2646.31568317579
0.453 -9.49227373068433 -2655.80795690647
0.532 2.63157894736842 -2653.1763779591
0.555 -2.34234234234234 -2655.51872030145
0.553 3.07414104882459 -2652.44457925262
0.482 4.9792531120332 -2647.46532614059
0.551 9.61887477313975 -2637.84645136745
0.521 8.25335892514395 -2629.59309244231
0.523 11.2810707456979 -2618.31202169661
0.514 3.11284046692607 -2615.19918122968
0.503 4.57256461232604 -2610.62661661736
0.526 -1.14068441064639 -2611.767301028
0.521 3.6468330134357 -2608.12046801457
0.516 3.87596899224806 -2604.24449902232
0.548 15.3284671532847 -2588.91603186903
0.525 2.0952380952381 -2586.8207937738
0.515 6.01941747572816 -2580.80137629807
0.503 -0.99403578528827 -2581.79541208336
0.509 -2.16110019646365 -2583.95651227982
0.507 2.9585798816568 -2580.99793239816
0.483 6.41821946169772 -2574.57971293646
0.532 1.50375939849624 -2573.07595353797
0.521 3.26295585412668 -2569.81299768384
0.506 -6.71936758893281 -2576.53236527277
0.468 3.84615384615385 -2572.68621142662
0.524 6.48854961832061 -2566.1976618083
0.512 5.46875 -2560.7289118083
0.526 -0.380228136882129 -2561.10913994518
0.514 8.17120622568093 -2552.9379337195
0.518 5.79150579150579 -2547.146427928
0.51 7.45098039215686 -2539.69544753584
0.522 0.383141762452107 -2539.31230577339
0.526 6.84410646387833 -2532.46819930951
0.491 4.68431771894094 -2527.78388159057
0.535 5.04672897196262 -2522.7371526186
0.535 3.92523364485981 -2518.81191897374
0.511 -2.93542074363992 -2521.74733971738
0.509 -1.37524557956778 -2523.12258529695
0.497 -5.03018108651911 -2528.15276638347
0.505 2.97029702970297 -2525.18246935377
0.522 5.74712643678161 -2519.43534291699
0.528 3.03030303030303 -2516.40503988668
0.505 2.57425742574257 -2513.83078246094
0.455 2.41758241758242 -2511.41320004336
0.518 6.17760617760618 -2505.23559386575
0.493 8.31643002028398 -2496.91916384547
0.487 3.08008213552361 -2493.83908170995
0.495 -2.62626262626263 -2496.46534433621
0.535 5.79439252336449 -2490.67095181284
0.532 8.27067669172932 -2482.40027512111
0.503 1.39165009940358 -2481.00862502171
0.529 7.75047258979206 -2473.25815243192
0.527 3.60531309297913 -2469.65283933894
0.514 5.83657587548638 -2463.81626346345
0.505 4.55445544554455 -2459.26180801791
0.557 8.79712746858169 -2450.46468054933
0.549 13.2969034608379 -2437.16777708849
0.513 10.3313840155945 -2426.83639307289
0.483 4.34782608695652 -2422.48856698594
0.521 5.18234165067178 -2417.30622533527
0.48 10 -2407.30622533527
0.519 9.44123314065511 -2397.86499219461
0.498 3.21285140562249 -2394.65214078899
0.503 0.99403578528827 -2393.6581050037
0.523 8.60420650095602 -2385.05389850274
0.547 -0.182815356489945 -2385.23671385923
0.52 4.61538461538461 -2380.62132924385
0.535 4.29906542056075 -2376.32226382329
0.489 2.65848670756646 -2373.66377711572
0.535 1.30841121495327 -2372.35536590077
0.519 15.2215799614644 -2357.1337859393
0.481 -4.78170478170478 -2361.91549072101
0.518 5.79150579150579 -2356.1239849295
0.536 10.0746268656716 -2346.04935806383
0.502 3.98406374501992 -2342.06529431881
0.525 1.33333333333333 -2340.73196098548
0.51 4.31372549019608 -2336.41823549528
0.498 11.2449799196787 -2325.1732555756
0.458 -1.31004366812227 -2326.48329924373
0.541 -4.62107208872458 -2331.10437133245
0.52 -0.769230769230769 -2331.87360210168
0.514 -4.28015564202335 -2336.1537577437
0.512 0 -2336.1537577437
0.543 3.86740331491713 -2332.28635442879
0.527 -3.60531309297913 -2335.89166752177
0.506 -3.95256916996047 -2339.84423669173
0.493 -5.47667342799189 -2345.32091011972
0.518 1.54440154440154 -2343.77650857532
0.52 3.07692307692308 -2340.69958549839
0.452 12.8318584070796 -2327.86772709131
0.51 -2.74509803921569 -2330.61282513053
0.536 8.95522388059701 -2321.65760124993
0.501 7.38522954091816 -2314.27237170902
0.496 7.25806451612903 -2307.01430719289
0.52 1.15384615384615 -2305.86046103904
0.526 2.28136882129278 -2303.57909221775
0.51 -4.31372549019608 -2307.89281770794
0.5 0.8 -2307.09281770794
0.517 4.06189555125725 -2303.03092215669
0.517 7.54352030947776 -2295.48740184721
0.537 -0.186219739292365 -2295.6736215865
0.531 2.82485875706215 -2292.84876282944
0.491 11.2016293279022 -2281.64713350154
0.532 10.5263157894737 -2271.12081771206
0.542 0.738007380073801 -2270.38281033199
0.511 0.195694716242661 -2270.18711561575
0.498 3.21285140562249 -2266.97426421012
0.527 2.46679316888046 -2264.50747104124
0.524 6.87022900763359 -2257.63724203361
0.525 7.80952380952381 -2249.82771822409
0.511 -2.5440313111546 -2252.37174953524
0.516 -5.42635658914729 -2257.79810612439
0.508 10.2362204724409 -2247.56188565195
0.505 9.30693069306931 -2238.25495495888
0.527 14.6110056925996 -2223.64394926628
0.514 3.89105058365759 -2219.75289868262
0.502 2.78884462151394 -2216.96405406111
0.52 1.15384615384615 -2215.81020790726
0.519 5.20231213872832 -2210.60789576853
0.511 11.545988258317 -2199.06190751021
0.519 -4.43159922928709 -2203.4935067395
0.509 6.8762278978389 -2196.61727884166
0.498 4.01606425702811 -2192.60121458463
0.525 -0.19047619047619 -2192.79169077511
0.54 -2.96296296296296 -2195.75465373807
0.516 2.32558139534884 -2193.42907234273
0.489 7.56646216768916 -2185.86261017504
0.502 3.58565737051793 -2182.27695280452
0.505 10.8910891089109 -2171.38586369561
0.543 6.44567219152855 -2164.94019150408
0.529 -1.70132325141777 -2166.6415147555
0.539 8.71985157699443 -2157.9216631785
0.52 15 -2142.9216631785
0.556 8.99280575539568 -2133.92885742311
0.53 1.50943396226415 -2132.41942346084
0.527 -1.70777988614801 -2134.12720334699
0.508 -0.78740157480315 -2134.91460492179
0.493 9.53346855983773 -2125.38113636196
0.503 10.5367793240557 -2114.8443570379
0.492 10.9756097560976 -2103.8687472818
0.507 13.2149901380671 -2090.65375714374
0.544 7.35294117647059 -2083.30081596726
0.513 9.94152046783626 -2073.35929549943
0.5 3.2 -2070.15929549943
0.472 10.1694915254237 -2059.989803974
0.517 5.99613152804642 -2053.99367244596
0.52 -2.30769230769231 -2056.30136475365
0.511 -0.587084148727984 -2056.88844890238
0.503 8.15109343936382 -2048.73735546301
0.507 12.8205128205128 -2035.9168426425
0.525 7.04761904761905 -2028.86922359488
0.517 1.74081237911025 -2027.12841121577
0.528 4.54545454545455 -2022.58295667032
0.525 7.42857142857143 -2015.15438524175
0.5 7.6 -2007.55438524175
0.497 9.45674044265593 -1998.09764479909
0.52 2.69230769230769 -1995.40533710678
0.535 -7.66355140186916 -2003.06888850865
0.525 2.85714285714286 -2000.21174565151
0.492 9.75609756097561 -1990.45564809053
0.494 5.66801619433198 -1984.7876318962
0.516 4.65116279069767 -1980.1364691055
0.497 8.65191146881288 -1971.48455763669
0.521 -2.49520153550864 -1973.9797591722
0.493 11.1561866125761 -1962.82357255962
0.544 5.14705882352941 -1957.67651373609
0.5 7.6 -1950.07651373609
0.545 8.99082568807339 -1941.08568804802
0.532 5.26315789473684 -1935.82253015328
0.527 8.53889943074004 -1927.28363072254
0.544 5.88235294117647 -1921.40127778137
0.516 8.13953488372093 -1913.26174289765
0.516 5.03875968992248 -1908.22298320772
0.537 6.14525139664805 -1902.07773181108
0.524 9.54198473282443 -1892.53574707825
0.516 7.75193798449612 -1884.78380909376
0.537 9.86964618249534 -1874.91416291126
0.502 2.78884462151394 -1872.12531828975
0.517 6.38297872340426 -1865.74233956634
0.525 13.1428571428571 -1852.59948242348
0.53 9.81132075471698 -1842.78816166877
0.531 1.31826741996234 -1841.46989424881
0.515 -0.194174757281553 -1841.66406900609
0.514 12.4513618677043 -1829.21270713838
0.547 4.93601462522852 -1824.27669251315
0.546 9.89010989010989 -1814.38658262304
0.519 7.51445086705202 -1806.87213175599
0.525 11.6190476190476 -1795.25308413694
0.517 2.12765957446809 -1793.12542456248
0.56 10.7142857142857 -1782.41113884819
0.49 6.12244897959184 -1776.2886898686
0.491 1.42566191446029 -1774.86302795414
0.549 4.18943533697632 -1770.67359261716
0.529 2.83553875236295 -1767.8380538648
0.565 3.36283185840708 -1764.47522200639
0.54 4.44444444444444 -1760.03077756195
0.54 4.44444444444444 -1755.5863331175
0.586 -5.11945392491468 -1760.70578704242
0.536 4.47761194029851 -1756.22817510212
0.517 5.60928433268859 -1750.61889076943
0.485 11.7525773195876 -1738.86631344984
0.483 9.73084886128364 -1729.13546458856
0.551 12.8856624319419 -1716.24980215662
0.544 8.82352941176471 -1707.42627274485
0.477 4.82180293501048 -1702.60446980984
0.51 8.23529411764706 -1694.3691756922
0.526 7.22433460076046 -1687.14484109144
0.552 6.88405797101449 -1680.26078312042
0.519 15.9922928709056 -1664.26849024952
0.525 2.0952380952381 -1662.17325215428
0.528 4.16666666666667 -1658.00658548761
0.552 9.42028985507246 -1648.58629563254
0.529 -0.945179584120983 -1649.53147521666
0.515 -3.30097087378641 -1652.83244609045
0.543 10.1289134438306 -1642.70353264662
0.511 6.45792563600783 -1636.24560701061
0.538 1.11524163568773 -1635.13036537492
0.518 1.15830115830116 -1633.97206421662
0.54 7.40740740740741 -1626.56465680921
0.516 3.87596899224806 -1622.68868781696
0.525 10.0952380952381 -1612.59344972172
0.513 3.7037037037037 -1608.88974601802
0.557 3.41113105924596 -1605.47861495878
0.527 -2.08728652751423 -1607.56590148629
0.502 0.796812749003984 -1606.76908873729
0.502 2.78884462151394 -1603.98024411577
0.523 -3.63288718929254 -1607.61313130506
0.545 -2.75229357798165 -1610.36542488305
0.512 6.640625 -1603.72479988305
0.523 11.6634799235182 -1592.06131995953
0.552 7.2463768115942 -1584.81494314793
0.54 6.2962962962963 -1578.51864685164
0.524 6.10687022900763 -1572.41177662263
0.56 5 -1567.41177662263
0.508 2.75590551181102 -1564.65587111082
0.546 -2.93040293040293 -1567.58627404122
0.515 -1.74757281553398 -1569.33384685676
0.525 -6.66666666666667 -1576.00051352342
0.529 8.88468809073724 -1567.11582543268
0.514 4.28015564202335 -1562.83566979066
0.516 2.32558139534884 -1560.51008839531
0.542 -2.2140221402214 -1562.72411053553
0.557 8.79712746858169 -1553.92698306695
0.549 11.4754098360656 -1542.45157323089
0.554 14.4404332129964 -1528.01114001789
0.536 4.47761194029851 -1523.53352807759
0.526 -3.42205323193916 -1526.95558130953
0.535 3.92523364485981 -1523.03034766467
0.542 1.1070110701107 -1521.92333659456
0.515 3.30097087378641 -1518.62236572077
0.545 -2.38532110091743 -1521.00768682169
0.568 -1.40845070422535 -1522.41613752592
0.514 7.39299610894942 -1515.02314141697
0.508 8.66141732283465 -1506.36172409413
0.562 11.0320284697509 -1495.32969562438
0.513 13.8401559454191 -1481.48953967896
0.559 8.76565295169946 -1472.72388672726
0.559 3.39892665474061 -1469.32496007252
0.525 10.4761904761905 -1458.84876959633
0.505 0.99009900990099 -1457.85867058643
0.511 -4.50097847358121 -1462.35964906001
0.507 -4.53648915187377 -1466.89613821189
0.525 5.52380952380952 -1461.37232868808
0.542 6.64206642066421 -1454.73026226741
0.527 -4.7438330170778 -1459.47409528449
0.492 8.94308943089431 -1450.5310058536
0.499 8.61723446893788 -1441.91377138466
0.531 1.31826741996234 -1440.5955039647
0.506 5.92885375494071 -1434.66665020975
0.545 6.42201834862385 -1428.24463186113
0.504 15.8730158730159 -1412.37161598812
0.499 10.2204408817635 -1402.15117510635
0.485 5.56701030927835 -1396.58416479707
0.475 -6.52631578947368 -1403.11048058655
0.516 5.03875968992248 -1398.07172089662
0.533 -3.56472795497186 -1401.6364488516
0.495 -1.81818181818182 -1403.45463066978
0.505 3.36633663366337 -1400.08829403611
0.508 3.93700787401575 -1396.1512861621
0.526 4.56273764258555 -1391.58854851951
0.525 2.0952380952381 -1389.49331042428
0.496 -3.62903225806452 -1393.12234268234
0.48 5.83333333333333 -1387.28900934901
0.494 4.45344129554656 -1382.83556805346
0.52 1.92307692307692 -1380.91249113038
0.53 3.39622641509434 -1377.51626471529
0.516 6.2015503875969 -1371.31471432769
0.538 0.743494423791822 -1370.5712199039
0.507 -5.71992110453649 -1376.29114100844
0.522 -8.42911877394636 -1384.72025978238
0.569 -0.527240773286467 -1385.24750055567
0.573 1.2216404886562 -1384.02586006701
0.542 -2.5830258302583 -1386.60888589727
0.476 -7.56302521008403 -1394.17191110736
0.537 5.77281191806332 -1388.39909918929
0.519 0.578034682080925 -1387.82106450721
0.534 4.11985018726592 -1383.70121431995
0.522 -3.83141762452107 -1387.53263194447
0.512 1.171875 -1386.36075694447
0.546 2.1978021978022 -1384.16295474666
0.554 -4.33212996389892 -1388.49508471056
0.524 -8.01526717557252 -1396.51035188614
0.549 0.546448087431694 -1395.9639037987
0.527 3.2258064516129 -1392.73809734709
0.503 11.3320079522863 -1381.4060893948
0.504 4.76190476190476 -1376.6441846329
0.492 6.09756097560976 -1370.54662365729
0.525 2.47619047619048 -1368.0704331811
0.525 6.28571428571429 -1361.78471889539
0.518 -1.93050193050193 -1363.71522082589
0.551 5.62613430127042 -1358.08908652462
0.559 -1.61001788908766 -1359.6991044137
0.527 0.189753320683112 -1359.50935109302
0.524 -0.763358778625954 -1360.27270987165
0.528 6.06060606060606 -1354.21210381104
0.505 1.78217821782178 -1352.42992559322
0.512 3.90625 -1348.52367559322
0.487 9.65092402464066 -1338.87275156858
0.522 0 -1338.87275156858
0.475 4.84210526315789 -1334.03064630542
0.489 9.20245398773006 -1324.82819231769
0.537 7.26256983240223 -1317.56562248529
0.532 6.01503759398496 -1311.5505848913
0.534 8.23970037453184 -1303.31088451677
0.519 5.58766859344894 -1297.72321592332
0.504 -2.38095238095238 -1300.10416830428
0.453 3.3112582781457 -1296.79291002613
0.529 1.32325141776938 -1295.46965860836
0.518 0.386100386100386 -1295.08355822226
0.488 4.50819672131148 -1290.57536150095
0.522 3.83141762452107 -1286.74394387643
0.529 2.83553875236295 -1283.90840512406
0.552 8.69565217391304 -1275.21275295015
0.519 2.50481695568401 -1272.70793599447
0.487 1.02669404517454 -1271.68124194929
0.494 -4.45344129554656 -1276.13468324484
0.538 3.3457249070632 -1272.78895833778
0.537 3.1657355679702 -1269.62322276981
0.497 7.04225352112676 -1262.58096924868
0.528 8.33333333333333 -1254.24763591535
0.502 3.58565737051793 -1250.66197854483
0.5 8.4 -1242.26197854483
0.502 4.38247011952191 -1237.87950842531
0.517 2.90135396518375 -1234.97815446012
0.527 7.77988614800759 -1227.19826831211
0.543 4.23572744014733 -1222.96254087197
0.499 4.60921843687375 -1218.35332243509
0.508 5.11811023622047 -1213.23521219887
0.511 8.80626223091977 -1204.42894996795
0.516 18.6046511627907 -1185.82429880516
0.476 6.72268907563025 -1179.10160972953
0.5 0.4 -1178.70160972953
0.515 -0.970873786407767 -1179.67248351594
0.525 5.52380952380952 -1174.14867399213
0.499 1.40280561122244 -1172.74586838091
0.527 -1.70777988614801 -1174.45364826706
0.527 -3.98481973434535 -1178.4384680014
0.501 1.39720558882236 -1177.04126241258
0.528 -0.378787878787879 -1177.42005029137
0.48 1.66666666666667 -1175.7533836247
0.522 4.21455938697318 -1171.53882423773
0.494 -6.07287449392713 -1177.61169873165
0.53 3.77358490566038 -1173.83811382599
0.52 -4.61538461538461 -1178.45349844138
0.506 7.11462450592885 -1171.33887393545
0.525 12.7619047619048 -1158.57696917354
0.537 7.63500931098696 -1150.94195986256
0.517 6.38297872340426 -1144.55898113915
0.491 9.16496945010183 -1135.39401168905
0.474 6.75105485232068 -1128.64295683673
0.532 4.51127819548872 -1124.13167864124
0.493 2.23123732251521 -1121.90044131873
0.502 2.78884462151394 -1119.11159669721
0.489 5.52147239263804 -1113.59012430458
0.543 6.44567219152855 -1107.14445211305
0.52 2.69230769230769 -1104.45214442074
0.506 2.76679841897233 -1101.68534600177
0.496 3.2258064516129 -1098.45953955015
0.511 8.02348336594912 -1090.4360561842
0.492 7.31707317073171 -1083.11898301347
0.512 5.46875 -1077.65023301347
0.52 14.2307692307692 -1063.4194637827
0.538 -0.743494423791822 -1064.1629582065
0.527 1.32827324478178 -1062.83468496171
0.526 6.08365019011407 -1056.7510347716
0.532 -4.13533834586466 -1060.88637311746
0.469 0.639658848614073 -1060.24671426885
0.489 4.70347648261759 -1055.54323778623
0.486 9.46502057613169 -1046.0782172101
0.467 6.20985010706638 -1039.86836710303
0.473 8.24524312896406 -1031.62312397407
0.533 9.56848030018762 -1022.05464367388
0.522 10.3448275862069 -1011.70981608768
0.531 9.22787193973635 -1002.48194414794
0.481 3.95010395010395 -998.531840197836
0.528 12.1212121212121 -986.410628076624
0.49 -1.63265306122449 -988.043281137848
0.512 -2.734375 -990.777656137848
0.495 2.62626262626263 -988.151393511586
0.524 1.14503816793893 -987.006355343647
0.503 4.97017892644135 -982.036176417205
0.532 3.00751879699248 -979.028657620213
0.523 -4.01529636711281 -983.043953987326
0.511 2.5440313111546 -980.499922676171
0.551 12.1597096188748 -968.340213057296
0.494 0.809716599190283 -967.530496458106
0.526 9.50570342205323 -958.024793036053
0.538 4.83271375464684 -953.192079281406
0.496 4.83870967741935 -948.353369603987
0.523 5.16252390057361 -943.190845703413
0.5 15.6 -927.590845703413
0.511 5.28375733855186 -922.307088364861
0.536 10.4477611940299 -911.859327170831
0.511 7.24070450097847 -904.618622669853
0.5 -1.2 -905.818622669853
0.513 1.75438596491228 -904.064236704941
0.515 16.1165048543689 -887.947731850572
0.508 13.7795275590551 -874.168204291517
0.524 4.9618320610687 -869.206372230448
0.525 7.80952380952381 -861.396848420924
0.517 5.60928433268859 -855.787564088235
0.516 8.91472868217054 -846.872835406065
0.512 5.078125 -841.794710406065
0.498 13.6546184738956 -828.140091932169
0.491 8.35030549898167 -819.789786433188
0.482 13.2780082987552 -806.511778134432
0.504 12.6984126984127 -793.81336543602
0.521 6.71785028790787 -787.095515148112
0.524 6.10687022900763 -780.988644919104
0.513 7.99220272904483 -772.996442190059
0.488 2.86885245901639 -770.127589731043
0.503 7.3558648111332 -762.77172491991
0.5 -1.2 -763.97172491991
0.487 8.41889117043121 -755.552833749479
0.495 6.66666666666667 -748.886167082812
0.514 3.50194552529183 -745.38422155752
0.528 7.1969696969697 -738.18725186055
0.52 3.84615384615385 -734.341098014396
0.516 2.71317829457364 -731.627919719823
0.504 1.19047619047619 -730.437443529347
0.53 5.66037735849057 -724.777066170856
0.534 2.24719101123596 -722.52987515962
0.539 14.2857142857143 -708.244160873906
0.503 8.15109343936382 -700.093067434542
0.516 8.52713178294574 -691.565935651596
0.506 0.790513833992095 -690.775421817604
0.484 -1.65289256198347 -692.428314379588
0.49 8.16326530612245 -684.265049073465
0.516 3.48837209302326 -680.776676980442
0.496 6.45161290322581 -674.325064077216
0.497 9.85915492957746 -664.465909147639
0.513 -3.31384015594542 -667.779749303584
0.486 -9.87654320987654 -677.656292513461
0.496 -2.82258064516129 -680.478873158622
0.495 7.47474747474747 -673.004125683874
0.524 4.58015267175572 -668.423973012119
0.513 0.194931773879142 -668.22904123824
0.505 14.8514851485149 -653.377556089725
0.525 8.19047619047619 -645.187079899249
0.522 3.83141762452107 -641.355662274727
0.505 1.78217821782178 -639.573484056906
0.469 4.90405117270789 -634.669432884198
0.521 4.79846449136276 -629.870968392835
0.487 2.25872689938398 -627.612241493451
0.491 1.0183299389002 -626.593911554551
0.492 2.84552845528455 -623.748383099266
0.502 2.78884462151394 -620.959538477752
0.493 2.6369168356998 -618.322621642053
0.523 4.39770554493308 -613.92491609712
0.506 0.790513833992095 -613.134402263127
0.498 5.22088353413655 -607.913518728991
0.483 3.1055900621118 -604.807928666879
0.499 2.60521042084168 -602.202718246037
0.484 6.61157024793388 -595.591147998104
0.486 -2.88065843621399 -598.471806434318
0.51 11.7647058823529 -586.707100551965
0.475 7.78947368421053 -578.917626867754
0.513 7.21247563352826 -571.705151234226
0.501 3.39321357285429 -568.311937661372
0.507 8.87573964497041 -559.436198016401
0.487 -1.43737166324435 -560.873569679645
0.504 10.7142857142857 -550.15928396536
0.491 12.4236252545825 -537.735658710777
0.48 10.4166666666667 -527.318992044111
0.468 13.2478632478632 -514.071128796247
0.483 12.2153209109731 -501.855807885274
0.523 13.9579349904398 -487.897872894834
0.492 7.31707317073171 -480.580799724103
0.493 9.53346855983773 -471.047331164265
0.524 7.63358778625954 -463.413743378006
0.51 12.9411764705882 -450.472566907417
0.493 13.9959432048682 -436.476623702549
0.454 2.20264317180617 -434.273980530743
0.501 0.598802395209581 -433.675178135533
0.521 1.34357005758157 -432.331608077952
0.499 9.01803607214429 -423.313572005807
0.465 6.23655913978495 -417.077012866023
0.484 8.26446280991735 -408.812550056105
0.518 10.03861003861 -398.773940017495
0.493 4.25963488843813 -394.514305129057
0.523 16.2523900573614 -378.261915071696
0.541 19.7781885397412 -358.483726531954
0.502 7.56972111553785 -350.914005416417
0.519 9.82658959537572 -341.087415821041
0.488 7.37704918032787 -333.710366640713
0.506 2.76679841897233 -330.943568221741
0.457 1.96936542669584 -328.974202795045
0.453 -0.662251655629139 -329.636454450674
0.448 11.1607142857143 -318.47574016496
0.453 7.72626931567329 -310.749470849286
0.503 2.98210735586481 -307.767363493422
0.454 11.4537444933921 -296.313619000029
0.505 8.11881188118812 -288.194807118841
0.484 6.19834710743802 -281.996460011403
0.463 7.12742980561555 -274.869030205788
0.452 2.65486725663717 -272.214162949151
0.475 6.94736842105263 -265.266794528098
0.497 5.03018108651911 -260.236613441579
0.453 7.28476821192053 -252.951845229658
0.47 11.9148936170213 -241.036951612637
0.467 3.21199143468951 -237.824960177948
0.463 -0.647948164146868 -238.472908342094
0.536 6.71641791044776 -231.756490431647
0.445 6.96629213483146 -224.790198296815
0.506 6.32411067193676 -218.466087624878
0.505 2.97029702970297 -215.495790595175
0.52 11.1538461538462 -204.341944441329
0.519 13.2947976878613 -191.047146753468
0.51 16.4705882352941 -174.576558518174
0.518 6.17760617760618 -168.398952340568
0.54 15.1851851851852 -153.213767155383
0.483 10.5590062111801 -142.654760944202
0.553 -0.180831826401447 -142.835592770604
0.501 10.5788423153693 -132.256750455235
0.504 2.77777777777778 -129.478972677457
0.525 17.3333333333333 -112.145639344124
0.545 -0.18348623853211 -112.329125582656
0.479 3.13152400835073 -109.197601574305
0.518 0.386100386100386 -108.811501188205
0.504 1.58730158730159 -107.224199600903
0.531 5.83804143126177 -101.386158169641
0.512 5.078125 -96.3080331696412
0.509 0.589390962671906 -95.7186422069693
0.516 1.55038759689922 -94.16825461007
0.501 4.19161676646707 -89.976637843603
0.497 2.61569416498994 -87.360943678613
0.525 5.52380952380952 -81.8371341548035
0.488 2.45901639344262 -79.3781177613609
0.508 1.96850393700787 -77.409613824353
0.533 4.31519699812383 -73.0944168262292
0.559 3.04114490161002 -70.0532719246192
0.524 2.67175572519084 -67.3815161994283
0.483 3.1055900621118 -64.2759261373165
0.528 12.8787878787879 -51.3971382585286
0.501 10.5788423153693 -40.8182959431594
0.52 7.69230769230769 -33.1259882508517
0.49 6.12244897959184 -27.0035392712599
0.53 3.77358490566038 -23.2299543655995
0.466 2.57510729613734 -20.6548470694621
0.504 15.0793650793651 -5.57548199009706
0.499 7.41482965931864 1.83934766922158
0.494 6.47773279352227 8.31708046274384
0.535 4.29906542056075 12.6161458833046
0.487 3.90143737166324 16.5175832549678
0.542 8.11808118081181 24.6356644357796
0.523 10.1338432122371 34.7695076480167
0.531 7.72128060263653 42.4907882506533
0.497 13.4808853118712 55.9716735625245
0.521 12.0921305182342 68.0638040807587
0.53 10.5660377358491 78.6298418166077
0.529 6.61625708884688 85.2460989054546
0.532 6.01503759398496 91.2611364994396
0.529 4.34782608695652 95.6089625863961
0.511 15.8512720156556 111.460234602052
0.528 3.40909090909091 114.869325511143
0.496 5.64516129032258 120.514486801465
0.503 8.15109343936382 128.665580240829
0.507 12.0315581854043 140.697138426233
0.508 5.90551181102362 146.602650237257
0.466 10.7296137339056 157.332263971163
0.498 -4.01606425702811 153.316199714134
0.499 -3.80761523046092 149.508584483673
0.497 9.85915492957746 159.367739413251
0.489 -2.24948875255624 157.118250660695
0.527 -0.94876660341556 156.169484057279
0.496 3.62903225806452 159.798516315344
0.516 -3.10077519379845 156.697741121545
0.492 -9.75609756097561 146.94164356057
0.539 -3.52504638218924 143.41659717838
0.513 -1.75438596491228 141.662211213468
0.532 -3.38345864661654 138.278752566852
0.521 1.34357005758157 139.622322624433
0.534 -0.374531835205993 139.247790789227
0.487 6.36550308008214 145.613293869309
0.508 2.36220472440945 147.975498593719
0.513 12.280701754386 160.256200348105
0.503 -4.17495029821074 156.081250049894
0.505 -8.51485148514852 147.566398564745
0.446 -0.896860986547085 146.669537578198
0.516 -1.93798449612403 144.731553082074
0.491 6.72097759674134 151.452530678816
0.539 9.46196660482375 160.914497283639
0.514 5.44747081712062 166.36196810076
0.505 2.17821782178218 168.540185922542
0.507 2.9585798816568 171.498765804199
0.488 11.8852459016393 183.384011705838
0.532 3.38345864661654 186.767470352455
0.48 -1.25 185.517470352455
0.494 -5.26315789473684 180.254312457718
0.498 -0.401606425702811 179.852706032015
0.513 -4.48343079922027 175.369275232795
0.518 -5.01930501930502 170.34997021349
0.516 5.03875968992248 175.388729903412
0.526 5.32319391634981 180.711923819762
0.486 -3.29218106995885 177.419742749803
0.461 11.0629067245119 188.482649474315
0.511 2.93542074363992 191.418070217955
0.513 1.75438596491228 193.172456182868
0.514 5.44747081712062 198.619926999988
0.5 15.2 213.819926999988
0.501 4.99001996007984 218.809946960068
0.529 2.45746691871456 221.267413878783
0.494 4.8582995951417 226.125713473924
0.504 5.15873015873016 231.284443632654
0.508 6.2992125984252 237.58365623108
0.497 7.04225352112676 244.625909752206
0.484 19.0082644628099 263.634174215016
0.514 8.17120622568093 271.805380440697
0.531 8.85122410546139 280.656604546159
0.5 7.2 287.856604546159
0.513 4.09356725146199 291.950171797621
0.534 9.73782771535581 301.687999512976
0.465 9.24731182795699 310.935311340933
0.485 3.09278350515464 314.028094846088
0.509 4.12573673870334 318.153831584791
0.498 10.4417670682731 328.595598653064
0.522 1.91570881226054 330.511307465325
0.522 8.81226053639847 339.323568001723
0.563 8.34813499111901 347.671702992842
0.507 4.93096646942801 352.60266946227
0.524 10.6870229007634 363.289692363034
0.503 4.57256461232604 367.86225697536
0.534 6.74157303370786 374.603830009068
0.519 10.2119460500963 384.815776059164
0.503 6.95825049701789 391.774026556182
0.523 5.92734225621415 397.701368812396
0.532 14.6616541353383 412.363022947734
0.54 7.03703703703704 419.400059984771
0.524 -2.67175572519084 416.728304259581
0.503 2.5844930417495 419.31279730133
0.54 7.03703703703704 426.349834338367
0.492 10.5691056910569 436.918940029424
0.538 6.69144981412639 443.61038984355
0.504 10.3174603174603 453.927850161011
0.519 5.20231213872832 459.130162299739
0.468 -2.99145299145299 456.138709308286
0.534 1.49812734082397 457.63683664911
0.509 -1.76817288801572 455.868663761094
0.524 0 455.868663761094
0.504 7.53968253968254 463.408346300777
0.514 -0.778210116731518 462.630136184045
0.511 4.89236790606654 467.522504090112
0.529 10.3969754253308 477.919479515443
0.519 -1.73410404624277 476.1853754692
0.504 4.76190476190476 480.947280231105
0.535 5.42056074766355 486.367840978768
0.503 1.78926441351889 488.157105392287
0.517 0.967117988394584 489.124223380682
0.497 1.40845070422535 490.532674084907
0.484536082474227 2.12765957446809 492.660333659375
