gc_content gc_skew gc_culm
0.442 4.97737556561086 4.97737556561086
0.436 4.12844036697248 9.10581593258334
0.478 5.02092050209205 14.1267364346754
0.537 8.37988826815642 22.5066247028318
0.529 3.96975425330813 26.4763789561399
0.489 2.65848670756646 29.1348656637064
0.422 -4.739336492891 24.3955291708154
0.468 -20.0854700854701 4.31005908534532
0.477 -2.30607966457023 2.00397942077509
0.524 12.9770992366412 14.9810786574163
0.513 17.7387914230019 32.7198700804183
0.484 15.2892561983471 48.0091262787654
0.496 15.3225806451613 63.3317069239267
0.503 11.7296222664016 75.0613291903283
0.491 2.24032586558045 77.3016550559087
0.48 5.83333333333333 83.134988389242
0.511 4.89236790606654 88.0273562953086
0.469 3.19829424307036 91.2256505383789
0.454 13.215859030837 104.441509569216
0.477 16.5618448637317 121.003354432948
0.506 9.88142292490119 130.884777357849
0.538 12.639405204461 143.52418256231
0.512 28.90625 172.43043256231
0.531 16.0075329566855 188.437965518995
0.52 22.6923076923077 211.130273211303
0.513 11.5009746588694 222.631247870172
0.491 12.4236252545825 235.054873124755
0.512 15.234375 250.289248124755
0.478 19.2468619246862 269.536110049441
0.432 18.5185185185185 288.05462856796
0.499 11.8236472945892 299.878275862549
0.48 9.16666666666667 309.044942529215
0.517 16.4410058027079 325.485948331923
0.479 8.97703549060543 334.462983822529
0.541 19.0388170055453 353.501800828074
0.495 7.07070707070707 360.572507898781
0.512 19.140625 379.713132898781
0.493 9.93914807302231 389.652280971803
0.499 7.41482965931864 397.067110631122
0.54 9.62962962962963 406.696740260752
0.468 -1.28205128205128 405.4146889787
0.481 5.61330561330561 411.027994592006
0.482 8.71369294605809 419.741687538064
0.424 8.49056603773585 428.2322535758
0.494 -14.9797570850202 413.25249649078
0.51 9.80392156862745 423.056418059407
0.475 7.78947368421053 430.845891743618
0.478 2.51046025104602 433.356351994664
0.472 13.5593220338983 446.915674028562
0.484 9.09090909090909 456.006583119471
0.472 13.5593220338983 469.565905153369
0.489 8.79345603271984 478.359361186089
0.489 -3.47648261758691 474.882878568502
0.513 7.99220272904483 482.875081297547
0.468 7.26495726495726 490.140038562504
0.509 13.5559921414538 503.696030703958
0.541 13.1238447319778 516.819875435936
0.514 0.778210116731518 517.598085552668
0.48 12.9166666666667 530.514752219334
0.448 16.5178571428571 547.032609362191
0.484 2.06611570247934 549.098725064671
0.433 11.3163972286374 560.415122293308
0.468 0.854700854700855 561.269823148009
0.464 13.7931034482759 575.062926596285
0.516 10.077519379845 585.14044597613
0.484 12.396694214876 597.537140191006
0.507 17.1597633136095 614.696903504615
0.467 17.7730192719486 632.469922776564
0.487 19.5071868583162 651.97710963488
0.519 13.2947976878613 665.271907322741
0.5 23.6 688.871907322741
0.53 18.4905660377358 707.362473360477
0.463 -0.215982721382289 707.146490639095
0.476 10.0840336134454 717.23052425254
0.522 10.3448275862069 727.575351838747
0.496 23.7903225806452 751.365674419392
0.512 18.75 770.115674419392
0.47 20.8510638297872 790.96673824918
0.573 15.8813263525305 806.84806460171
0.534 13.1086142322097 819.95667883392
0.553 14.2857142857143 834.242393119634
0.417 5.51558752997602 839.75798064961
0.508 5.51181102362205 845.269791673232
0.513 21.6374269005848 866.907218573817
0.467 5.78158458244111 872.688803156258
0.402 7.46268656716418 880.151489723422
0.465 12.6881720430108 892.839661766433
0.539 13.1725417439703 906.012203510403
0.515 18.0582524271845 924.070455937588
0.485 4.74226804123711 928.812723978825
0.468 21.3675213675214 950.180245346346
0.513 12.280701754386 962.460947100732
0.494 8.50202429149798 970.96297139223
0.467 12.2055674518201 983.16853884405
0.532 11.6541353383459 994.822674182396
0.517 16.0541586073501 1010.87683278975
0.476 0 1010.87683278975
0.507 4.53648915187377 1015.41332194162
0.528 10.9848484848485 1026.39817042647
0.553 4.52079566003617 1030.9189660865
0.498 6.42570281124498 1037.34466889775
0.454 17.1806167400881 1054.52528563784
0.462 11.6883116883117 1066.21359732615
0.551 15.7894736842105 1082.00307101036
0.52 17.6923076923077 1099.69537870267
0.553 24.0506329113924 1123.74601161406
0.469 16.4179104477612 1140.16392206182
0.467 11.7773019271949 1151.94122398902
0.53 12.8301886792453 1164.77141266826
0.547 13.345521023766 1178.11693369203
0.515 14.9514563106796 1193.06839000271
0.477 16.5618448637317 1209.63023486644
0.454 8.81057268722467 1218.44080755366
0.509 11.1984282907662 1229.63923584443
0.486 4.52674897119342 1234.16598481562
0.526 3.80228136882129 1237.96826618444
0.469 1.49253731343284 1239.46080349788
0.487 14.9897330595483 1254.45053655743
0.541 21.2569316081331 1275.70746816556
0.515 12.621359223301 1288.32882738886
0.506 24.5059288537549 1312.83475624261
0.528 8.71212121212121 1321.54687745474
0.532 7.5187969924812 1329.06567444722
0.508 6.2992125984252 1335.36488704564
0.429 7.22610722610723 1342.59099427175
0.463 12.7429805615551 1355.3339748333
0.479 16.0751565762004 1371.4091314095
0.538 21.9330855018587 1393.34221691136
0.535 22.6168224299065 1415.95903934127
0.512 14.84375 1430.80278934127
0.495 9.09090909090909 1439.89369843218
0.45 12.4444444444444 1452.33814287662
0.509 6.48330058939096 1458.82144346601
0.465 1.50537634408602 1460.3268198101
0.47 5.95744680851064 1466.28426661861
0.457 3.28227571115974 1469.56654232977
0.439 10.250569476082 1479.81711180585
0.522 9.19540229885057 1489.0125141047
0.475 9.89473684210526 1498.90725094681
0.49 11.0204081632653 1509.92765911007
0.556 1.07913669064748 1511.00679580072
0.557 -0.179533213644524 1510.82726258708
0.493 11.1561866125761 1521.98344919965
0.474 14.7679324894515 1536.7513816891
0.476 -0.840336134453782 1535.91104555465
0.507 -2.16962524654832 1533.7414203081
0.458 8.29694323144105 1542.03836353954
0.457 14.6608315098468 1556.69919504939
0.503 7.75347912524851 1564.45267417464
0.472 15.6779661016949 1580.13064027633
0.49 13.0612244897959 1593.19186476613
0.518 9.26640926640927 1602.45827403254
0.481 15.1767151767152 1617.63498920925
0.513 9.94152046783626 1627.57650967709
0.491 15.6822810590631 1643.25879073615
0.48 -10.4166666666667 1632.84212406949
0.514 5.05836575875486 1637.90048982824
0.438 5.93607305936073 1643.8365628876
0.452 -12.3893805309735 1631.44718235663
0.448 -10.2678571428571 1621.17932521377
0.42 -10.4761904761905 1610.70313473758
0.425 5.88235294117647 1616.58548767876
0.463 -9.71922246220302 1606.86626521655
0.397 0.755667506297229 1607.62193272285
0.479 -0.208768267223382 1607.41316445563
0.461 -5.85683297180043 1601.55633148383
0.505 7.32673267326733 1608.8830641571
0.487 3.90143737166324 1612.78450152876
0.51 4.70588235294118 1617.4903838817
0.526 9.88593155893536 1627.37631544064
0.539 13.1725417439703 1640.54885718461
0.454 12.7753303964758 1653.32418758108
0.52 5 1658.32418758108
0.489 10.0204498977505 1668.34463747883
0.505 15.6435643564356 1683.98820183527
0.499 5.81162324649299 1689.79982508176
0.465 4.51612903225806 1694.31595411402
0.47 7.65957446808511 1701.9755285821
0.437 -0.22883295194508 1701.74669563016
0.466 14.5922746781116 1716.33897030827
0.504 9.92063492063492 1726.25960522891
0.415 23.3734939759036 1749.63309920481
0.49 15.9183673469388 1765.55146655175
0.51 11.7647058823529 1777.3161724341
0.474 3.79746835443038 1781.11364078853
0.531 1.31826741996234 1782.43190820849
0.501 -7.38522954091816 1775.04667866758
0.478 10.4602510460251 1785.5069297136
0.494 7.69230769230769 1793.19923740591
0.47 3.40425531914894 1796.60349272506
0.488 10.655737704918 1807.25923042997
0.465 18.7096774193548 1825.96890784933
0.414 14.975845410628 1840.94475325996
0.48 22.0833333333333 1863.02808659329
0.536 5.22388059701493 1868.25196719031
0.506 9.88142292490119 1878.13339011521
0.5 18 1896.13339011521
0.452 16.3716814159292 1912.50507153114
0.438 21.4611872146119 1933.96625874575
0.495 8.68686868686869 1942.65312743262
0.46 5.21739130434783 1947.87051873696
0.456 -5.70175438596491 1942.168764351
0.449 23.3853006681514 1965.55406501915
0.523 1.7208413001912 1967.27490631934
0.496 6.85483870967742 1974.12974502902
0.521 6.71785028790787 1980.84759531693
0.514 -0.389105058365759 1980.45849025856
0.517 10.6382978723404 1991.0967881309
0.447 15.8836689038031 2006.98045703471
0.461 4.55531453362256 2011.53577156833
0.543 -2.76243093922652 2008.7733406291
0.539 -0.927643784786642 2007.84569684431
0.485 -1.44329896907216 2006.40239787524
0.513 -0.194931773879142 2006.20746610136
0.465 19.1397849462366 2025.3472510476
0.561 9.09090909090909 2034.43816013851
0.52 -1.53846153846154 2032.89969860005
0.49 3.26530612244898 2036.1650047225
0.491 10.7942973523422 2046.95930207484
0.502 9.9601593625498 2056.91946143739
0.456 14.9122807017544 2071.83174213914
0.494 17.004048582996 2088.83579072214
0.525 9.33333333333333 2098.16912405547
0.519 16.7630057803468 2114.93212983582
0.526 15.5893536121673 2130.52148344799
0.541 23.8447319778189 2154.36621542581
0.522 11.4942528735632 2165.86046829937
0.522 7.27969348659004 2173.14016178596
0.484 5.37190082644628 2178.5120626124
0.477 11.5303983228512 2190.04246093526
0.443 15.1241534988713 2205.16661443413
0.543 7.91896869244936 2213.08558312658
0.518 -1.93050193050193 2211.15508119607
0.487 9.65092402464066 2220.80600522072
0.475 16.6315789473684 2237.43758416808
0.462 12.987012987013 2250.4245971551
0.506 22.1343873517787 2272.55898450688
0.522 16.8582375478927 2289.41722205477
0.539 14.2857142857143 2303.70293634048
0.502 7.96812749003984 2311.67106383052
0.442 13.5746606334842 2325.24572446401
0.528 15.9090909090909 2341.1548153731
0.515 9.51456310679612 2350.66937847989
0.541 15.3419593345656 2366.01133781446
0.498 14.859437751004 2380.87077556546
0.519 13.6801541425819 2394.55092970805
0.532 15.7894736842105 2410.34040339226
0.502 16.7330677290837 2427.07347112134
0.515 11.4563106796117 2438.52978180095
0.544 2.20588235294118 2440.73566415389
0.511 4.10958904109589 2444.84525319499
0.484 5.78512396694215 2450.63037716193
0.472 10.1694915254237 2460.79986868735
0.493 14.4016227180527 2475.20149140541
0.525 1.71428571428571 2476.91577711969
0.522 11.8773946360153 2488.79317175571
0.513 0.974658869395711 2489.7678306251
0.533 2.06378986866792 2491.83162049377
0.529 3.21361058601134 2495.04523107978
0.47 3.40425531914894 2498.44948639893
0.463 -0.215982721382289 2498.23350367755
0.47 -2.97872340425532 2495.25478027329
0.487 6.36550308008214 2501.62028335338
0.525 5.52380952380952 2507.14409287719
0.496 11.2903225806452 2518.43441545783
0.52 -1.15384615384615 2517.28056930398
0.499 10.6212424849699 2527.90181178895
0.525 9.33333333333333 2537.23514512229
0.466 -9.01287553648069 2528.22226958581
0.532 -7.14285714285714 2521.07941244295
0.469 -0.213219616204691 2520.86619282675
0.438 4.5662100456621 2525.43240287241
0.435 10.3448275862069 2535.77723045861
0.512 14.84375 2550.62098045861
0.558 20.7885304659498 2571.40951092456
0.51 15.6862745098039 2587.09578543437
0.426 24.4131455399061 2611.50893097427
0.462 8.22510822510823 2619.73403919938
0.493 4.25963488843813 2623.99367408782
0.538 2.60223048327138 2626.59590457109
0.471 15.9235668789809 2642.51947145007
0.483 2.69151138716356 2645.21098283724
0.486 -9.05349794238683 2636.15748489485
0.477 -2.72536687631027 2633.43211801854
0.469 0.213219616204691 2633.64533763474
0.53 -7.92452830188679 2625.72080933286
0.512 1.5625 2627.28330933286
0.509 16.6994106090373 2643.98271994189
0.517 19.9226305609284 2663.90535050282
0.543 16.390423572744 2680.29577407557
0.47 13.1914893617021 2693.48726343727
0.519 5.97302504816956 2699.46028848544
0.44 23.6363636363636 2723.0966521218
0.423 12.0567375886525 2735.15338971046
0.486 19.3415637860082 2754.49495349646
0.474 16.0337552742616 2770.52870877072
0.51 14.5098039215686 2785.03851269229
0.542 8.11808118081181 2793.15659387311
0.468 11.1111111111111 2804.26770498422
0.438 4.10958904109589 2808.37729402531
0.523 10.8986615678776 2819.27595559319
0.527 5.50284629981025 2824.778801893
0.535 6.16822429906542 2830.94702619207
0.495 3.03030303030303 2833.97732922237
0.492 8.53658536585366 2842.51391458822
0.533 15.9474671669794 2858.4613817552
0.476 11.7647058823529 2870.22608763755
0.428 15.8878504672897 2886.11393810484
0.526 12.5475285171103 2898.66146662195
0.477 11.1111111111111 2909.77257773307
0.519 0.192678227360308 2909.96525596043
0.513 9.16179337231969 2919.12704933275
0.483 5.59006211180124 2924.71711144455
0.51 16.8627450980392 2941.57985654259
0.499 15.8316633266533 2957.41151986924
0.503 14.9105367793241 2972.32205664856
0.396 19.6969696969697 2992.01902634553
0.502 19.5219123505976 3011.54093869613
0.506 11.0671936758893 3022.60813237202
0.487 8.0082135523614 3030.61634592438
0.499 -8.21643286573146 3022.39991305865
0.485 -17.5257731958763 3004.87413986277
0.501 -7.78443113772455 2997.08970872505
0.464 23.7068965517241 3020.79660527677
0.525 13.1428571428571 3033.93946241963
0.462 12.5541125541126 3046.49357497374
0.532 22.1804511278195 3068.67402610156
0.46 12.1739130434783 3080.84793914504
0.524 6.48854961832061 3087.33648876336
0.494 2.42914979757085 3089.76563856093
0.517 -0.58027079303675 3089.1853677679
0.489 10.4294478527607 3099.61481562066
0.556 10.0719424460432 3109.6867580667
0.525 0.19047619047619 3109.87723425718
0.52 -0.384615384615385 3109.49261887256
0.545 20 3129.49261887256
0.561 12.2994652406417 3141.7920841132
0.582 9.62199312714777 3151.41407724035
0.489 5.11247443762781 3156.52655167798
0.505 4.55445544554455 3161.08100712352
0.478 0.418410041841004 3161.49941716536
0.476 -10.9243697478992 3150.57504741746
0.541 -15.3419593345656 3135.2330880829
0.499 -7.81563126252505 3127.41745682037
0.557 -13.4649910233393 3113.95246579703
0.531 -8.85122410546139 3105.10124169157
0.494 -12.5506072874494 3092.55063440412
0.492 -12.6016260162602 3079.94900838786
0.488 -16.8032786885246 3063.14572969934
0.496 1.61290322580645 3064.75863292514
0.485 -4.32989690721649 3060.42873601793
0.479 0.626304801670146 3061.0550408196
0.488 6.55737704918033 3067.61241786878
0.512 -2.734375 3064.87804286878
0.482 -0.4149377593361 3064.46310510944
0.484 0.413223140495868 3064.87632824994
0.465 -1.0752688172043 3063.80105943273
0.485 2.68041237113402 3066.48147180387
0.497 4.22535211267606 3070.70682391654
0.488 5.32786885245902 3076.034692769
0.495 1.41414141414141 3077.44883418314
0.502 -0.796812749003984 3076.65202143414
0.464 8.18965517241379 3084.84167660655
0.485 7.62886597938144 3092.47054258594
0.501 14.5708582834331 3107.04140086937
0.448 16.5178571428571 3123.55925801223
0.415 12.7710843373494 3136.33034234958
0.415 -6.50602409638554 3129.82431825319
0.43 0 3129.82431825319
0.523 -3.25047801147228 3126.57384024172
0.517 10.2514506769826 3136.8252909187
0.522 22.9885057471264 3159.81379666583
0.53 8.67924528301887 3168.49304194885
0.505 -0.198019801980198 3168.29502214687
0.539 3.52504638218924 3171.82006852905
0.438 14.1552511415525 3185.97531967061
0.456 2.19298245614035 3188.16830212675
0.434 4.60829493087558 3192.77659705762
0.429 3.96270396270396 3196.73930102033
0.417 0.719424460431655 3197.45872548076
0.389 12.0822622107969 3209.54098769156
0.407 13.022113022113 3222.56310071367
0.44 9.09090909090909 3231.65400980458
0.445 13.7078651685393 3245.36187497312
0.458 9.17030567685589 3254.53218064997
0.377 -2.38726790450928 3252.14491274546
0.417 -5.99520383693046 3246.14970890853
0.385 1.81818181818182 3247.96789072672
0.4 -7 3240.96789072672
0.443 -7.90067720090293 3233.06721352581
0.443 -17.8329571106095 3215.2342564152
0.542 -2.2140221402214 3213.02023427498
0.439 -10.250569476082 3202.7696647989
0.444 6.75675675675676 3209.52642155566
0.475 0.210526315789474 3209.73694787145
0.472 -2.11864406779661 3207.61830380365
0.491 12.8309572301426 3220.44926103379
0.469 16.4179104477612 3236.86717148155
0.502 25.0996015936255 3261.96677307518
0.484 2.89256198347107 3264.85933505865
0.492 3.2520325203252 3268.11136757897
0.487 -13.7577002053388 3254.35366737364
0.538 -11.8959107806691 3242.45775659297
0.528 10.9848484848485 3253.44260507782
0.513 18.5185185185185 3271.96112359633
0.465 21.2903225806452 3293.25144617698
0.544 13.2352941176471 3306.48674029463
0.49 22.4489795918367 3328.93571988646
0.467 16.4882226980728 3345.42394258454
0.454 26.8722466960352 3372.29618928057
0.456 6.14035087719298 3378.43654015776
0.491 4.27698574338086 3382.71352590114
0.53 11.3207547169811 3394.03428061813
0.489 -1.43149284253579 3392.60278777559
0.514 -1.94552529182879 3390.65726248376
0.497 -6.2374245472837 3384.41983793648
0.491 -8.35030549898167 3376.0695324375
0.409 11.0024449877751 3387.07197742527
0.534 -4.8689138576779 3382.20306356759
0.514 -4.66926070038911 3377.5338028672
0.527 -17.6470588235294 3359.88674404367
0.447 -10.0671140939597 3349.81962994971
0.484 11.1570247933884 3360.9766547431
0.473 15.4334038054968 3376.4100585486
0.471 15.0743099787686 3391.48436852737
0.525 13.5238095238095 3405.00817805118
0.498 7.63052208835341 3412.63870013953
0.456 -1.75438596491228 3410.88431417462
0.48 1.66666666666667 3412.55098084129
0.52 -20 3392.55098084129
0.463 11.4470842332613 3403.99806507455
0.429 -20.7459207459207 3383.25214432863
0.416 -7.69230769230769 3375.55983663632
0.411 -16.301703163017 3359.2581334733
0.372 -18.8172043010753 3340.44092917223
0.391 -6.90537084398977 3333.53555832824
0.41 -9.26829268292683 3324.26726564531
0.433 -8.54503464203233 3315.72223100328
0.395 -4.30379746835443 3311.41843353492
0.39 4.61538461538461 3316.03381815031
0.392 -11.734693877551 3304.29912427276
0.405 -12.0987654320988 3292.20035884066
0.398 -2.01005025125628 3290.1903085894
0.398 -17.5879396984925 3272.60236889091
0.44 5.90909090909091 3278.5114598
0.433 -3.00230946882217 3275.50915033118
0.424 -23.5849056603774 3251.9242446708
0.369 -11.6531165311653 3240.27112813964
0.356 -25.2808988764045 3214.99022926323
0.401 -16.7082294264339 3198.2819998368
0.428 -17.2897196261682 3180.99228021063
0.401 -4.23940149625935 3176.75287871437
0.492 -7.72357723577236 3169.0293014786
0.465 -3.65591397849462 3165.3733875001
0.389 -9.51156812339332 3155.86181937671
0.374 -15.5080213903743 3140.35379798633
0.409 -13.4474327628362 3126.9063652235
0.384 -15.625 3111.2813652235
0.389 -13.1105398457584 3098.17082537774
0.484 -0.413223140495868 3097.75760223724
0.445 -20.8988764044944 3076.85872583275
0.441 -8.39002267573696 3068.46870315701
0.534 5.2434456928839 3073.7121488499
0.563 11.9005328596803 3085.61268170958
0.546 14.6520146520147 3100.26469636159
0.506 15.0197628458498 3115.28445920744
0.434 18.8940092165899 3134.17846842403
0.46 -8.26086956521739 3125.91759885881
0.424 6.13207547169811 3132.04967433051
0.453 15.2317880794702 3147.28146240998
0.473 20.507399577167 3167.78886198715
0.483 10.9730848861284 3178.76194687328
0.524 11.8320610687023 3190.59400794198
0.458 17.0305676855895 3207.62457562757
0.531 7.72128060263653 3215.34585623021
0.484 10.3305785123967 3225.6764347426
0.486 23.4567901234568 3249.13322486606
0.45 20 3269.13322486606
0.466 17.5965665236052 3286.72979138966
0.461 16.2689804772234 3302.99877186689
0.49 10.6122448979592 3313.61101676485
0.501 17.7644710578842 3331.37548782273
0.522 21.455938697318 3352.83142652005
0.482 3.7344398340249 3356.56586635407
0.507 3.74753451676529 3360.31340087084
0.424 16.5094339622642 3376.8228348331
0.453 7.28476821192053 3384.10760304502
0.449 14.4766146993318 3398.58421774436
0.441 6.12244897959184 3404.70666672395
0.465 12.6881720430108 3417.39483876696
0.457 5.90809628008753 3423.30293504705
0.468 14.957264957265 3438.26020000431
0.485 13.8144329896907 3452.074632994
0.441 10.6575963718821 3462.73222936588
0.509 8.44793713163065 3471.18016649751
0.439 3.41685649202733 3474.59702298954
0.45 6.66666666666667 3481.26368965621
0.471 5.30785562632696 3486.57154528254
0.51 10.5882352941176 3497.15978057665
0.573 19.022687609075 3516.18246818573
0.533 18.9493433395872 3535.13181152532
0.529 8.12854442344045 3543.26035594876
0.522 24.1379310344828 3567.39828698324
0.531 14.8775894538606 3582.2758764371
0.505 17.2277227722772 3599.50359920938
0.503 18.0914512922465 3617.59505050162
0.534 12.7340823970037 3630.32913289863
0.54 1.48148148148148 3631.81061438011
0.525 15.4285714285714 3647.23918580868
0.523 13.1931166347992 3660.43230244348
0.502 19.5219123505976 3679.95421479408
0.544 5.88235294117647 3685.83656773525
0.484 12.8099173553719 3698.64648509062
0.48 6.66666666666667 3705.31315175729
0.567 12.1693121693122 3717.4824639266
0.564 3.90070921985816 3721.38317314646
0.518 18.9189189189189 3740.30209206538
0.511 0.587084148727984 3740.88917621411
0.493 6.28803245436105 3747.17720866847
0.501 1.79640718562874 3748.9736158541
0.549 10.3825136612022 3759.3561295153
0.494 8.90688259109312 3768.26301210639
0.569 23.3743409490334 3791.63735305543
0.519 10.9826589595376 3802.62001201496
0.485 7.62886597938144 3810.24887799435
0.556 4.31654676258993 3814.56542475694
0.482 1.2448132780083 3815.81023803494
0.441 -6.57596371882086 3809.23427431612
0.477 -1.0482180293501 3808.18605628677
0.52 15 3823.18605628677
0.474 9.70464135021097 3832.89069763698
0.439 14.3507972665148 3847.2414949035
0.463 24.4060475161987 3871.6475424197
0.516 12.015503875969 3883.66304629567
0.519 5.97302504816956 3889.63607134384
0.522 0.766283524904215 3890.40235486874
0.475 0.631578947368421 3891.03393381611
0.456 -20.1754385964912 3870.85849521962
0.449 -3.34075723830735 3867.51773798131
0.456 -1.75438596491228 3865.7633520164
0.496 13.7096774193548 3879.47302943575
0.531 2.82485875706215 3882.29788819282
0.461 2.81995661605206 3885.11784480887
0.446 2.24215246636771 3887.35999727523
0.45 6.66666666666667 3894.0266639419
0.515 2.52427184466019 3896.55093578656
0.448 1.78571428571429 3898.33665007228
0.469 0.213219616204691 3898.54986968848
0.414 -1.93236714975845 3896.61750253872
0.532 -3.7593984962406 3892.85810404248
0.556 -2.87769784172662 3889.98040620076
0.555 8.82882882882883 3898.80923502958
0.502 7.17131474103586 3905.98054977062
0.518 -9.65250965250965 3896.32804011811
0.541 -4.25138632162662 3892.07665379648
0.535 -3.55140186915888 3888.52525192732
0.511 -11.1545988258317 3877.37065310149
0.439 4.78359908883827 3882.15425219033
0.511 9.98043052837573 3892.13468271871
0.561 9.80392156862745 3901.93860428733
0.488 5.73770491803279 3907.67630920537
0.536 9.32835820895522 3917.00466741432
0.498 1.20481927710843 3918.20948669143
0.512 -4.6875 3913.52198669143
0.492 2.84552845528455 3916.36751514672
0.481 0.623700623700624 3916.99121577042
0.546 4.02930402930403 3921.02051979972
0.501 1.39720558882236 3922.41772538854
0.559 9.48121645796064 3931.8989418465
0.524 6.10687022900763 3938.00581207551
0.464 16.8103448275862 3954.8161569031
0.436 -5.04587155963303 3949.77028534346
0.422 5.21327014218009 3954.98355548564
0.455 -12.5274725274725 3942.45608295817
0.518 0.386100386100386 3942.84218334427
0.521 19.3857965451056 3962.22797988938
0.553 19.7106690777577 3981.93864896714
0.46 10.4347826086957 3992.37343157583
0.475 20 4012.37343157583
0.488 11.0655737704918 4023.43900534632
0.484 11.1570247933884 4034.59603013971
0.474 10.5485232067511 4045.14455334646
0.478 10.8786610878661 4056.02321443433
0.458 15.2838427947598 4071.30705722909
0.522 13.0268199233716 4084.33387715246
0.512 8.203125 4092.53700215246
0.492 11.7886178861789 4104.32562003864
0.524 11.0687022900763 4115.39432232872
0.513 -4.48343079922027 4110.91089152949
0.419 13.126491646778 4124.03738317627
0.51 0.784313725490196 4124.82169690176
0.501 2.9940119760479 4127.81570887781
0.524 11.4503816793893 4139.2660905572
0.521 10.9404990403071 4150.20658959751
0.526 6.84410646387833 4157.05069606139
0.442 11.7647058823529 4168.81540194374
0.408 7.35294117647059 4176.16834312021
0.513 11.1111111111111 4187.27945423132
0.501 9.78043912175649 4197.05989335308
0.52 9.61538461538461 4206.67527796846
0.52 9.61538461538461 4216.29066258385
0.45 8 4224.29066258385
0.522 18.3908045977011 4242.68146718155
0.513 9.94152046783626 4252.62298764938
0.538 18.5873605947955 4271.21034824418
0.507 22.2879684418146 4293.49831668599
0.487 18.2751540041068 4311.7734706901
0.495 17.1717171717172 4328.94518786182
0.51 17.6470588235294 4346.59224668535
0.518 11.5830115830116 4358.17525826836
0.493 20.0811359026369 4378.256394171
0.514 7.00389105058366 4385.26028522158
0.476 15.1260504201681 4400.38633564175
0.471 15.4989384288747 4415.88527407062
0.519 4.81695568400771 4420.70222975463
0.505 5.34653465346535 4426.04876440809
0.451 10.8647450110865 4436.91350941918
0.464 10.3448275862069 4447.25833700539
0.426 -5.63380281690141 4441.62453418849
0.489 1.84049079754601 4443.46502498603
0.434 -5.99078341013825 4437.47424157589
0.504 12.6984126984127 4450.17265427431
0.533 12.1951219512195 4462.36777622553
0.491 18.1262729124236 4480.49404913795
0.526 18.6311787072243 4499.12522784517
0.489 12.4744376278119 4511.59966547299
0.507 10.8481262327416 4522.44779170573
0.517 12.1856866537718 4534.6334783595
0.508 -1.96850393700787 4532.66497442249
0.473 17.1247357293869 4549.78971015188
0.505 17.6237623762376 4567.41347252812
0.567 21.6931216931217 4589.10659422124
0.573 18.673647469459 4607.7802416907
0.568 23.5915492957746 4631.37179098647
0.479 16.9102296450939 4648.28202063157
0.481 18.0873180873181 4666.36933871888
0.424 19.811320754717 4686.1806594736
0.496 18.5483870967742 4704.72904657038
0.453 6.40176600441501 4711.13081257479
0.489 3.47648261758691 4714.60729519238
0.507 4.93096646942801 4719.53826166181
0.474 5.48523206751055 4725.02349372932
0.52 -3.07692307692308 4721.94657065239
0.472 4.23728813559322 4726.18385878799
0.461 9.32754880694143 4735.51140759493
0.424 9.90566037735849 4745.41706797229
0.445 4.26966292134831 4749.68673089363
0.54 -1.85185185185185 4747.83487904178
0.569 -2.63620386643234 4745.19867517535
0.488 10.2459016393443 4755.44457681469
0.495 18.3838383838384 4773.82841519853
0.474 5.90717299578059 4779.73558819431
0.52 10 4789.73558819431
0.479 3.13152400835073 4792.86711220266
0.515 3.68932038834951 4796.55643259101
0.484 16.9421487603306 4813.49858135134
0.467 4.92505353319058 4818.42363488453
0.504 1.58730158730159 4820.01093647184
0.508 0 4820.01093647184
0.513 4.48343079922027 4824.49436727106
0.554 3.6101083032491 4828.10447557431
0.51 12.156862745098 4840.2613383194
0.515 10.2912621359223 4850.55260045533
0.455 4.17582417582418 4854.72842463115
0.465 -1.50537634408602 4853.22304828706
0.469 3.19829424307036 4856.42134253013
0.452 6.63716814159292 4863.05851067173
0.463 -2.37580993520518 4860.68270073652
0.444 2.25225225225225 4862.93495298877
0.558 14.6953405017921 4877.63029349057
0.528 17.0454545454545 4894.67574803602
0.481 13.5135135135135 4908.18926154953
0.541 13.8632162661738 4922.05247781571
0.458 11.353711790393 4933.4061896061
0.546 6.59340659340659 4939.99959619951
0.565 9.02654867256637 4949.02614487207
0.502 4.7808764940239 4953.8070213661
0.515 1.35922330097087 4955.16624466707
0.54 -4.07407407407407 4951.09217059299
0.488 2.04918032786885 4953.14135092086
0.54 2.96296296296296 4956.10431388383
0.512 1.171875 4957.27618888383
0.5 -2.4 4954.87618888383
0.442 14.027149321267 4968.90333820509
0.492 8.53658536585366 4977.43992357095
0.441 22.9024943310658 5000.34241790201
0.457 26.0393873085339 5026.38180521055
0.45 17.3333333333333 5043.71513854388
0.465 18.7096774193548 5062.42481596324
0.519 13.2947976878613 5075.7196136511
0.542 14.3911439114391 5090.11075756254
0.507 10.0591715976331 5100.16992916017
0.493 18.4584178498986 5118.62834701007
0.466 4.29184549356223 5122.92019250363
0.516 7.36434108527132 5130.2845335889
0.545 1.65137614678899 5131.93590973569
0.521 2.87907869481766 5134.81498843051
0.474 20.253164556962 5155.06815298747
0.512 0.390625 5155.45877798747
0.521 -1.72744721689059 5153.73133077058
0.479 -5.21920668058455 5148.51212408999
0.532 0.37593984962406 5148.88806393962
0.505 6.13861386138614 5155.026677801
0.475 2.73684210526316 5157.76351990627
0.461 -16.7028199566161 5141.06069994965
0.492 15.8536585365854 5156.91435848624
0.468 -2.99145299145299 5153.92290549478
0.503 8.15109343936382 5162.07399893415
0.526 2.28136882129278 5164.35536775544
0.5 -4 5160.35536775544
0.5 -11.6 5148.75536775544
0.528 -8.71212121212121 5140.04324654332
0.472 -2.11864406779661 5137.92460247552
0.451 -8.2039911308204 5129.7206113447
0.487 4.72279260780287 5134.4434039525
0.491 0.610997963340122 5135.05440191585
0.499 -7.01402805611222 5128.04037385973
0.502 -11.1553784860558 5116.88499537368
0.498 5.22088353413655 5122.10587890781
0.508 3.54330708661417 5125.64918599443
0.55 13.8181818181818 5139.46736781261
0.523 7.07456978967495 5146.54193760228
0.464 -3.01724137931034 5143.52469622297
0.554 6.49819494584838 5150.02289116882
0.554 3.24909747292419 5153.27198864175
0.529 1.32325141776938 5154.59524005952
0.547 4.93601462522852 5159.53125468475
0.49 -9.79591836734694 5149.7353363174
0.501 -6.187624750499 5143.5477115669
0.481 -6.44490644490644 5137.10280512199
0.436 0 5137.10280512199
0.505 2.97029702970297 5140.0731021517
0.532 1.50375939849624 5141.57686155019
0.46 -13.4782608695652 5128.09860068063
0.479 -1.87891440501044 5126.21968627562
0.492 -5.28455284552845 5120.93513343009
0.489 -11.2474437627812 5109.68768966731
0.458 4.80349344978166 5114.49118311709
0.411 -5.10948905109489 5109.38169406599
0.439 -9.79498861047836 5099.58670545551
0.407 -15.4791154791155 5084.1075899764
0.446 -18.8340807174888 5065.27350925891
0.476 -12.1848739495798 5053.08863530933
0.489 -16.9734151329243 5036.11522017641
0.404 -17.8217821782178 5018.29343799819
0.457 -11.5973741794311 5006.69606381876
0.503 -12.1272365805169 4994.56882723824
0.485 -13.8144329896907 4980.75439424855
0.431 0.696055684454756 4981.45044993301
0.465 -5.80645161290323 4975.6439983201
0.582 1.03092783505155 4976.67492615515
0.491 -4.27698574338086 4972.39794041177
0.513 -8.38206627680312 4964.01587413497
0.531 10.7344632768362 4974.75033741181
0.514 8.56031128404669 4983.31064869585
0.519 15.9922928709056 4999.30294156676
0.526 10.6463878326996 5009.94932939946
0.474 10.126582278481 5020.07591167794
0.473 -4.0169133192389 5016.0589983587
0.463 -2.37580993520518 5013.68318842349
0.481 1.87110187110187 5015.5542902946
0.49 -2.04081632653061 5013.51347396807
0.489 -1.02249488752556 5012.49097908054
0.441 0.680272108843537 5013.17125118938
0.455 6.37362637362637 5019.54487756301
0.542 10.3321033210332 5029.87698088404
0.545 5.32110091743119 5035.19808180147
0.538 0.371747211895911 5035.56982901337
0.461 15.4013015184382 5050.97113053181
0.472 4.66101694915254 5055.63214748096
0.517 -6.38297872340426 5049.24916875756
0.48 -1.66666666666667 5047.58250209089
0.479 -17.3277661795407 5030.25473591135
0.473 -10.7822410147992 5019.47249489655
0.455 -6.37362637362637 5013.09886852292
0.456 -7.01754385964912 5006.08132466327
0.468 -11.1111111111111 4994.97021355216
0.467 -11.3490364025696 4983.62117714959
0.503 -8.15109343936382 4975.47008371023
0.527 -7.02087286527514 4968.44921084495
0.46 -10 4958.44921084495
0.53 9.05660377358491 4967.50581461854
0.531 3.2015065913371 4970.70732120988
0.553 -7.41410488245931 4963.29321632742
0.573 -2.96684118673647 4960.32637514068
0.554 1.80505415162455 4962.13142929231
0.516 0.775193798449612 4962.90662309076
0.565 -15.0442477876106 4947.86237530314
0.537 -12.4767225325885 4935.38565277056
0.528 -12.5 4922.88565277056
0.537 10.2420856610801 4933.12773843164
0.505 -9.30693069306931 4923.82080773857
0.498 -6.02409638554217 4917.79671135302
0.494 -7.28744939271255 4910.50926196031
0.546 8.05860805860806 4918.56787001892
0.472 -13.5593220338983 4905.00854798502
0.455 -8.13186813186813 4896.87667985315
0.481 -13.9293139293139 4882.94736592384
0.464 3.44827586206897 4886.39564178591
0.498 -4.41767068273092 4881.97797110318
0.469 1.06609808102345 4883.0440691842
0.519 -11.7533718689788 4871.29069731522
0.527 -8.53889943074004 4862.75179788448
0.459 -8.06100217864924 4854.69079570583
0.436 -6.88073394495413 4847.81006176088
0.517 4.83558994197292 4852.64565170285
0.446 8.07174887892377 4860.71740058178
0.494 8.90688259109312 4869.62428317287
0.485 5.56701030927835 4875.19129348215
0.428 -7.94392523364486 4867.2473682485
0.477 -4.40251572327044 4862.84485252523
0.422 -3.7914691943128 4859.05338333092
0.514 10.8949416342412 4869.94832496516
0.451 -1.10864745011086 4868.83967751505
0.481 -3.53430353430353 4865.30537398075
0.493 -4.66531440162272 4860.64005957912
0.527 6.64136622390892 4867.28142580303
0.497 3.420523138833 4870.70194894187
0.51 2.35294117647059 4873.05489011834
0.503 0.596421471172962 4873.65131158951
0.546 -3.66300366300366 4869.98830792651
0.48 -12.5 4857.48830792651
0.477 -1.88679245283019 4855.60151547368
0.513 8.38206627680312 4863.98358175048
0.476 7.14285714285714 4871.12643889334
0.499 5.81162324649299 4876.93806213983
0.474 5.90717299578059 4882.84523513561
0.496 -16.9354838709677 4865.90975126464
0.491 2.64765784114053 4868.55740910578
0.488 5.32786885245902 4873.88527795824
0.519 17.5337186897881 4891.41899664803
0.488 1.22950819672131 4892.64850484475
0.447 -14.5413870246085 4878.10711782014
0.447 -9.61968680089485 4868.48743101925
0.444 -22.972972972973 4845.51445804627
0.458 -14.410480349345 4831.10397769693
0.453 -16.5562913907285 4814.5476863062
0.481 -9.35550935550935 4805.19217695069
0.488 -22.1311475409836 4783.06102940971
0.475 -25.0526315789474 4758.00839783076
0.48 -27.5 4730.50839783076
0.413 -19.1283292978208 4711.38006853294
0.441 -18.8208616780045 4692.55920685493
0.497 -1.00603621730382 4691.55317063763
0.424 -5.66037735849057 4685.89279327914
0.532 8.64661654135338 4694.53940982049
0.51 1.56862745098039 4696.10803727147
0.464 -8.18965517241379 4687.91838209906
0.512 -6.25 4681.66838209906
0.454 -18.5022026431718 4663.16617945589
0.465 -4.94623655913978 4658.21994289675
0.461 4.12147505422993 4662.34141795098
0.522 -1.14942528735632 4661.19199266362
0.439 4.32801822323462 4665.52001088686
0.486 5.76131687242798 4671.28132775928
0.507 -2.16962524654832 4669.11170251274
0.497 -1.81086519114688 4667.30083732159
0.522 0.383141762452107 4667.68397908404
0.496 5.64516129032258 4673.32914037436
0.535 3.55140186915888 4676.88054224352
0.446 -8.07174887892377 4668.8087933646
0.496 8.87096774193548 4677.67976110653
0.545 10.4587155963303 4688.13847670286
0.503 16.10337972167 4704.24185642454
0.486 11.1111111111111 4715.35296753565
0.497 3.82293762575453 4719.1759051614
0.465 -2.36559139784946 4716.81031376355
0.481 -0.207900207900208 4716.60241355565
0.485 -6.80412371134021 4709.79828984431
0.417 -6.47482014388489 4703.32346970043
0.499 1.00200400801603 4704.32547370844
0.489 -10.838445807771 4693.48702790067
0.508 -0.78740157480315 4692.69962632587
0.469 -10.4477611940299 4682.25186513184
0.5 -6.8 4675.45186513184
0.482 -8.71369294605809 4666.73817218578
0.494 13.7651821862348 4680.50335437201
0.511 2.93542074363992 4683.43877511565
0.456 -13.1578947368421 4670.28088037881
0.447 -1.11856823266219 4669.16231214615
0.428 0 4669.16231214615
0.465 -3.65591397849462 4665.50639816766
0.528 -15.9090909090909 4649.59730725856
0.511 -14.6771037181996 4634.92020354037
0.524 -14.8854961832061 4620.03470735716
0.541 -13.8632162661738 4606.17149109099
0.563 -10.8348134991119 4595.33667759187
0.503 -11.3320079522863 4584.00466963959
0.456 3.07017543859649 4587.07484507818
0.392 7.14285714285714 4594.21770222104
0.375 0.266666666666667 4594.48436888771
0.473 3.59408033826638 4598.07844922597
0.536 -3.73134328358209 4594.34710594239
0.483 8.48861283643892 4602.83571877883
0.479 5.21920668058455 4608.05492545942
0.496 10.0806451612903 4618.13557062071
0.462 11.2554112554113 4629.39098187612
0.469 5.33049040511727 4634.72147228123
0.507 6.11439842209073 4640.83587070332
0.5 -6 4634.83587070332
0.523 -3.25047801147228 4631.58539269185
0.5 4.4 4635.98539269185
0.485 -1.44329896907216 4634.54209372278
0.509 -4.51866404715128 4630.02342967563
0.462 6.06060606060606 4636.08403573623
0.503 4.97017892644135 4641.05421466268
0.448 6.69642857142857 4647.75064323411
0.466 -10.3004291845494 4637.45021404956
0.447 -8.7248322147651 4628.72538183479
0.441 -2.04081632653061 4626.68456550826
0.476 9.66386554621849 4636.34843105448
0.484 -4.54545454545455 4631.80297650902
0.478 0.836820083682008 4632.63979659271
0.488 -1.63934426229508 4631.00045233041
0.527 1.70777988614801 4632.70823221656
0.499 2.20440881763527 4634.91264103419
0.458 -7.4235807860262 4627.48906024817
0.434 4.60829493087558 4632.09735517904
0.512 -5.46875 4626.62860517904
0.507 6.50887573964497 4633.13748091869
0.52 14.2307692307692 4647.36825014946
0.493 -3.04259634888438 4644.32565380057
0.538 8.55018587360595 4652.87583967418
0.501 -5.78842315369261 4647.08741652049
0.478 0 4647.08741652049
0.536 -3.35820895522388 4643.72920756526
0.57 -5.6140350877193 4638.11517247754
0.504 -1.98412698412698 4636.13104549342
0.506 6.32411067193676 4642.45515616535
0.483 7.2463768115942 4649.70153297695
0.472 -6.77966101694915 4642.92187196
0.48 -12.9166666666667 4630.00520529333
0.422 -6.16113744075829 4623.84406785257
0.432 -9.72222222222222 4614.12184563035
0.385 1.2987012987013 4615.42054692905
0.408 -8.82352941176471 4606.59701751729
0.428 5.60747663551402 4612.2044941528
0.469 -21.5351812366738 4590.66931291613
0.503 -2.98210735586481 4587.68720556026
0.521 -3.26295585412668 4584.42424970614
0.522 2.68199233716475 4587.1062420433
0.488 -2.45901639344262 4584.64722564986
0.52 -12.6923076923077 4571.95491795755
0.481 1.45530145530146 4573.41021941285
0.438 -6.84931506849315 4566.56090434436
0.512 -9.375 4557.18590434436
0.514 1.55642023346304 4558.74232457782
0.532 -4.13533834586466 4554.60698623196
0.514 4.66926070038911 4559.27624693235
0.498 0.401606425702811 4559.67785335805
0.477 6.49895178197065 4566.17680514002
0.503 11.7296222664016 4577.90642740642
0.46 9.1304347826087 4587.03686218903
0.447 6.48769574944072 4593.52455793847
0.505 -2.17821782178218 4591.34634011669
0.475 6.52631578947368 4597.87265590616
0.451 -7.76053215077605 4590.11212375539
0.527 -4.7438330170778 4585.36829073831
0.523 -3.25047801147228 4582.11781272684
0.584 -6.50684931506849 4575.61096341177
0.55 -4.36363636363636 4571.24732704813
0.555 -3.78378378378378 4567.46354326435
0.592 -5.74324324324324 4561.7203000211
0.606 -4.95049504950495 4556.7698049716
0.594 -3.03030303030303 4553.7395019413
0.56 -7.14285714285714 4546.59664479844
0.57 2.80701754385965 4549.4036623423
0.559 -0.894454382826476 4548.50920795947
0.565 -3.36283185840708 4545.14637610107
0.527 -7.77988614800759 4537.36648995306
0.441 -10.2040816326531 4527.16240832041
0.503 2.5844930417495 4529.74690136215
0.574 2.09059233449477 4531.83749369665
0.612 -6.86274509803922 4524.97474859861
0.616 -3.8961038961039 4521.07864470251
0.548 -9.85401459854015 4511.22463010397
0.575 -6.78260869565217 4504.44202140831
0.561 -4.81283422459893 4499.62918718371
0.504 -3.57142857142857 4496.05775861229
0.502 -5.1792828685259 4490.87847574376
0.579 -6.04490500863558 4484.83357073513
0.583 -1.54373927958834 4483.28983145554
0.584 -5.82191780821918 4477.46791364732
0.57 -1.05263157894737 4476.41528206837
0.437 1.1441647597254 4477.5594468281
0.406 -4.43349753694581 4473.12594929115
0.41 9.75609756097561 4482.88204685213
0.42 2.85714285714286 4485.73918970927
0.421 6.41330166270784 4492.15249137198
0.48 3.33333333333333 4495.48582470531
0.503 3.77733598409543 4499.2631606894
0.455 5.05494505494505 4504.31810574435
0.383 9.13838120104439 4513.45648694539
0.483 1.0351966873706 4514.49168363276
0.491 3.86965376782077 4518.36133740059
0.465 4.51612903225806 4522.87746643284
0.459 -0.65359477124183 4522.2238716616
0.471 0.636942675159236 4522.86081433676
0.452 -4.42477876106195 4518.4360355757
0.508 -5.51181102362205 4512.92422455208
0.495 -4.64646464646465 4508.27775990561
0.424 1.41509433962264 4509.69285424524
0.435 2.06896551724138 4511.76181976248
0.423 -7.32860520094563 4504.43321456153
0.503 -16.10337972167 4488.32983483986
0.485 -3.91752577319588 4484.41230906666
0.542 3.3210332103321 4487.733342277
0.516 -5.03875968992248 4482.69458258707
0.513 -2.53411306042885 4480.16046952665
0.483 -7.2463768115942 4472.91409271505
0.468 -2.13675213675214 4470.7773405783
0.522 13.7931034482759 4484.57044402658
0.487 5.5441478439425 4490.11459187052
0.524 14.8854961832061 4505.00008805372
0.522 10.727969348659 4515.72805740238
0.471 6.58174097664544 4522.30979837903
0.436 7.79816513761468 4530.10796351664
0.4 2 4532.10796351664
0.483 6.41821946169772 4538.52618297834
0.492 12.1951219512195 4550.72130492956
0.494 12.5506072874494 4563.27191221701
0.511 -3.71819960861057 4559.5537126084
0.531 -11.1111111111111 4548.44260149729
0.563 -5.50621669626998 4542.93638480102
0.551 -12.8856624319419 4530.05072236908
0.459 -9.80392156862745 4520.24680080045
0.428 -7.94392523364486 4512.3028755668
0.522 -2.29885057471264 4510.00402499209
0.488 -12.2950819672131 4497.70894302488
0.427 -5.85480093676815 4491.85414208811
0.493 -12.3732251521298 4479.48091693598
0.528 -14.0151515151515 4465.46576542083
0.521 4.41458733205374 4469.88035275288
0.567 0.17636684303351 4470.05671959592
0.478 -0.418410041841004 4469.63830955407
0.479 2.2964509394572 4471.93476049353
0.459 -2.39651416122004 4469.53824633231
0.5 -16 4453.53824633231
0.494 -11.7408906882591 4441.79735564405
0.484 -17.7685950413223 4424.02876060273
0.493 -9.93914807302231 4414.08961252971
0.488 -9.83606557377049 4404.25354695594
0.472 -26.6949152542373 4377.5586317017
0.49 -10.2040816326531 4367.35455006905
0.471 -12.5265392781316 4354.82801079092
0.507 -12.0315581854043 4342.79645260551
0.501 -14.9700598802395 4327.82639272527
0.51 -22.3529411764706 4305.4734515488
0.526 -20.1520912547529 4285.32136029405
0.538 -12.2676579925651 4273.05370230148
0.451 3.32594235033259 4276.37964465182
0.486 -4.93827160493827 4271.44137304688
0.476 -11.3445378151261 4260.09683523175
0.544 9.55882352941176 4269.65565876116
0.512 0 4269.65565876116
0.537 -1.30353817504655 4268.35212058612
0.501 2.59481037924152 4270.94693096536
0.533 -4.69043151969981 4266.25649944566
0.476 1.26050420168067 4267.51700364734
0.51 -0.784313725490196 4266.73268992185
0.509 -9.23379174852652 4257.49889817332
0.5 -8.8 4248.69889817332
0.418 0.956937799043062 4249.65583597236
0.486 9.87654320987654 4259.53237918224
0.472 -6.77966101694915 4252.75271816529
0.472 -7.6271186440678 4245.12559952123
0.46 -10.8695652173913 4234.25603430383
0.472 -13.5593220338983 4220.69671226994
0.454 -11.4537444933921 4209.24296777654
0.471 -13.3757961783439 4195.8671715982
0.463 -20.0863930885529 4175.78077850965
0.47 -16.5957446808511 4159.18503382879
0.494 -22.2672064777328 4136.91782735106
0.474 -14.3459915611814 4122.57183578988
0.498 -8.83534136546185 4113.73649442442
0.456 -3.50877192982456 4110.22772249459
0.45 -9.33333333333333 4100.89438916126
0.479 -9.81210855949896 4091.08228060176
0.575 -5.73913043478261 4085.34315016698
0.503 -4.17495029821074 4081.16819986877
0.495 3.03030303030303 4084.19850289907
0.474 -5.06329113924051 4079.13521175983
0.518 -3.08880308880309 4076.04640867103
0.498 -12.0481927710843 4063.99821589994
0.493 -5.88235294117647 4058.11586295877
0.541 -16.8207024029575 4041.29516055581
0.507 0.19723865877712 4041.49239921459
0.479 -9.39457202505219 4032.09782718954
0.508 2.36220472440945 4034.46003191394
0.532 9.77443609022556 4044.23446800417
0.5 12.4 4056.63446800417
0.517 8.70406189555126 4065.33852989972
0.49 -6.93877551020408 4058.39975438952
0.517 10.6382978723404 4069.03805226186
0.478 -5.02092050209205 4064.01713175977
0.449 -13.1403118040089 4050.87681995576
0.485 -11.7525773195876 4039.12424263617
0.477 -9.85324947589099 4029.27099316028
0.531 -11.4877589453861 4017.78323421489
0.522 4.59770114942529 4022.38093536432
0.513 3.31384015594542 4025.69477552026
0.499 5.81162324649299 4031.50639876676
0.464 3.44827586206897 4034.95467462882
0.419 3.10262529832936 4038.05729992715
0.475 -2.73684210526316 4035.32045782189
0.532 6.76691729323308 4042.08737511512
0.572 10.4895104895105 4052.57688560463
0.492 -6.09756097560976 4046.47932462902
0.466 8.58369098712446 4055.06301561615
0.531 8.47457627118644 4063.53759188734
0.557 11.310592459605 4074.84818434694
0.509 -10.0196463654224 4064.82853798152
0.478 1.67364016736402 4066.50217814888
0.502 -3.58565737051793 4062.91652077836
0.484 -11.1570247933884 4051.75949598498
0.477 -2.72536687631027 4049.03412910867
0.502 -12.3505976095618 4036.6835314991
0.459 1.52505446623094 4038.20858596533
0.516 -15.5038759689922 4022.70470999634
0.456 4.82456140350877 4027.52927139985
0.52 -11.1538461538462 4016.37542524601
0.525 4.38095238095238 4020.75637762696
0.509 2.94695481335953 4023.70333244032
0.498 -0.803212851405622 4022.90011958891
0.498 8.03212851405623 4030.93224810297
0.513 10.3313840155945 4041.26363211856
0.511 3.71819960861057 4044.98183172717
0.502 7.56972111553785 4052.55155284271
0.519 -3.66088631984586 4048.89066652286
0.535 3.17757009345794 4052.06823661632
0.492 -10.1626016260163 4041.90563499031
0.444 1.35135135135135 4043.25698634166
0.574 -10.801393728223 4032.45559261343
0.562 -4.62633451957295 4027.82925809386
0.545 -0.917431192660551 4026.9118269012
0.574 -1.74216027874564 4025.16966662246
0.552 0.36231884057971 4025.53198546304
0.601 -5.49084858569052 4020.04113687734
0.491 -2.24032586558045 4017.80081101176
0.43 4.18604651162791 4021.98685752339
0.488 -11.0655737704918 4010.9212837529
0.544 -15.4411764705882 3995.48010728231
0.504 -3.96825396825397 3991.51185331406
0.463 2.80777537796976 3994.31962869203
0.465 3.65591397849462 3997.97554267052
0.527 -1.70777988614801 3996.26776278437
0.553 -3.79746835443038 3992.47029442994
0.557 -3.77019748653501 3988.70009694341
0.479 -8.55949895615866 3980.14059798725
0.528 -6.81818181818182 3973.32241616907
0.518 -6.17760617760618 3967.14480999146
0.468 -1.70940170940171 3965.43540828206
0.421 -2.13776722090261 3963.29764106116
0.437 6.17848970251716 3969.47613076368
0.403 -14.6401985111663 3954.83593225251
0.458 -8.73362445414847 3946.10230779836
0.553 3.07414104882459 3949.17644884719
0.543 1.28913443830571 3950.46558328549
0.43 -1.3953488372093 3949.07023444828
0.45 -1.77777777777778 3947.2924566705
0.437 -3.89016018306636 3943.40229648744
0.408 5.88235294117647 3949.28464942861
0.452 -2.65486725663717 3946.62978217198
0.435 -6.20689655172414 3940.42288562025
0.452 -12.3893805309735 3928.03350508928
0.475 -9.47368421052632 3918.55982087875
0.534 -15.7303370786517 3902.8294838001
0.45 -5.33333333333333 3897.49615046677
0.504 -6.34920634920635 3891.14694411756
0.469 7.0362473347548 3898.18319145232
0.433 -14.0877598152425 3884.09543163707
0.499 0.601202404809619 3884.69663404188
0.486 7.81893004115226 3892.51556408304
0.451 15.2993348115299 3907.81489889457
0.493 9.53346855983773 3917.3483674544
0.527 -0.94876660341556 3916.39960085099
0.465 -12.6881720430108 3903.71142880798
0.502 -14.7410358565737 3888.9703929514
0.524 -3.81679389312977 3885.15359905827
0.517 -14.5067698259188 3870.64682923236
0.485 -15.8762886597938 3854.77054057256
0.483 -8.48861283643892 3846.28192773612
0.502 -9.9601593625498 3836.32176837357
0.507 -15.5818540433925 3820.73991433018
0.483 -19.2546583850932 3801.48525594509
0.49 -15.5102040816327 3785.97505186345
0.504 -1.58730158730159 3784.38775027615
0.47 -23.8297872340426 3760.55796304211
0.484 -13.6363636363636 3746.92159940575
0.488 -11.8852459016393 3735.03635350411
0.474 -14.7679324894515 3720.26842101466
0.506 -11.8577075098814 3708.41071350477
0.51 -21.5686274509804 3686.84208605379
0.443 -9.70654627539503 3677.1355397784
0.553 2.7124773960217 3679.84801717442
0.538 -5.57620817843866 3674.27180899598
0.505 -3.76237623762376 3670.50943275836
0.496 -5.24193548387097 3665.26749727449
0.489 -7.56646216768916 3657.7010351068
0.524 8.3969465648855 3666.09798167168
0.505 -12.8712871287129 3653.22669454297
0.488 8.19672131147541 3661.42341585445
0.426 -3.28638497652582 3658.13703087792
0.556 -2.87769784172662 3655.25933303619
0.478 2.92887029288703 3658.18820332908
0.512 -5.859375 3652.32882832908
0.489 -12.0654396728016 3640.26338865628
0.501 -5.78842315369261 3634.47496550259
0.51 -2.35294117647059 3632.12202432612
0.482 -7.88381742738589 3624.23820689873
0.519 -4.04624277456647 3620.19196412416
0.547 -2.74223034734918 3617.44973377681
0.523 2.86806883365201 3620.31780261047
0.469 0.639658848614073 3620.95746145908
0.529 8.12854442344045 3629.08600588252
0.536 5.59701492537313 3634.68302080789
0.521 9.40499040307102 3644.08801121096
0.502 10.3585657370518 3654.44657694802
0.485 2.2680412371134 3656.71461818513
0.442 8.1447963800905 3664.85941456522
0.448 12.0535714285714 3676.91298599379
0.435 -5.28735632183908 3671.62562967195
0.486 -6.99588477366255 3664.62974489829
0.477 -21.1740041928721 3643.45574070542
0.521 -2.49520153550864 3640.96053916991
0.436 -3.21100917431193 3637.7495299956
0.523 8.60420650095602 3646.35373649655
0.43 -6.97674418604651 3639.37699231051
0.466 -17.5965665236052 3621.7804257869
0.536 -14.9253731343284 3606.85505265257
0.512 5.078125 3611.93317765257
0.524 3.43511450381679 3615.36829215639
0.502 0 3615.36829215639
0.472 0.423728813559322 3615.79202096995
0.451 4.21286031042129 3620.00488128037
0.485 -0.206185567010309 3619.79869571336
0.459 -22.8758169934641 3596.9228787199
0.493 -29.0060851926978 3567.9167935272
0.515 -5.24271844660194 3562.6740750806
0.496 -10.0806451612903 3552.59342991931
0.518 -4.24710424710425 3548.3463256722
0.501 5.78842315369261 3554.13474882589
0.505 -12.0792079207921 3542.0555409051
0.489 -8.79345603271984 3533.26208487238
0.474 -2.9535864978903 3530.30849837449
0.485 -13.4020618556701 3516.90643651882
0.523 -5.92734225621415 3510.97909426261
0.513 -15.009746588694 3495.96934767391
0.503 -10.1391650099404 3485.83018266397
0.468 -14.5299145299145 3471.30026813406
0.505 -3.76237623762376 3467.53789189644
0.502 -10.3585657370518 3457.17932615938
0.523 -13.1931166347992 3443.98620952458
0.517 -7.15667311411992 3436.82953641047
0.439 -7.06150341685649 3429.76803299361
0.474 -6.32911392405063 3423.43891906956
0.485 -17.5257731958763 3405.91314587368
0.471 -4.88322717622081 3401.02991869746
0.478 -14.2259414225941 3386.80397727487
0.459 -9.3681917211329 3377.43578555373
0.475 -10.7368421052632 3366.69894344847
0.502 -11.1553784860558 3355.54356496241
0.479 -10.6471816283925 3344.89638333402
0.478 -5.85774058577406 3339.03864274825
0.465 -13.1182795698925 3325.92036317836
0.469 -11.3006396588486 3314.61972351951
0.476 -13.8655462184874 3300.75417730102
0.464 -15.948275862069 3284.80590143895
0.463 -12.7429805615551 3272.0629208774
0.466 -16.7381974248927 3255.3247234525
0.525 -9.33333333333333 3245.99139011917
0.485 -10.5154639175258 3235.47592620164
0.486 -11.1111111111111 3224.36481509053
0.516 -13.1782945736434 3211.18652051689
0.459 -12.8540305010893 3198.3324900158
0.48 -3.33333333333333 3194.99915668247
0.537 -19.1806331471136 3175.81852353535
0.483 -14.2857142857143 3161.53280924964
0.417 -9.35251798561151 3152.18029126403
0.432 -3.7037037037037 3148.47658756032
0.486 -9.87654320987654 3138.60004435045
0.499 -10.2204408817635 3128.37960346868
0.504 -18.2539682539683 3110.12563521472
0.488 -7.37704918032787 3102.74858603439
0.473 -9.51374207188161 3093.23484396251
0.543 -5.70902394106814 3087.52582002144
0.478 -7.94979079497908 3079.57602922646
0.513 -13.8401559454191 3065.73587328104
0.513 -10.7212475633528 3055.01462571769
0.457 -17.7242888402626 3037.29033687742
0.469 -19.8294243070362 3017.46091257039
0.49 -6.12244897959184 3011.3384635908
0.493 -0.202839756592292 3011.1356238342
0.504 -12.3015873015873 2998.83403653262
0.447 -9.61968680089485 2989.21434973172
0.484 -5.78512396694215 2983.42922576478
0.525 -0.19047619047619 2983.2387495743
0.474 -5.06329113924051 2978.17545843506
0.495 0.606060606060606 2978.78151904112
0.488 2.04918032786885 2980.83069936899
0.429 9.55710955710956 2990.3878089261
0.481 -13.9293139293139 2976.45849499679
0.431 -11.368909512761 2965.08958548403
0.482 -5.80912863070539 2959.28045685332
0.534 -7.86516853932584 2951.415288314
0.561 -12.2994652406417 2939.11582307335
0.494 -9.31174089068826 2929.80408218267
0.546 -5.49450549450549 2924.30957668816
0.439 -6.60592255125285 2917.70365413691
0.463 -11.8790496760259 2905.82460446088
0.502 -5.97609561752988 2899.84850884335
0.538 -2.97397769516729 2896.87453114818
0.524 -9.16030534351145 2887.71422580467
0.526 -10.6463878326996 2877.06783797197
0.544 -10.2941176470588 2866.77372032491
0.49 -6.93877551020408 2859.83494481471
0.509 6.09037328094303 2865.92531809565
0.463 0.215982721382289 2866.14130081704
0.506 5.13833992094862 2871.27964073798
0.472 -2.11864406779661 2869.16099667019
0.451 -7.76053215077605 2861.40046451941
0.525 -10.8571428571429 2850.54332166227
0.479 -3.13152400835073 2847.41179765392
0.488 7.37704918032787 2854.78884683425
0.452 -3.98230088495575 2850.80654594929
0.354 -0.564971751412429 2850.24157419788
0.45 8.44444444444444 2858.68601864232
0.473 9.09090909090909 2867.77692773323
0.47 3.82978723404255 2871.60671496727
0.411 13.8686131386861 2885.47532810596
0.366 -1.63934426229508 2883.83598384366
0.43 2.32558139534884 2886.16156523901
0.49 12.2448979591837 2898.4064631982
0.453 5.07726269315673 2903.48372589135
0.494 6.07287449392713 2909.55660038528
0.424 3.30188679245283 2912.85848717773
0.452 -4.86725663716814 2907.99123054057
0.47 -12.3404255319149 2895.65080500865
0.455 -9.45054945054945 2886.2002555581
0.489 -10.4294478527607 2875.77080770534
0.417 -17.0263788968825 2858.74442880846
0.519 -22.1579961464355 2836.58643266202
0.521 -27.831094049904 2808.75533861212
0.488 -0.819672131147541 2807.93566648097
0.497 -20.3219315895372 2787.61373489143
0.545 -16.3302752293578 2771.28345966208
0.449 -14.0311804008909 2757.25227926119
0.45 -16.4444444444444 2740.80783481674
0.525 -14.6666666666667 2726.14116815007
0.481 -1.03950103950104 2725.10166711057
0.53 0 2725.10166711057
0.522 -3.83141762452107 2721.27024948605
0.526 -11.787072243346 2709.48317724271
0.519 -12.1387283236994 2697.34444891901
0.513 6.82261208576998 2704.16706100478
0.549 4.55373406193078 2708.72079506671
0.433 9.46882217090069 2718.18961723761
0.534 10.4868913857678 2728.67650862338
0.504 1.98412698412698 2730.6606356075
0.466 -14.1630901287554 2716.49754547875
0.501 8.58283433133733 2725.08037981008
0.509 10.8055009823183 2735.8858807924
0.511 1.76125244618395 2737.64713323859
0.482 4.9792531120332 2742.62638635062
0.512 6.25 2748.87638635062
0.476 7.56302521008403 2756.4394115607
0.485 8.45360824742268 2764.89301980813
0.521 -2.11132437619962 2762.78169543193
0.519 0.192678227360308 2762.97437365929
0.447 -6.04026845637584 2756.93410520291
0.514 1.55642023346304 2758.49052543637
0.41 4.39024390243902 2762.88076933881
0.498 6.82730923694779 2769.70807857576
0.456 6.57894736842105 2776.28702594418
0.493 0.608519269776876 2776.89554521396
0.464 -6.03448275862069 2770.86106245534
0.518 -10.8108108108108 2760.05025164453
0.545 -2.01834862385321 2758.03190302067
0.491 10.3869653767821 2768.41886839746
0.487 6.36550308008214 2774.78437147754
0.514 2.72373540856031 2777.5081068861
0.416 -0.961538461538462 2776.54656842456
0.49 -1.63265306122449 2774.91391536334
0.455 -5.05494505494505 2769.85897030839
0.505 -14.0594059405941 2755.7995643678
0.511 -9.98043052837573 2745.81913383942
0.506 -10.2766798418972 2735.54245399752
0.468 1.28205128205128 2736.82450527958
0.472 -2.96610169491525 2733.85840358466
0.461 -6.72451193058568 2727.13389165407
0.482 -4.149377593361 2722.98451406071
0.545 -5.32110091743119 2717.66341314328
0.509 -8.05500982318271 2709.6084033201
0.478 -4.18410041841004 2705.42430290169
0.436 -7.79816513761468 2697.62613776407
0.503 -13.7176938369781 2683.9084439271
0.527 -11.9544592030361 2671.95398472406
0.495 -7.47474747474747 2664.47923724931
0.535 -11.0280373831776 2653.45119986614
0.521 -13.2437619961612 2640.20743786997
0.521 -15.5470249520154 2624.66041291796
0.534 -10.8614232209738 2613.79898969699
0.53 -7.54716981132075 2606.25181988566
0.509 -4.91159135559921 2601.34022853007
0.498 -12.0481927710843 2589.29203575898
0.52 -14.6153846153846 2574.6766511436
0.471 -15.9235668789809 2558.75308426462
0.481 -5.1975051975052 2553.55557906711
0.504 -14.2857142857143 2539.2698647814
0.488 -11.4754098360656 2527.79445494533
0.473 14.1649048625793 2541.95935980791
0.486 0 2541.95935980791
0.519 -8.28516377649326 2533.67419603142
0.536 -16.044776119403 2517.62941991201
0.507 -5.32544378698225 2512.30397612503
0.493 -13.5902636916836 2498.71371243335
0.482 2.4896265560166 2501.20333898936
0.503 2.98210735586481 2504.18544634523
0.462 -4.32900432900433 2499.85644201622
0.459 -4.57516339869281 2495.28127861753
0.455 0.659340659340659 2495.94061927687
0.451 -18.4035476718404 2477.53707160503
0.476 -13.0252100840336 2464.511861521
0.478 -12.5523012552301 2451.95956026577
0.484 -13.2231404958678 2438.7364197699
0.496 -16.5322580645161 2422.20416170538
0.513 13.8401559454191 2436.0443176508
0.469 -11.3006396588486 2424.74367799196
0.527 -10.4364326375712 2414.30724535438
0.513 -6.82261208576998 2407.48463326861
0.444 -5.40540540540541 2402.07922786321
0.456 -0.87719298245614 2401.20203488075
0.511 -8.80626223091977 2392.39577264983
0.502 -17.5298804780876 2374.86589217175
0.459 -16.3398692810458 2358.5260228907
0.443 -9.70654627539503 2348.8194766153
0.395 -9.87341772151899 2338.94605889379
0.414 -12.56038647343 2326.38567242036
0.467 -28.4796573875803 2297.90601503278
0.434 -34.5622119815668 2263.34380305121
0.381 -28.0839895013123 2235.2598135499
0.439 -12.5284738041002 2222.7313397458
0.421 -15.4394299287411 2207.29190981705
0.41 -17.5609756097561 2189.7309342073
0.45 -11.5555555555556 2178.17537865174
0.422 -3.3175355450237 2174.85784310672
0.405 -11.6049382716049 2163.25290483511
0.385 -19.4805194805195 2143.77238535459
0.41 -8.29268292682927 2135.47970242777
0.421 -1.18764845605701 2134.29205397171
0.402 -2.48756218905473 2131.80449178265
0.462 -11.2554112554113 2120.54908052724
0.43 -13.4883720930233 2107.06070843422
0.43 -17.2093023255814 2089.85140610864
0.385 -12.2077922077922 2077.64361390085
0.377 -22.5464190981432 2055.0971948027
0.407 -9.09090909090909 2046.00628571179
0.4 -17.5 2028.50628571179
0.368 -19.5652173913043 2008.94106832049
0.431 -16.0092807424594 1992.93178757803
0.438 -20.0913242009132 1972.84046337712
0.424 -20.7547169811321 1952.08574639598
0.354 -9.03954802259887 1943.04619837339
0.438 -8.67579908675799 1934.37039928663
0.43 -13.4883720930233 1920.8820271936
0.424 -10.8490566037736 1910.03297058983
0.477 -2.72536687631027 1907.30760371352
0.406 -2.95566502463054 1904.35193868889
0.404 3.46534653465347 1907.81728522354
0.456 -8.33333333333333 1899.48395189021
0.388 -17.5257731958763 1881.95817869433
0.442 -0.452488687782805 1881.50569000655
0.418 -2.87081339712919 1878.63487660942
0.36 -1.66666666666667 1876.96820994276
0.442 0 1876.96820994276
0.471 -4.45859872611465 1872.50961121664
0.45 0 1872.50961121664
0.446 -9.41704035874439 1863.0925708579
0.485 -6.39175257731959 1856.70081828058
0.47 0.425531914893617 1857.12635019547
0.499 7.41482965931864 1864.54117985479
0.506 -0.395256916996047 1864.14592293779
0.489 0.204498977505112 1864.3504219153
0.503 14.5129224652087 1878.86334438051
0.512 5.078125 1883.94146938051
0.492 3.65853658536585 1887.60000596587
0.484 10.3305785123967 1897.93058447827
0.477 1.0482180293501 1898.97880250762
0.528 -4.16666666666667 1894.81213584095
0.471 11.2526539278132 1906.06478976877
0.541 0.924214417744917 1906.98900418651
0.501 9.78043912175649 1916.76944330827
0.524 -6.87022900763359 1909.89921430063
0.518 -13.8996138996139 1895.99960040102
0.475 -17.0526315789474 1878.94696882207
0.48 -13.3333333333333 1865.61363548874
0.46 -18.695652173913 1846.91798331483
0.451 -15.7427937915743 1831.17518952325
0.438 5.47945205479452 1836.65464157805
0.452 -9.29203539823009 1827.36260617982
0.477 -6.49895178197065 1820.86365439785
0.5 -20.8 1800.06365439785
0.541 4.62107208872458 1804.68472648657
0.462 0.432900432900433 1805.11762691947
0.508 -13.3858267716535 1791.73180014782
0.514 -12.84046692607 1778.89133322175
0.455 -10.3296703296703 1768.56166289208
0.475 -14.5263157894737 1754.0353471026
0.511 -15.4598825831703 1738.57546451943
0.492 -10.1626016260163 1728.41286289342
0.541 -3.51201478743068 1724.90084810599
0.495 -9.09090909090909 1715.80993901508
0.477 -0.209643605870021 1715.60029540921
0.519 -3.66088631984586 1711.93940908936
0.527 -5.50284629981025 1706.43656278955
0.482 -18.6721991701245 1687.76436361943
0.467 -9.20770877944326 1678.55665483998
0.504 3.57142857142857 1682.12808341141
0.574 -16.0278745644599 1666.10020884695
0.533 -4.69043151969981 1661.40977732725
0.522 -7.27969348659004 1654.13008384066
0.551 -6.71506352087114 1647.41502031979
0.509 -15.1277013752456 1632.28731894454
0.509 -13.9489194499018 1618.33839949464
0.477 1.0482180293501 1619.38661752399
0.544 7.72058823529412 1627.10720575929
0.538 -1.11524163568773 1625.9919641236
0.515 -8.7378640776699 1617.25410004593
0.519 -16.3776493256262 1600.8764507203
0.489 -4.29447852760736 1596.5819721927
0.493 -10.3448275862069 1586.23714460649
0.489 -7.56646216768916 1578.6706824388
0.5 -17.6 1561.0706824388
0.507 -5.71992110453649 1555.35076133426
0.52 -9.61538461538461 1545.73537671888
0.492 -17.0731707317073 1528.66220598717
0.448 -1.78571428571429 1526.87649170146
0.454 -7.48898678414097 1519.38750491732
0.504 -3.96825396825397 1515.41925094906
0.467 -8.77944325481799 1506.63980769424
0.465 -5.80645161290323 1500.83335608134
0.541 -14.2329020332717 1486.60045404807
0.482 -3.7344398340249 1482.86601421404
0.513 -2.53411306042885 1480.33190115362
0.517 -0.193423597678917 1480.13847755594
0.531 -7.72128060263653 1472.4171969533
0.534 0.749063670411985 1473.16626062371
0.481 -13.0977130977131 1460.068547526
0.51 -10.9803921568627 1449.08815536914
0.491 -0.610997963340122 1448.4771574058
0.53 -0.754716981132076 1447.72244042466
0.529 2.07939508506616 1449.80183550973
0.41 3.90243902439024 1453.70427453412
0.426 3.75586854460094 1457.46014307872
0.482 5.39419087136929 1462.85433395009
0.531 -2.82485875706215 1460.02947519303
0.533 -9.9437148217636 1450.08576037126
0.556 -2.51798561151079 1447.56777475975
0.478 -14.2259414225941 1433.34183333716
0.477 -8.17610062893082 1425.16573270823
0.54 -17.7777777777778 1407.38795493045
0.535 -33.0841121495327 1374.30384278092
0.51 3.52941176470588 1377.83325454562
0.466 -7.29613733905579 1370.53711720657
0.567 -12.1693121693122 1358.36780503726
0.492 -13.8211382113821 1344.54666682587
0.513 -7.21247563352826 1337.33419119235
0.49 -12.6530612244898 1324.68112996786
0.498 -8.43373493975904 1316.2473950281
0.502 4.7808764940239 1321.02827152212
0.498 -7.63052208835341 1313.39774943377
0.453 -14.3487858719647 1299.0489635618
0.495 -11.1111111111111 1287.93785245069
0.512 0 1287.93785245069
0.518 11.5830115830116 1299.5208640337
0.497 -0.603621730382294 1298.91724230332
0.49 -4.48979591836735 1294.42744638495
0.432 -16.2037037037037 1278.22374268125
0.487 -4.72279260780287 1273.50095007345
0.488 -3.68852459016393 1269.81242548328
0.451 8.64745011086474 1278.45987559415
0.442 19.0045248868778 1297.46440048103
0.475 -15.3684210526316 1282.09597942839
0.454 -23.3480176211454 1258.74796180725
0.453 -13.4657836644592 1245.28217814279
0.477 -19.4968553459119 1225.78532279688
0.446 -11.6591928251121 1214.12612997177
0.509 -9.23379174852652 1204.89233822324
0.476 -15.546218487395 1189.34611973584
0.402 -20.3980099502488 1168.9481097856
0.523 -16.6347992351816 1152.31331055041
0.532 -6.01503759398496 1146.29827295643
0.536 -16.7910447761194 1129.50722818031
0.471 -11.6772823779193 1117.82994580239
0.477 -11.9496855345912 1105.8802602678
0.491 0.610997963340122 1106.49125823114
0.454 -5.2863436123348 1101.2049146188
0.405 3.20987654320988 1104.41479116201
0.502 -12.3505976095618 1092.06419355245
0.527 -13.8519924098672 1078.21220114259
0.499 -14.2284569138277 1063.98374422876
0.475 -21.6842105263158 1042.29953370244
0.494 2.83400809716599 1045.13354179961
0.546 15.018315018315 1060.15185681792
0.458 10.4803493449782 1070.6322061629
0.463 -15.7667386609071 1054.86546750199
0.571 5.42907180385289 1060.29453930585
0.546 -1.0989010989011 1059.19563820695
0.504 -6.74603174603175 1052.44960646091
0.482 -2.9045643153527 1049.54504214556
0.48 -15 1034.54504214556
0.482 -7.88381742738589 1026.66122471818
0.536 -17.1641791044776 1009.4970456137
0.53 -13.5849056603774 995.91213995332
0.526 -4.56273764258555 991.349402310735
0.52 -3.07692307692308 988.272479233812
0.453 -10.3752759381898 977.897203295622
0.487 -10.0616016427105 967.835601652911
0.541 -2.77264325323475 965.062958399677
0.531 -5.08474576271186 959.978212636965
0.465 -10.9677419354839 949.010470701481
0.511 -3.71819960861057 945.29227109287
0.555 -1.26126126126126 944.031009831609
0.484 -5.78512396694215 938.245885864667
0.438 -12.7853881278539 925.460497736813
0.542 -7.74907749077491 917.711420246038
0.518 -8.49420849420849 909.21721175183
0.529 -11.1531190926276 898.064092659202
0.508 -14.5669291338583 883.497163525344
0.525 -6.66666666666667 876.830496858677
0.507 -11.6370808678501 865.193415990827
0.42 -4.28571428571429 860.907701705113
0.444 -18.018018018018 842.889683687095
0.491 -9.16496945010183 833.724714236993
0.497 -18.7122736418511 815.012440595142
0.516 -6.58914728682171 808.42329330832
0.467 -14.7751605995717 793.648132708748
0.492 0.813008130081301 794.46114083883
0.502 -5.1792828685259 789.281857970304
0.484 -24.3801652892562 764.901692681048
0.511 -14.2857142857143 750.615978395333
0.473 -7.82241014799154 742.793568247342
0.493 -2.23123732251521 740.562330924827
0.458 -8.73362445414847 731.828706470678
0.497 -15.8953722334004 715.933334237278
0.434 -5.06912442396313 710.864209813315
0.492 -20.3252032520325 690.539006561282
0.485 -8.45360824742268 682.085398313859
0.461 -8.02603036876356 674.059367945096
0.561 -0.17825311942959 673.881114825666
0.522 -7.66283524904215 666.218279576624
0.501 0.199600798403194 666.417880375027
0.492 -11.7886178861789 654.629262488848
0.436 -22.0183486238532 632.610913864995
0.514 -15.1750972762646 617.435816588731
0.458 -21.3973799126638 596.038436676067
0.512 -7.8125 588.225936676067
0.486 -17.6954732510288 570.530463425038
0.52 -19.6153846153846 550.915078809653
0.431 -21.5777262180974 529.337352591556
0.482 -7.88381742738589 521.45353516417
0.54 -10 511.45353516417
0.544 -4.77941176470588 506.674123399464
0.526 -2.66159695817491 504.012526441289
0.525 -1.33333333333333 502.679193107956
0.422 -8.53080568720379 494.148387420752
0.454 -12.3348017621145 481.813585658638
0.439 -1.59453302961276 480.219052629025
0.454 -7.48898678414097 472.730065844884
0.456 -1.31578947368421 471.4142763712
0.496 -3.62903225806452 467.785244113135
0.533 5.44090056285178 473.226144675987
0.486 0.411522633744856 473.637667309732
0.446 -9.86547085201794 463.772196457714
0.452 -7.52212389380531 456.250072563909
0.487 -9.24024640657084 447.009826157338
0.525 -17.3333333333333 429.676492824004
0.501 0.598802395209581 430.275295219214
0.467 -7.06638115631692 423.208914062897
0.467 -7.06638115631692 416.14253290658
0.506 -15.4150197628458 400.727513143734
0.497 -10.261569416499 390.465943727235
0.56 -10.3571428571429 380.108800870092
0.532 -10.5263157894737 369.582485080619
0.472 -9.32203389830508 360.260451182314
0.517 -5.22243713733075 355.038014044983
0.492 -12.1951219512195 342.842892093763
0.453 -15.673289183223 327.169602910541
0.53 9.81132075471698 336.980923665257
0.512 -7.03125 329.949673665257
0.544 -20.5882352941176 309.36143837114
0.514 -24.5136186770428 284.847819694097
0.502 -12.7490039840637 272.098815710033
0.546 -20.8791208791209 251.219694830912
0.489 -11.6564417177914 239.563253113121
0.511 0.978473581213307 240.541726694334
0.475 -1.05263157894737 239.489095115387
0.546 -11.3553113553114 228.133783760076
0.51 -12.9411764705882 215.192607289487
0.528 -17.0454545454545 198.147152744033
0.507 -9.27021696252466 188.876935781508
0.517 -5.60928433268859 183.26765144882
0.527 -9.67741935483871 173.590232093981
0.501 -18.1636726546906 155.42655943929
0.529 -7.75047258979206 147.676086849498
0.558 0.716845878136201 148.392932727634
0.51 -4.70588235294118 143.687050374693
0.504 1.98412698412698 145.67117735882
0.496 -6.04838709677419 139.622790262046
0.537 -7.26256983240223 132.360220429644
0.536 -9.32835820895522 123.031862220688
0.502 1.19521912350598 124.227081344194
0.542 14.3911439114391 138.618225255634
0.466 -5.15021459227468 133.468010663359
0.461 1.08459869848156 134.55260936184
0.482 3.3195020746888 137.872111436529
0.499 2.20440881763527 140.076520254165
0.558 -6.09318996415771 133.983330290007
0.44 -16.8181818181818 117.165148471825
0.527 -13.8519924098672 103.313156061958
0.432 -12.5 90.8131560619578
0.511 -15.8512720156556 74.9618840463023
0.459 -5.88235294117647 69.0795311051258
0.511 -0.978473581213307 68.1010575239125
0.556 -18.3453237410072 49.7557337829053
0.508 -11.8110236220472 37.9447101608581
0.523 -12.4282982791587 25.5164118816994
0.495 -15.1515151515152 10.3648967301842
0.415 -12.289156626506 -1.92425989632183
0.425 -17.6470588235294 -19.5713187198512
0.472 -16.9491525423729 -36.5204712622241
0.481 -9.77130977130977 -46.2917810335339
0.504 -11.1111111111111 -57.402892144645
0.471 -13.8004246284501 -71.2033167730951
0.445 6.51685393258427 -64.6864628405108
0.501 -16.5668662674651 -81.2533291079759
0.469 -7.46268656716418 -88.7160156751401
0.55 -14.1818181818182 -102.897833856958
0.506 -4.74308300395257 -107.640916860911
0.507 -7.29783037475345 -114.938747235664
0.497 -1.00603621730382 -115.944783452968
0.496 -1.20967741935484 -117.154460872323
0.526 -15.5893536121673 -132.74381448449
0.531 -14.5009416195857 -147.244756104076
0.466 -7.29613733905579 -154.540893443132
0.506 0.395256916996047 -154.145636526136
0.544 -8.08823529411765 -162.233871820253
0.502 -10.7569721115538 -172.990843931807
0.473 -20.9302325581395 -193.921076489947
0.445 -24.0449438202247 -217.966020310171
0.518 -19.6911196911197 -237.657140001291
0.446 -9.41704035874439 -247.074180360035
0.455 -15.6043956043956 -262.678575964431
0.461 -25.3796095444685 -288.0581855089
0.523 -18.9292543021032 -306.987439811003
0.497 -13.0784708249497 -320.065910635953
0.498 -16.4658634538153 -336.531774089768
0.466 -24.0343347639485 -360.566108853716
0.399 -18.796992481203 -379.363101334919
0.507 -21.1045364891519 -400.467637824071
0.512 -7.03125 -407.498887824071
0.471 -9.55414012738854 -417.05302795146
0.514 -15.9533073929961 -433.006335344456
0.444 -14.8648648648649 -447.871200209321
0.425 -21.8823529411765 -469.753553150497
0.528 -6.06060606060606 -475.814159211103
0.497 -12.2736418511066 -488.08780106221
0.49 -22.4489795918367 -510.536780654047
0.508 -13.3858267716535 -523.9226074257
0.466 -9.87124463519313 -533.793852060893
0.502 -18.7250996015936 -552.518951662487
0.533 -11.8198874296435 -564.33883909213
0.461 20.1735357917571 -544.165303300373
0.435 -8.04597701149425 -552.211280311868
0.511 -8.02348336594912 -560.234763677817
0.535 -12.8971962616822 -573.131959939499
0.58 -8.27586206896552 -581.407822008465
0.576 -15.625 -597.032822008465
0.469 -11.727078891258 -608.759900899723
0.556 -0.719424460431655 -609.479325360154
0.506 5.53359683794466 -603.945728522209
0.475 -1.89473684210526 -605.840465364315
0.452 -13.2743362831858 -619.114801647501
0.465 -9.24731182795699 -628.362113475458
0.52 -0.769230769230769 -629.131344244688
0.538 1.85873605947955 -627.272608185209
0.456 8.33333333333333 -618.939274851875
0.483 -18.4265010351967 -637.365775887072
0.504 -16.2698412698413 -653.635617156913
0.503 -9.74155069582505 -663.377167852738
0.528 -3.03030303030303 -666.407470883041
0.507 -12.4260355029586 -678.833506386
0.516 -3.48837209302326 -682.321878479023
0.473 5.28541226215645 -677.036466216867
0.446 8.07174887892377 -668.964717337943
0.475 -0.631578947368421 -669.596296285312
0.52 -7.69230769230769 -677.288603977619
0.486 -1.23456790123457 -678.523171878854
0.477 -11.9496855345912 -690.472857413445
0.499 -15.8316633266533 -706.304520740098
0.487 -13.347022587269 -719.651543327367
0.494 -8.09716599190283 -727.74870931927
0.516 2.71317829457364 -725.035531024697
0.452 -17.2566371681416 -742.292168192838
0.464 -7.32758620689655 -749.619754399735
0.523 -8.60420650095602 -758.223960900691
0.506 -13.8339920948617 -772.057952995552
0.483 -4.76190476190476 -776.819857757457
0.442 -0.904977375565611 -777.724835133023
0.528 8.33333333333333 -769.391501799689
0.486 -13.5802469135802 -782.97174871327
0.509 -15.5206286836935 -798.492377396963
0.487 -12.1149897330595 -810.607367130023
0.484 -22.3140495867769 -832.9214167168
0.515 2.52427184466019 -830.397144872139
0.45 15.1111111111111 -815.286033761028
0.494 -3.64372469635628 -818.929758457385
0.486 15.6378600823045 -803.29189837508
0.48 10.4166666666667 -792.875231708413
0.484 2.06611570247934 -790.809116005934
0.481 -16.008316008316 -806.81743201425
0.551 -14.3375680580762 -821.155000072326
0.473 -9.09090909090909 -830.245909163235
0.523 -10.5162523900574 -840.762161553293
0.513 -13.0604288499025 -853.822590403195
0.498 -16.4658634538153 -870.28845385701
0.551 -9.25589836660617 -879.544352223617
0.504 -4.36507936507936 -883.909431588696
0.471 -20.1698513800425 -904.079282968738
0.474 -18.9873417721519 -923.06662474089
0.49 -20.4081632653061 -943.474788006196
0.448 -22.7678571428571 -966.242645149054
0.474 -24.8945147679325 -991.137159916986
0.435 -25.9770114942529 -1017.11417141124
0.471 -23.5668789808917 -1040.68105039213
0.463 -24.8380129589633 -1065.51906335109
0.472 -12.7118644067797 -1078.23092775787
0.483 -17.184265010352 -1095.41519276823
0.479 -19.8329853862213 -1115.24817815445
0.478 -14.2259414225941 -1129.47411957704
0.434 -18.4331797235023 -1147.90729930054
0.478 5.43933054393305 -1142.46796875661
0.465 -21.2903225806452 -1163.75829133726
0.443 -19.1873589164786 -1182.94565025373
0.468 -25.6410256410256 -1208.58667589476
0.477 -10.272536687631 -1218.85921258239
0.493 -5.0709939148073 -1223.9302064972
0.496 -5.64516129032258 -1229.57536778752
0.477 -6.07966457023061 -1235.65503235775
0.505 -14.0594059405941 -1249.71443829835
0.435 -16.7816091954023 -1266.49604749375
0.45 -13.7777777777778 -1280.27382527153
0.433 -16.8591224018476 -1297.13294767337
0.454 -6.6079295154185 -1303.74087718879
0.451 12.1951219512195 -1291.54575523757
0.526 -19.7718631178707 -1311.31761835544
0.461 -17.5704989154013 -1328.88811727084
0.481 -15.5925155925156 -1344.48063286336
0.571 -0.525394045534151 -1345.00602690889
0.551 -0.181488203266788 -1345.18751511216
0.505 -2.57425742574257 -1347.7617725379
0.453 -9.05077262693157 -1356.81254516483
0.462 6.92640692640693 -1349.88613823843
0.525 4.76190476190476 -1345.12423347652
0.541 -14.9722735674677 -1360.09650704399
0.477 -14.4654088050314 -1374.56191584902
0.541 -2.77264325323475 -1377.33455910226
0.492 -20.3252032520325 -1397.65976235429
0.542 -18.8191881918819 -1416.47895054617
0.443 -6.99774266365688 -1423.47669320983
0.397 -23.4256926952141 -1446.90238590504
0.461 -17.1366594360087 -1464.03904534105
0.459 -12.8540305010893 -1476.89307584214
0.452 -15.0442477876106 -1491.93732362975
0.463 -14.902807775378 -1506.84013140513
0.48 -15 -1521.84013140513
0.431 -13.6890951276102 -1535.52922653274
0.487 -21.5605749486653 -1557.0898014814
0.467 -6.20985010706638 -1563.29965158847
0.516 11.6279069767442 -1551.67174461173
0.534 5.99250936329588 -1545.67923524843
0.535 -2.05607476635514 -1547.73531001479
0.581 -7.05679862306368 -1554.79210863785
0.438 -21.0045662100457 -1575.7966748479
0.463 -14.4708423326134 -1590.26751718051
0.494 -10.1214574898785 -1600.38897467039
0.488 -4.50819672131148 -1604.8971713917
0.463 -4.1036717062635 -1609.00084309796
0.484 3.30578512396694 -1605.695057974
0.452 0.442477876106195 -1605.25258009789
0.503 -9.34393638170974 -1614.5965164796
0.54 -0.740740740740741 -1615.33725722034
0.536 -2.61194029850746 -1617.94919751885
0.496 -4.03225806451613 -1621.98145558336
0.525 7.04761904761905 -1614.93383653574
0.438 -1.36986301369863 -1616.30369954944
0.459 -1.96078431372549 -1618.26448386317
0.499 -14.2284569138277 -1632.492940777
0.556 -17.6258992805755 -1650.11884005757
0.534 -16.8539325842697 -1666.97277264184
0.485 -5.56701030927835 -1672.53978295112
0.475 -6.94736842105263 -1679.48715137217
0.484 9.09090909090909 -1670.39624228126
0.443 10.6094808126411 -1659.78676146862
0.433 -13.6258660508083 -1673.41262751943
0.432 -0.925925925925926 -1674.33855344536
0.44 -18.1818181818182 -1692.52037162717
0.525 -6.28571428571429 -1698.80608591289
0.547 -9.68921389396709 -1708.49529980686
0.565 -5.48672566371681 -1713.98202547057
0.527 -2.08728652751423 -1716.06931199809
0.445 15.5056179775281 -1700.56369402056
0.505 3.76237623762376 -1696.80131778293
0.45 1.33333333333333 -1695.4679844496
0.501 -3.39321357285429 -1698.86119802246
0.516 -3.87596899224806 -1702.7371670147
0.533 -0.938086303939963 -1703.67525331864
0.513 -1.75438596491228 -1705.42963928356
0.446 -11.6591928251121 -1717.08883210867
0.55 -17.8181818181818 -1734.90701392685
0.47 -16.5957446808511 -1751.5027586077
0.526 -20.9125475285171 -1772.41530613622
0.457 -22.9759299781182 -1795.39123611434
0.492 -14.6341463414634 -1810.0253824558
0.526 -17.4904942965779 -1827.51587675238
0.544 -11.7647058823529 -1839.28058263473
0.455 -16.4835164835165 -1855.76409911825
0.428 -19.1588785046729 -1874.92297762292
0.515 -7.96116504854369 -1882.88414267146
0.502 -10.7569721115538 -1893.64111478302
0.503 -12.1272365805169 -1905.76835136353
0.492 -8.53658536585366 -1914.30493672939
0.49 -8.97959183673469 -1923.28452856612
0.511 -2.15264187866928 -1925.43717044479
0.434 2.30414746543779 -1923.13302297935
0.433 -4.38799076212471 -1927.52101374148
0.527 -11.5749525616698 -1939.09596630315
0.445 -7.86516853932584 -1946.96113484247
0.506 -18.1818181818182 -1965.14295302429
0.495 -12.7272727272727 -1977.87022575157
0.496 -0.403225806451613 -1978.27345155802
0.529 3.59168241965974 -1974.68176913836
0.533 -4.31519699812383 -1978.99696613648
0.514 2.33463035019455 -1976.66233578629
0.436 -5.96330275229358 -1982.62563853858
0.519 6.74373795761079 -1975.88190058097
0.507 -5.71992110453649 -1981.60182168551
0.507 -10.8481262327416 -1992.44994791825
0.536 -13.4328358208955 -2005.88278373914
0.455 -5.49450549450549 -2011.37728923365
0.459 -17.2113289760349 -2028.58861820968
0.48 -4.58333333333333 -2033.17195154302
0.458 -11.7903930131004 -2044.96234455612
0.551 -0.544464609800363 -2045.50680916592
0.533 -2.4390243902439 -2047.94583355616
0.54 -3.33333333333333 -2051.27916688949
0.415 -11.3253012048193 -2062.60446809431
0.528 -15.1515151515152 -2077.75598324583
0.49 -6.12244897959184 -2083.87843222542
0.535 -19.2523364485981 -2103.13076867402
0.546 -15.018315018315 -2118.14908369233
0.555 -20.7207207207207 -2138.86980441305
0.513 -16.1793372319688 -2155.04914164502
0.402 -10.9452736318408 -2165.99441527686
0.388 -24.7422680412371 -2190.7366833181
0.479 -13.1524008350731 -2203.88908415317
0.524 -10.3053435114504 -2214.19442766462
0.478 2.51046025104602 -2211.68396741358
0.451 1.10864745011086 -2210.57531996347
0.53 -15.4716981132075 -2226.04701807668
0.523 -8.22179732313576 -2234.26881539981
0.558 -8.60215053763441 -2242.87096593745
0.443 -20.5417607223476 -2263.41272665979
0.519 -5.97302504816956 -2269.38575170796
0.507 -1.38067061143984 -2270.7664223194
0.488 -6.55737704918033 -2277.32379936858
0.497 -3.82293762575453 -2281.14673699434
0.471 -4.88322717622081 -2286.02996417056
0.469 -1.49253731343284 -2287.52250148399
0.543 -24.4935543278085 -2312.0160558118
0.465 -9.67741935483871 -2321.69347516664
0.515 -18.4466019417476 -2340.14007710839
0.484 -14.8760330578512 -2355.01611016624
0.502 -18.3266932270916 -2373.34280339333
0.533 -5.81613508442777 -2379.15893847776
0.533 -9.19324577861163 -2388.35218425637
0.545 -3.48623853211009 -2391.83842278848
0.507 2.16962524654832 -2389.66879754193
0.521 2.49520153550864 -2387.17359600642
0.527 7.40037950664137 -2379.77321649978
0.507 -6.11439842209073 -2385.88761492187
0.43 -13.0232558139535 -2398.91087073582
0.53 6.41509433962264 -2392.4957763962
0.513 0.584795321637427 -2391.91098107456
0.526 6.84410646387833 -2385.06687461069
0.425 -9.17647058823529 -2394.24334519892
0.494 -1.61943319838057 -2395.8627783973
0.459 11.9825708061002 -2383.8802075912
0.52 -11.9230769230769 -2395.80328451428
0.479 -11.8997912317328 -2407.70307574601
0.528 -11.7424242424242 -2419.44549998844
0.441 -7.48299319727891 -2426.92849318571
0.423 -15.839243498818 -2442.76773668453
0.509 -9.62671905697446 -2452.39445574151
0.538 -20.0743494423792 -2472.46880518389
0.465 -9.67741935483871 -2482.14622453872
0.53 18.1132075471698 -2464.03301699156
0.481 -19.7505197505198 -2483.78353674207
0.48 -7.5 -2491.28353674207
0.509 -11.9842829076621 -2503.26781964974
0.457 -5.90809628008753 -2509.17591592982
0.518 -10.8108108108108 -2519.98672674064
0.439 -19.3621867881549 -2539.34891352879
0.484 -12.8099173553719 -2552.15883088416
0.494 -19.4331983805668 -2571.59202926473
0.495 -13.9393939393939 -2585.53142320412
0.519 -7.89980732177264 -2593.4312305259
0.519 -10.9826589595376 -2604.41388948543
0.503 -8.54870775347912 -2612.96259723891
0.528 -10.2272727272727 -2623.18986996618
0.503 -12.1272365805169 -2635.3171065467
0.49 -8.97959183673469 -2644.29669838344
0.478 -5.43933054393305 -2649.73602892737
0.466 2.14592274678112 -2647.59010618059
0.435 -4.36781609195402 -2651.95792227254
0.547 3.10786106032907 -2648.85006121221
0.572 2.0979020979021 -2646.75215911431
0.557 -0.179533213644524 -2646.93169232796
0.517 2.12765957446809 -2644.80403275349
0.469 -11.727078891258 -2656.53111164475
0.492 -14.6341463414634 -2671.16525798621
0.514 2.72373540856031 -2668.44152257765
0.483 -13.4575569358178 -2681.89907951347
0.46 -18.695652173913 -2700.59473168738
0.481 -8.52390852390852 -2709.11864021129
0.536 -8.2089552238806 -2717.32759543517
0.474 -13.5021097046414 -2730.82970513981
0.507 -6.11439842209073 -2736.9441035619
0.474 -8.86075949367089 -2745.80486305557
0.491 -10.7942973523422 -2756.59916040791
0.521 -13.2437619961612 -2769.84292240408
0.505 -13.2673267326733 -2783.11024913675
0.519 -13.6801541425819 -2796.79040327933
0.528 -7.57575757575758 -2804.36616085509
0.51 -23.5294117647059 -2827.89557261979
0.489 1.84049079754601 -2826.05508182225
0.499 6.61322645290581 -2819.44185536934
0.5 -2 -2821.44185536934
0.481 1.87110187110187 -2819.57075349824
0.476 -3.78151260504202 -2823.35226610328
0.463 -17.4946004319654 -2840.84686653525
0.48 -3.33333333333333 -2844.18019986858
0.502 2.78884462151394 -2841.39135524707
0.515 -7.96116504854369 -2849.35252029561
0.502 -13.1474103585657 -2862.49993065418
0.511 -8.80626223091977 -2871.3061928851
0.488 -13.1147540983607 -2884.42094698346
0.468 -6.41025641025641 -2890.83120339371
0.445 -15.0561797752809 -2905.88738316899
0.474 16.4556962025316 -2889.43168696646
0.517 -4.44874274661509 -2893.88042971308
0.543 3.49907918968692 -2890.38135052339
0.521 -10.5566218809981 -2900.93797240439
0.428 -17.2897196261682 -2918.22769203056
0.512 -15.234375 -2933.46206703056
0.539 -19.8515769944341 -2953.31364402499
0.455 -4.17582417582418 -2957.48946820081
0.457 -22.1006564551422 -2979.59012465596
0.529 -17.9584120982987 -2997.54853675426
0.519 -9.82658959537572 -3007.37512634963
0.424 -16.5094339622642 -3023.8845603119
0.513 -16.5692007797271 -3040.45376109162
0.513 -8.7719298245614 -3049.22569091618
0.462 -8.65800865800866 -3057.88369957419
0.452 -15.0442477876106 -3072.9279473618
0.509 -20.6286836935167 -3093.55663105532
0.531 -14.8775894538606 -3108.43422050918
0.48 -20.8333333333333 -3129.26755384251
0.506 -9.88142292490119 -3139.14897676742
0.54 -3.7037037037037 -3142.85268047112
0.549 -12.568306010929 -3155.42098648205
0.455 -1.53846153846154 -3156.95944802051
0.522 -4.21455938697318 -3161.17400740748
0.517 -3.67504835589942 -3164.84905576338
0.487 -9.24024640657084 -3174.08930216995
0.52 -5.76923076923077 -3179.85853293918
0.507 -8.87573964497041 -3188.73427258415
0.531 -8.85122410546139 -3197.58549668962
0.48 -0.416666666666667 -3198.00216335628
0.497 1.40845070422535 -3196.59371265206
0.488 -15.1639344262295 -3211.75764707829
0.43 -13.0232558139535 -3224.78090289224
0.497 -11.0663983903421 -3235.84730128258
0.539 -12.8014842300557 -3248.64878551264
0.547 -4.57038391224863 -3253.21916942489
0.52 -5.76923076923077 -3258.98840019412
0.518 -6.56370656370656 -3265.55210675782
0.463 -24.8380129589633 -3290.39011971679
0.488 -4.91803278688525 -3295.30815250367
0.478 0 -3295.30815250367
0.529 0.56710775047259 -3294.7410447532
0.535 -8.03738317757009 -3302.77842793077
0.508 -14.5669291338583 -3317.34535706463
0.476 -4.6218487394958 -3321.96720580412
0.471 -12.5265392781316 -3334.49374508226
0.52 -11.5384615384615 -3346.03220662072
0.507 -15.9763313609467 -3362.00853798166
0.497 -14.2857142857143 -3376.29425226738
0.442 -13.1221719457014 -3389.41642421308
0.497 -5.03018108651911 -3394.4466052996
0.494 -4.45344129554656 -3398.90004659514
0.487 -13.347022587269 -3412.24706918241
0.501 -8.18363273453094 -3420.43070191695
0.469 -9.16844349680171 -3429.59914541375
0.456 -6.14035087719298 -3435.73949629094
0.478 -14.2259414225941 -3449.96543771353
0.513 -17.3489278752437 -3467.31436558878
0.485 -14.639175257732 -3481.95354084651
0.501 1.39720558882236 -3480.55633525769
0.486 -8.64197530864197 -3489.19831056633
0.484 -7.43801652892562 -3496.63632709525
0.516 -11.2403100775194 -3507.87663717277
0.534 3.74531835205992 -3504.13131882071
0.467 -4.06852248394004 -3508.19984130465
0.479 -6.88935281837161 -3515.08919412303
0.5 -4.4 -3519.48919412303
0.461 -19.3058568329718 -3538.795050956
0.515 -5.63106796116505 -3544.42611891716
0.485 -9.69072164948454 -3554.11684056665
0.477 -6.49895178197065 -3560.61579234862
0.521 -7.10172744721689 -3567.71751979583
0.469 -21.5351812366738 -3589.25270103251
0.378 -14.2857142857143 -3603.53841531822
0.534 -15.7303370786517 -3619.26875239687
0.494 -13.7651821862348 -3633.03393458311
0.461 -15.8351409978308 -3648.86907558094
0.471 -12.5265392781316 -3661.39561485907
0.493 -13.9959432048682 -3675.39155806394
0.472 -9.32203389830508 -3684.71359196224
0.507 -3.35305719921105 -3688.06664916146
0.478 -6.69456066945607 -3694.76120983091
0.52 -1.92307692307692 -3696.68428675399
0.503 -2.18687872763419 -3698.87116548162
0.494 0.404858299595142 -3698.46630718203
0.564 -9.21985815602837 -3707.68616533806
0.549 -11.1111111111111 -3718.79727644917
0.492 -1.21951219512195 -3720.01678864429
0.405 -7.65432098765432 -3727.67110963194
0.436 -9.1743119266055 -3736.84542155855
0.452 13.2743362831858 -3723.57108527536
0.431 20.1856148491879 -3703.38547042618
0.476 8.40336134453782 -3694.98210908164
0.486 18.5185185185185 -3676.46359056312
0.448 9.375 -3667.08859056312
0.422 16.1137440758294 -3650.97484648729
0.479 12.3173277661795 -3638.65751872111
0.487 15.4004106776181 -3623.25710804349
0.404 -1.48514851485149 -3624.74225655834
0.526 9.50570342205323 -3615.23655313629
0.546 14.6520146520147 -3600.58453848428
0.504 15.4761904761905 -3585.10834800809
0.479 -4.38413361169102 -3589.49248161978
0.482 -1.6597510373444 -3591.15223265712
0.52 1.15384615384615 -3589.99838650327
0.551 9.25589836660617 -3580.74248813667
0.535 5.42056074766355 -3575.321927389
0.517 5.60928433268859 -3569.71264305632
0.493 3.44827586206897 -3566.26436719425
0.494 14.17004048583 -3552.09432670842
0.478 9.20502092050209 -3542.88930578791
0.43 6.04651162790698 -3536.84279416001
0.516 -3.10077519379845 -3539.94356935381
0.509 -0.982318271119843 -3540.92588762493
0.534 -3.37078651685393 -3544.29667414178
0.521 -1.72744721689059 -3546.02412135867
0.494 -5.66801619433198 -3551.692137553
0.449 5.12249443207127 -3546.56964312093
0.46 13.0434782608696 -3533.52616486006
0.518 1.54440154440154 -3531.98176331566
0.493 11.5618661257606 -3520.4198971899
0.501 -2.59481037924152 -3523.01470756914
0.504 9.52380952380952 -3513.49089804533
0.505 2.57425742574257 -3510.91664061959
0.51 7.45098039215686 -3503.46566022743
0.537 1.67597765363128 -3501.7896825738
0.464 9.48275862068965 -3492.30692395311
0.502 13.9442231075697 -3478.36270084554
0.514 10.1167315175097 -3468.24596932803
0.432 1.85185185185185 -3466.39411747618
0.44 -6.36363636363636 -3472.75775383982
0.49 -15.5102040816327 -3488.26795792145
0.427 -12.8805620608899 -3501.14851998234
0.46 -13.0434782608696 -3514.19199824321
0.466666666666667 -6.37362637362637 -3520.56562461684
