gc_content gc_skew gc_culm
0.632 -15.1898734177215 -15.1898734177215
0.647 -4.17310664605873 -19.3629800637802
0.481 8.10810810810811 -11.2548719556721
0.638 -12.8526645768025 -24.1075365324746
0.649 -2.92758089368259 -27.0351174261572
0.638 -10.0313479623824 -37.0664653885397
0.662 -0.906344410876133 -37.9728097994158
0.662 6.04229607250755 -31.9305137269083
0.486 -9.87654320987654 -41.8070569367848
0.478 -9.20502092050209 -51.0120778572869
0.563 0.177619893428064 -50.8344579638588
0.613 -2.77324632952692 -53.6077042933858
0.587 -9.02896081771721 -62.636665111103
0.512 0.78125 -61.855415111103
0.675 8.14814814814815 -53.7072669629548
0.536 -0.746268656716418 -54.4535356196712
0.503 9.34393638170974 -45.1095992379615
0.637 5.80847723704867 -39.3011220009128
0.665 14.5864661654135 -24.7146558354993
0.62 1.29032258064516 -23.4243332548541
0.612 -2.61437908496732 -26.0387123398214
0.614 8.46905537459283 -17.5696569652286
0.604 8.60927152317881 -8.9603854420498
0.638 11.2852664576803 2.32488101563045
0.59 8.47457627118644 10.7994572868169
0.604 9.27152317880795 20.0709804656248
0.617 8.58995137763371 28.6609318432585
0.597 7.20268006700168 35.8636119102602
0.634 1.57728706624606 37.4408989765063
0.61 6.88524590163934 44.3261448781456
0.646 0.928792569659443 45.2549374478051
0.64 6.875 52.1299374478051
0.64 -2.1875 49.9424374478051
0.632 14.2405063291139 64.182943776919
0.615 7.64227642276423 71.8252201996832
0.634 14.1955835962145 86.0208037958977
0.651 7.52688172043011 93.5476855163278
0.613 7.34094616639478 100.888631682723
0.627 5.58213716108453 106.470768843807
0.562 14.2348754448399 120.705644288647
0.601 3.16139767054908 123.867041959196
0.609 4.76190476190476 128.628946721101
0.612 8.82352941176471 137.452476132866
0.604 8.60927152317881 146.061747656044
0.615 2.11382113821138 148.175568794256
0.646 7.43034055727554 155.605909351531
0.67 6.26865671641791 161.874566067949
0.577 6.41247833622184 168.287044404171
0.613 6.6884176182708 174.975462022442
0.626 9.58466453674121 184.560126559183
0.619 8.88529886914378 193.445425428327
0.606 0.66006600660066 194.105491434928
0.541 -0.924214417744917 193.181277017183
0.531 -0.188323917137476 192.992953100045
0.576 5.20833333333333 198.201286433378
0.541 2.40295748613678 200.604243919515
0.594 10.7744107744108 211.378654693926
0.552 10.1449275362319 221.523582230158
0.525 7.42857142857143 228.952153658729
0.564 11.3475177304965 240.299671389226
0.583 3.60205831903945 243.901729708265
0.59 10.5084745762712 254.410204284536
0.638 13.4796238244514 267.889828108988
0.579 8.80829015544041 276.698118264428
0.606 1.32013201320132 278.01825027763
0.62 3.87096774193548 281.889218019565
0.589 6.96095076400679 288.850168783572
0.587 7.32538330494037 296.175552088512
0.636 6.28930817610063 302.464860264613
0.661 10.4387291981846 312.903589462797
0.681 3.9647577092511 316.868347172049
0.699 9.87124463519313 326.739591807242
0.677 12.5553914327917 339.294983240033
0.684 -0.292397660818713 339.002585579215
0.638 0 339.002585579215
0.685 11.8248175182482 350.827403097463
0.631 5.54675118858954 356.374154286052
0.687 -0.436681222707424 355.937473063345
0.634 5.04731861198738 360.984791675332
0.591 2.19966159052453 363.184453265857
0.661 11.9515885022693 375.136041768126
0.633 8.05687203791469 383.192913806041
0.592 12.5 395.692913806041
0.507 3.74753451676529 399.440448322806
0.482 6.22406639004149 405.664514712848
0.492 9.75609756097561 415.420612273823
0.478 7.11297071129707 422.53358298512
0.48 7.91666666666667 430.450249651787
0.484 1.2396694214876 431.689919073275
0.486 4.11522633744856 435.805145410723
0.463 5.39956803455724 441.20471344528
0.501 12.1756487025948 453.380362147875
0.457 12.910284463895 466.29064661177
0.46 6.52173913043478 472.812385742205
0.447 2.01342281879195 474.825808560997
0.445 7.86516853932584 482.690977100323
0.563 -0.532859680284192 482.158117420039
0.542 -3.690036900369 478.46808051967
0.491 -1.0183299389002 477.449750580769
0.592 3.37837837837838 480.828128959148
0.637 6.43642072213501 487.264549681283
0.599 -6.51085141903172 480.753698262251
0.655 7.17557251908397 487.929270781335
0.624 4.16666666666667 492.095937448002
0.634 5.99369085173502 498.089628299737
0.615 5.04065040650407 503.130278706241
0.521 7.48560460652591 510.615883312767
0.688 11.046511627907 521.662394940674
0.618 2.58899676375405 524.251391704428
0.611 7.03764320785597 531.289034912284
0.632 3.48101265822785 534.770047570511
0.558 6.09318996415771 540.863237534669
0.662 2.7190332326284 543.582270767298
0.593 3.20404721753794 546.786317984835
0.594 -1.34680134680135 545.439516638034
0.569 -0.527240773286467 544.912275864748
0.626 7.02875399361022 551.941029858358
0.64 8.125 560.066029858358
0.612 14.0522875816993 574.118317440057
0.658 9.72644376899696 583.844761209054
0.639 6.72926447574335 590.574025684798
0.622 3.53697749196141 594.111003176759
0.605 -5.45454545454545 588.656457722214
0.646 5.57275541795666 594.22921314017
0.642 7.16510903426791 601.394322174438
0.61 6.22950819672131 607.623830371159
0.602 6.64451827242525 614.268348643585
0.6 12 626.268348643585
0.633 13.1121642969984 639.380512940583
0.607 11.0378912685338 650.418404209117
0.695 12.5179856115108 662.936389820628
0.644 15.8385093167702 678.774899137398
0.642 9.96884735202492 688.743746489423
0.612 7.84313725490196 696.586883744325
0.6 16 712.586883744325
0.596 6.04026845637584 718.6271522007
0.593 0.843170320404722 719.470322521105
0.628 6.36942675159236 725.839749272698
0.664 11.7469879518072 737.586737224505
0.628 16.2420382165605 753.828775441065
0.641 3.90015600624025 757.728931447306
0.644 4.03726708074534 761.766198528051
0.625 6.24 768.006198528051
0.569 3.69068541300527 771.696883941056
0.634 9.77917981072555 781.476063751782
0.59 6.10169491525424 787.577758667036
0.622 6.43086816720257 794.008626834239
0.586 6.48464163822526 800.493268472464
0.631 3.96196513470681 804.455233607171
0.606 1.65016501650165 806.105398623672
0.537 3.91061452513966 810.016013148812
0.566 4.9469964664311 814.963009615243
0.56 6.07142857142857 821.034438186672
0.556 12.2302158273381 833.26465401401
0.527 8.15939278937381 841.424046803384
0.509 11.9842829076621 853.408329711046
0.59 2.03389830508475 855.44222801613
0.561 3.38680926916221 858.829037285293
0.64 9.6875 868.516537285293
0.608 4.60526315789474 873.121800443187
0.561 7.30837789661319 880.430178339801
0.552 8.33333333333333 888.763511673134
0.635 7.71653543307087 896.480047106205
0.636 8.49056603773585 904.970613143941
0.621 1.44927536231884 906.419888506259
0.661 16.1875945537065 922.607483059966
0.654 9.1743119266055 931.781794986571
0.63 6.34920634920635 938.131001335778
0.651 11.2135176651306 949.344519000908
0.618 0.647249190938511 949.991768191847
0.636 3.45911949685535 953.450887688702
0.589 4.92359932088285 958.374487009585
0.618 5.50161812297735 963.876105132562
0.646 3.71517027863777 967.5912754112
0.615 4.71544715447155 972.306722565672
0.563 8.70337477797513 981.010097343647
0.539 10.5751391465677 991.585236490215
0.616 11.3636363636364 1002.94887285385
0.563 4.08525754884547 1007.0341304027
0.565 10.7964601769912 1017.83059057969
0.588 14.2857142857143 1032.1163048654
0.576 4.51388888888889 1036.63019375429
0.582 9.62199312714777 1046.25218688144
0.703 10.6685633001422 1056.92075018158
0.607 2.47116968698517 1059.39191986857
0.567 7.93650793650794 1067.32842780507
0.614 14.0065146579805 1081.33494246305
0.619 12.4394184168013 1093.77436087986
0.67 13.7313432835821 1107.50570416344
0.64 8.125 1115.63070416344
0.636 5.0314465408805 1120.66215070432
0.615 2.11382113821138 1122.77597184253
0.593 6.57672849915683 1129.35270034169
0.672 9.52380952380952 1138.8765098655
0.623 1.76565008025682 1140.64215994575
0.607 5.7660626029654 1146.40822254872
0.627 10.6858054226475 1157.09402797137
0.627 11.0047846889952 1168.09881266036
0.604 -2.98013245033113 1165.11868021003
0.653 7.81010719754977 1172.92878740758
0.633 8.05687203791469 1180.98565944549
0.593 2.52951096121417 1183.51517040671
0.648 18.2098765432099 1201.72504694992
0.661 11.9515885022693 1213.67663545219
0.606 6.93069306930693 1220.60732852149
0.685 9.48905109489051 1230.09637961639
0.632 5.69620253164557 1235.79258214803
0.597 -0.50251256281407 1235.29006958522
0.575 -0.173913043478261 1235.11615654174
0.622 16.0771704180064 1251.19332695974
0.634 10.7255520504732 1261.91887901022
0.621 11.4331723027375 1273.35205131296
0.695 5.61151079136691 1278.96356210432
0.62 8.06451612903226 1287.02807823335
0.652 5.82822085889571 1292.85629909225
0.473 12.4735729386892 1305.32987203094
0.642 5.9190031152648 1311.2488751462
0.648 5.55555555555556 1316.80443070176
0.616 5.51948051948052 1322.32391122124
0.636 8.17610062893082 1330.50001185017
0.653 8.72894333843798 1339.22895518861
0.666 6.60660660660661 1345.83556179522
0.671 2.2354694485842 1348.0710312438
0.641 10.4524180967239 1358.52344934052
0.686 -2.04081632653061 1356.48263301399
0.646 7.43034055727554 1363.91297357127
0.664 5.72289156626506 1369.63586513753
0.623 3.37078651685393 1373.00665165439
0.647 4.17310664605873 1377.17975830045
0.622 10.6109324758842 1387.79069077633
0.571 11.7338003502627 1399.52449112659
0.521 13.2437619961612 1412.76825312275
0.585 16.5811965811966 1429.34944970395
0.63 13.6507936507937 1443.00024335474
0.637 16.1695447409733 1459.16978809572
0.594 3.36700336700337 1462.53679146272
0.673 2.82317979197623 1465.3599712547
0.68 9.11764705882353 1474.47761831352
0.625 7.52 1481.99761831352
0.65 5.84615384615385 1487.84377215968
0.661 10.7413010590015 1498.58507321868
0.68 7.35294117647059 1505.93801439515
0.66 2.42424242424242 1508.36225681939
0.649 7.85824345146379 1516.22050027085
0.669 -0.149476831091181 1516.07102343976
0.68 5.29411764705882 1521.36514108682
0.656 14.0243902439024 1535.38953133072
0.669 12.1076233183857 1547.49715464911
0.652 9.50920245398773 1557.0063571031
0.599 9.51585976627713 1566.52221686937
0.669 6.42750373692078 1572.94972060629
0.639 2.660406885759 1575.61012749205
0.632 5.37974683544304 1580.9898743275
0.624 6.73076923076923 1587.72064355827
0.618 7.11974110032362 1594.84038465859
0.641 5.77223088923557 1600.61261554783
0.618 5.17799352750809 1605.79060907533
0.603 6.13598673300166 1611.92659580834
0.648 2.77777777777778 1614.70437358611
0.642 5.60747663551402 1620.31185022163
0.639 2.03442879499218 1622.34627901662
0.598 5.35117056856187 1627.69744958518
0.676 8.28402366863905 1635.98147325382
0.629 9.06200317965024 1645.04347643347
0.646 9.28792569659443 1654.33140213006
0.604 4.3046357615894 1658.63603789165
0.64 15.625 1674.26103789165
0.613 7.34094616639478 1681.60198405805
0.622 8.03858520900322 1689.64056926705
0.606 8.58085808580858 1698.22142735286
0.614 -1.30293159609121 1696.91849575677
0.609 0.821018062397373 1697.73951381917
0.644 9.62732919254658 1707.36684301171
0.618 8.41423948220065 1715.78108249391
0.499 11.4228456913828 1727.2039281853
0.496 12.0967741935484 1739.30070237885
0.558 15.0537634408602 1754.35446581971
0.636 7.23270440251572 1761.58717022222
0.561 3.38680926916221 1764.97397949138
0.6 9.66666666666667 1774.64064615805
0.677 10.4874446085672 1785.12809076662
0.655 9.31297709923664 1794.44106786585
0.649 13.4052388289676 1807.84630669482
0.675 8.74074074074074 1816.58704743556
0.707 9.75954738330976 1826.34659481887
0.682 4.39882697947214 1830.74542179834
0.648 1.85185185185185 1832.5972736502
0.656 9.45121951219512 1842.04849316239
0.504 7.93650793650794 1849.9850010989
0.613 11.5823817292007 1861.5673828281
0.645 13.7984496124031 1875.3658324405
0.68 9.11764705882353 1884.48347949933
0.617 5.67260940032415 1890.15608889965
0.571 8.23117338003503 1898.38726227969
0.625 6.56 1904.94726227969
0.64 3.4375 1908.38476227969
0.519 9.82658959537572 1918.21135187506
0.605 14.3801652892562 1932.59151716432
0.619 10.5008077544426 1943.09232491876
0.578 14.5328719723183 1957.62519689108
0.623 12.6805778491172 1970.3057747402
0.651 13.3640552995392 1983.66983003973
0.653 12.0980091883614 1995.7678392281
0.646 8.35913312693499 2004.12697235503
0.605 4.79338842975207 2008.92036078478
0.567 -4.40917107583774 2004.51118970895
0.608 5.59210526315789 2010.1032949721
0.623 0.160513643659711 2010.26380861576
0.641 1.71606864274571 2011.97987725851
0.658 5.47112462006079 2017.45100187857
0.616 5.19480519480519 2022.64580707337
0.569 -4.04217926186292 2018.60362781151
0.594 2.69360269360269 2021.29723050511
0.64 9.0625 2030.35973050511
0.492 -2.4390243902439 2027.92070611487
0.59 9.15254237288136 2037.07324848775
0.525 4.38095238095238 2041.4542008687
0.506 -1.97628458498024 2039.47791628372
0.561 3.74331550802139 2043.22123179175
0.597 8.5427135678392 2051.76394535958
0.595 7.89915966386555 2059.66310502345
0.574 7.66550522648084 2067.32861024993
0.601 9.81697171381032 2077.14558196374
0.627 6.53907496012759 2083.68465692387
0.661 1.96671709531014 2085.65137401918
0.63 8.25396825396825 2093.90534227315
0.661 -1.0590015128593 2092.84634076029
0.653 1.07197549770291 2093.91831625799
0.632 7.27848101265823 2101.19679727065
0.619 -0.484652665589661 2100.71214460506
0.636 -0.314465408805031 2100.39767919625
0.651 3.53302611367128 2103.93070530993
0.621 -0.483091787439614 2103.44761352249
0.645 6.97674418604651 2110.42435770853
0.636 11.0062893081761 2121.43064701671
0.639 3.91236306729264 2125.343010084
0.646 10.5263157894737 2135.86932587348
0.515 15.3398058252427 2151.20913169872
0.569 15.6414762741652 2166.85060797288
0.617 11.1831442463533 2178.03375221924
0.648 8.95061728395062 2186.98436950319
0.651 13.0568356374808 2200.04120514067
0.619 9.53150242326333 2209.57270756393
0.626 2.55591054313099 2212.12861810706
0.618 8.7378640776699 2220.86648218473
0.596 15.1006711409396 2235.96715332567
0.629 8.74403815580286 2244.71119148147
0.616 12.987012987013 2257.69820446849
0.634 9.46372239747634 2267.16192686596
0.609 -5.09031198686371 2262.0716148791
0.629 5.24642289348172 2267.31803777258
0.627 13.237639553429 2280.55567732601
0.553 6.32911392405063 2286.88479125006
0.569 1.93321616871705 2288.81800741878
0.61 -1.63934426229508 2287.17866315648
0.637 2.66875981161695 2289.8474229681
0.635 8.97637795275591 2298.82380092086
0.654 10.7033639143731 2309.52716483523
0.651 9.67741935483871 2319.20458419007
0.638 17.2413793103448 2336.44596350041
0.65 13.2307692307692 2349.67673273118
0.672 5.05952380952381 2354.73625654071
0.608 4.27631578947368 2359.01257233018
0.613 0.489396411092985 2359.50196874127
0.629 7.15421303656598 2366.65618177784
0.608 -4.60526315789474 2362.05091861994
0.609 -1.14942528735632 2360.90149333259
0.467 -3.64025695931478 2357.26123637327
0.628 0.955414012738854 2358.21665038601
0.614 3.90879478827362 2362.12544517429
0.632 10.7594936708861 2372.88493884517
0.601 8.15307820299501 2381.03801704817
0.615 6.01626016260163 2387.05427721077
0.631 10.6180665610143 2397.67234377178
0.619 13.0856219709208 2410.7579657427
0.654 7.03363914373089 2417.79160488643
0.596 2.68456375838926 2420.47616864482
0.519 4.43159922928709 2424.90776787411
0.5 3.2 2428.10776787411
0.47 11.4893617021277 2439.59712957624
0.621 3.7037037037037 2443.30083327994
0.683 13.3235724743777 2456.62440575432
0.65 13.8461538461538 2470.47055960047
0.591 1.52284263959391 2471.99340224007
0.627 11.9617224880383 2483.95512472811
0.642 4.98442367601246 2488.93954840412
0.637 0.470957613814757 2489.41050601793
0.682 14.9560117302053 2504.36651774814
0.616 8.76623376623377 2513.13275151437
0.538 13.7546468401487 2526.88739835452
0.615 8.29268292682927 2535.18008128135
0.642 6.23052959501558 2541.41061087637
0.627 9.09090909090909 2550.50151996727
0.578 1.3840830449827 2551.88560301226
0.603 6.79933665008292 2558.68493966234
0.656 10.0609756097561 2568.7459152721
0.683 4.24597364568082 2572.99188891778
0.591 1.52284263959391 2574.51473155737
0.644 6.83229813664596 2581.34702969402
0.591 4.56852791878173 2585.9155576128
0.621 8.21256038647343 2594.12811799927
0.627 7.81499202551834 2601.94311002479
0.603 0.829187396351575 2602.77229742114
0.599 8.51419031719533 2611.28648773834
0.586 15.0170648464164 2626.30355258475
0.603 6.13598673300166 2632.43953931776
0.665 1.35338345864662 2633.7929227764
0.671 4.02384500745157 2637.81676778385
0.64 6.25 2644.06676778385
0.555 5.94594594594595 2650.0127137298
0.624 8.01282051282051 2658.02553424262
0.635 1.41732283464567 2659.44285707727
0.666 12.3123123123123 2671.75516938958
0.643 11.0419906687403 2682.79716005832
0.609 11.6584564860427 2694.45561654436
0.553 17.5406871609403 2711.9963037053
0.621 10.7890499194847 2722.78535362479
0.674 -0.890207715133531 2721.89514590965
0.659 5.61456752655539 2727.50971343621
0.622 3.53697749196141 2731.04669092817
0.678 2.06489675516224 2733.11158768333
0.607 -3.45963756177924 2729.65195012155
0.669 -5.53064275037369 2724.12130737118
0.629 -3.65659777424483 2720.46470959693
0.582 2.40549828178694 2722.87020787872
0.618 2.9126213592233 2725.78282923794
0.621 5.95813204508857 2731.74096128303
0.584 0.684931506849315 2732.42589278988
0.617 3.40356564019449 2735.82945843008
0.553 -0.54249547920434 2735.28696295087
0.533 6.94183864915572 2742.22880160003
0.639 2.660406885759 2744.88920848579
0.658 3.03951367781155 2747.9287221636
0.628 0.955414012738854 2748.88413617634
0.618 7.11974110032362 2756.00387727666
0.586 4.09556313993174 2760.09944041659
0.573 3.66492146596859 2763.76436188256
0.579 1.55440414507772 2765.31876602764
0.492 4.0650406504065 2769.38380667804
0.615 2.4390243902439 2771.82283106829
0.595 -0.504201680672269 2771.31862938762
0.487 -1.02669404517454 2770.29193534244
0.564 5.67375886524823 2775.96569420769
0.519 2.11946050096339 2778.08515470865
0.604 -3.3112582781457 2774.77389643051
0.612 1.63398692810458 2776.40788335861
0.617 -10.5348460291734 2765.87303732944
0.599 10.5175292153589 2776.3905665448
0.606 8.91089108910891 2785.30145763391
0.616 8.76623376623377 2794.06769140014
0.621 -4.02576489533011 2790.04192650481
0.579 5.69948186528497 2795.7414083701
0.639 2.660406885759 2798.40181525585
0.641 6.39625585023401 2804.79807110609
0.681 -0.146842878120411 2804.65122822797
0.672 8.92857142857143 2813.57979965654
0.665 -1.65413533834586 2811.92566431819
0.623 0.481540930979133 2812.40720524917
0.544 -0.367647058823529 2812.03955819035
0.541 -4.25138632162662 2807.78817186872
0.556 5.75539568345324 2813.54356755218
0.682 2.05278592375367 2815.59635347593
0.677 -1.32939438700148 2814.26695908893
0.66 -1.51515151515152 2812.75180757378
0.648 -4.01234567901235 2808.73946189476
0.613 0.163132137030995 2808.9025940318
0.638 0.626959247648903 2809.52955327944
0.671 0.447093889716841 2809.97664716916
0.686 -2.62390670553936 2807.35274046362
0.605 6.44628099173554 2813.79902145536
0.606 -2.31023102310231 2811.48879043225
0.637 -5.18053375196232 2806.30825668029
0.641 -1.71606864274571 2804.59218803755
0.62 2.58064516129032 2807.17283319884
0.626 -1.91693290734824 2805.25590029149
0.621 6.60225442834138 2811.85815471983
0.596 7.04697986577181 2818.9051345856
0.605 9.42148760330578 2828.32662218891
0.63 4.12698412698413 2832.45360631589
0.574 9.75609756097561 2842.20970387687
0.654 2.75229357798165 2844.96199745485
0.624 1.6025641025641 2846.56456155741
0.58 6.55172413793103 2853.11628569534
0.559 -7.3345259391771 2845.78175975617
0.521 -3.26295585412668 2842.51880390204
0.518 -7.72200772200772 2834.79679618003
0.469 0.639658848614073 2835.43645502865
0.574 -3.13588850174216 2832.30056652691
0.57 -0.350877192982456 2831.94968933392
0.527 3.98481973434535 2835.93450906827
0.601 -2.82861896838602 2833.10589009988
0.556 -1.07913669064748 2832.02675340923
0.519 9.05587668593449 2841.08263009517
0.528 -4.16666666666667 2836.9159634285
0.53 -7.16981132075472 2829.74615210775
0.493 -0.202839756592292 2829.54331235116
0.478 5.85774058577406 2835.40105293693
0.481 1.87110187110187 2837.27215480803
0.485 -3.50515463917526 2833.76700016886
0.493 -10.3448275862069 2823.42217258265
0.501 -2.59481037924152 2820.82736220341
0.497 -1.81086519114688 2819.01649701226
0.477 0.628930817610063 2819.64542782987
0.466 -7.72532188841202 2811.92010594146
0.503 -9.34393638170974 2802.57616955975
0.504 0.793650793650794 2803.3698203534
0.477 1.88679245283019 2805.25661280623
0.524 0 2805.25661280623
0.574 -6.27177700348432 2798.98483580275
0.487 -2.6694045174538 2796.31543128529
0.406 -14.7783251231527 2781.53710616214
0.512 7.421875 2788.95898116214
0.6 3 2791.95898116214
0.638 3.76175548589342 2795.72073664803
0.629 0.158982511923688 2795.87971915996
0.608 -3.94736842105263 2791.9323507389
0.623 0.481540930979133 2792.41389166988
0.673 1.63447251114413 2794.04836418103
0.649 0.770416024653313 2794.81878020568
0.613 -3.4257748776509 2791.39300532803
0.6 5 2796.39300532803
0.705 4.68085106382979 2801.07385639186
0.616 -5.19480519480519 2795.87905119705
0.653 1.99081163859112 2797.86986283565
0.6 -5.33333333333333 2792.53652950231
0.595 -4.53781512605042 2787.99871437626
0.62 2.90322580645161 2790.90194018271
0.686 2.62390670553936 2793.52584688825
0.647 0.463678516228748 2793.98952540448
0.638 -5.32915360501567 2788.66037179947
0.672 -2.97619047619048 2785.68418132327
0.674 1.78041543026706 2787.46459675354
0.571 -4.02802101576182 2783.43657573778
0.568 -2.8169014084507 2780.61967432933
0.594 -9.76430976430976 2770.85536456502
0.633 -15.0078988941548 2755.84746567086
0.614 -17.5895765472313 2738.25788912363
0.6 -7.33333333333333 2730.9245557903
0.57 -4.56140350877193 2726.36315228153
0.566 -4.9469964664311 2721.4161558151
0.578 -1.73010380622837 2719.68605200887
0.607 -6.75453047775947 2712.93152153111
0.589 -1.86757215619694 2711.06394937491
0.59 2.71186440677966 2713.77581378169
0.66 -1.81818181818182 2711.95763196351
0.616 -5.84415584415584 2706.11347611935
0.623 8.18619582664527 2714.299671946
0.615 1.78861788617886 2716.08828983218
0.672 2.97619047619048 2719.06448030837
0.639 -2.03442879499218 2717.03005151338
0.636 -1.25786163522013 2715.77218987816
0.61 -3.27868852459016 2712.49350135357
0.637 4.23861852433281 2716.7321198779
0.602 10.2990033222591 2727.03112320016
0.607 7.41350906095552 2734.44463226111
0.603 -3.48258706467662 2730.96204519644
0.553 -2.7124773960217 2728.24956780042
0.533 -3.18949343339587 2725.06007436702
0.51 -1.17647058823529 2723.88360377878
0.455 -6.81318681318681 2717.0704169656
0.46 -3.47826086956522 2713.59215609603
0.571 -1.57618213660245 2712.01597395943
0.508 0 2712.01597395943
0.439 1.59453302961276 2713.61050698904
0.459 -7.62527233115468 2705.98523465789
0.514 -2.72373540856031 2703.26149924933
0.492 -3.2520325203252 2700.009466729
0.528 6.06060606060606 2706.07007278961
0.55 -4.36363636363636 2701.70643642597
0.504 -11.5079365079365 2690.19849991804
0.527 -7.40037950664137 2682.79812041139
0.607 -7.74299835255354 2675.05512205884
0.627 4.62519936204147 2679.68032142088
0.64 1.875 2681.55532142088
0.596 -5.03355704697987 2676.5217643739
0.568 2.46478873239437 2678.9865531063
0.587 -1.53321976149915 2677.4533333448
0.569 4.39367311072056 2681.84700645552
0.655 14.1984732824427 2696.04547973796
0.661 0.151285930408472 2696.19676566837
0.54 1.85185185185185 2698.04861752022
0.6 7 2705.04861752022
0.663 9.80392156862745 2714.85253908885
0.632 -0.949367088607595 2713.90317200024
0.691 -0.144717800289436 2713.75845419995
0.547 -8.22669104204753 2705.5317631579
0.673 1.63447251114413 2707.16623566905
0.603 -0.829187396351575 2706.3370482727
0.572 -1.74825174825175 2704.58879652445
0.632 -5.69620253164557 2698.8925939928
0.61 0 2698.8925939928
0.639 -8.29420970266041 2690.59838429014
0.67 -4.47761194029851 2686.12077234984
0.657 -0.15220700152207 2685.96856534832
0.64 -4.6875 2681.28106534832
0.593 -3.87858347386172 2677.40248187446
0.656 -1.52439024390244 2675.87809163055
0.593 4.5531197301855 2680.43121136074
0.643 -3.88802488335925 2676.54318647738
0.561 -4.81283422459893 2671.73035225278
0.609 1.80623973727422 2673.53659199006
0.649 -0.154083204930663 2673.38250878513
0.584 -7.53424657534247 2665.84826220978
0.606 1.65016501650165 2667.49842722628
0.618 -5.17799352750809 2662.32043369878
0.599 -6.84474123539232 2655.47569246338
0.562 -1.42348754448399 2654.0522049189
0.504 -7.14285714285714 2646.90934777604
0.537 3.1657355679702 2650.07508334401
0.622 -3.85852090032154 2646.21656244369
0.642 -0.934579439252336 2645.28198300444
0.611 -0.818330605564648 2644.46365239887
0.66 -4.24242424242424 2640.22122815645
0.67 -3.28358208955224 2636.9376460669
0.654 5.19877675840979 2642.13642282531
0.611 -2.45499181669394 2639.68143100861
0.639 2.97339593114241 2642.65482693976
0.669 -7.0254110612855 2635.62941587847
0.59 -4.40677966101695 2631.22263621745
0.568 -1.76056338028169 2629.46207283717
0.61 4.91803278688525 2634.38010562406
0.627 1.11642743221691 2635.49653305627
0.662 4.22960725075529 2639.72614030703
0.622 -7.07395498392283 2632.65218532311
0.514 -0.389105058365759 2632.26308026474
0.559 2.32558139534884 2634.58866166009
0.612 4.90196078431373 2639.4906224444
0.618 -1.29449838187702 2638.19612406253
0.64 -0.3125 2637.88362406253
0.579 -2.24525043177893 2635.63837363075
0.619 -1.45395799676898 2634.18441563398
0.583 1.88679245283019 2636.07120808681
0.567 -5.82010582010582 2630.2511022667
0.62 -3.54838709677419 2626.70271516993
0.645 4.18604651162791 2630.88876168156
0.619 -3.39256865912763 2627.49619302243
0.631 -6.49762282091918 2620.99857020151
0.633 0.4739336492891 2621.4725038508
0.681 -8.37004405286344 2613.10245979794
0.666 1.8018018018018 2614.90426159974
0.569 11.7750439367311 2626.67930553647
0.638 3.13479623824451 2629.81410177471
0.565 -2.65486725663717 2627.15923451808
0.604 3.3112582781457 2630.47049279622
0.603 5.4726368159204 2635.94312961214
0.568 1.76056338028169 2637.70369299242
0.612 -2.28758169934641 2635.41611129308
0.617 3.07941653160454 2638.49552782468
0.626 5.11182108626198 2643.60734891094
0.609 -5.74712643678161 2637.86022247416
0.632 -11.0759493670886 2626.78427310707
0.59 4.74576271186441 2631.53003581894
0.636 3.77358490566038 2635.3036207246
0.676 1.77514792899408 2637.07876865359
0.655 4.73282442748092 2641.81159308107
0.642 -3.73831775700935 2638.07327532406
0.643 -3.26594090202177 2634.80733442204
0.599 -0.834724540901502 2633.97260988114
0.626 4.47284345047923 2638.44545333162
0.607 2.8006589785832 2641.2461123102
0.628 0.636942675159236 2641.88305498536
0.605 0.165289256198347 2642.04834424156
0.572 1.04895104895105 2643.09729529051
0.62 5.80645161290323 2648.90374690341
0.621 12.7214170692432 2661.62516397266
0.627 3.66826156299841 2665.29342553566
0.597 3.85259631490787 2669.14602185056
0.653 3.82848392036753 2672.97450577093
0.669 -0.149476831091181 2672.82502893984
0.628 3.5031847133758 2676.32821365322
0.662 3.92749244712991 2680.25570610035
0.635 2.36220472440945 2682.61791082476
0.644 0.62111801242236 2683.23902883718
0.603 -3.48258706467662 2679.7564417725
0.653 3.52220520673813 2683.27864697924
0.603 0.165837479270315 2683.44448445851
0.605 -4.79338842975207 2678.65109602876
0.624 2.56410256410256 2681.21519859286
0.58 -0.689655172413793 2680.52554342045
0.573 4.01396160558464 2684.53950502603
0.582 -2.06185567010309 2682.47764935593
0.535 -4.67289719626168 2677.80475215967
0.596 -6.04026845637584 2671.76448370329
0.614 0.977198697068404 2672.74168240036
0.605 0.495867768595041 2673.23755016895
0.58 -8.96551724137931 2664.27203292757
0.621 2.09339774557166 2666.36543067315
0.613 -0.815660685154976 2665.54976998799
0.593 5.90219224283305 2671.45196223082
0.58 -2.06896551724138 2669.38299671358
0.601 -2.1630615640599 2667.21993514952
0.667 -7.04647676161919 2660.1734583879
0.588 -4.08163265306122 2656.09182573484
0.665 -2.85714285714286 2653.2346828777
0.436 -5.96330275229358 2647.27138012541
0.608 2.30263157894737 2649.57401170435
0.615 5.04065040650407 2654.61466211086
0.648 3.08641975308642 2657.70108186394
0.66 4.24242424242424 2661.94350610637
0.652 3.37423312883436 2665.3177392352
0.645 -1.08527131782946 2664.23246791737
0.644 0.31055900621118 2664.54302692358
0.612 3.92156862745098 2668.46459555104
0.646 1.23839009287926 2669.70298564391
0.599 -1.5025041736227 2668.20048147029
0.621 -1.44927536231884 2666.75120610797
0.635 5.19685039370079 2671.94805650167
0.62 -1.93548387096774 2670.01257263071
0.609 -5.74712643678161 2664.26544619392
0.63 2.53968253968254 2666.80512873361
0.64 2.5 2669.30512873361
0.616 0.324675324675325 2669.62980405828
0.707 7.77934936350778 2677.40915342179
0.654 3.05810397553517 2680.46725739733
0.529 -3.21361058601134 2677.25364681131
0.49 1.63265306122449 2678.88629987254
0.677 1.03397341211226 2679.92027328465
0.688 7.84883720930233 2687.76911049395
0.62 -1.61290322580645 2686.15620726815
0.633 -4.58135860979463 2681.57484865835
0.657 -6.54490106544901 2675.0299475929
0.552 -6.15942028985507 2668.87052730305
0.538 -14.8698884758364 2654.00063882721
0.582 0.687285223367698 2654.68792405058
0.638 1.88087774294671 2656.56880179353
0.613 3.09951060358891 2659.66831239712
0.631 -1.10935023771791 2658.5589621594
0.554 0 2658.5589621594
0.633 1.10584518167457 2659.66480734107
0.636 1.57232704402516 2661.2371343851
0.631 -0.475435816164818 2660.76169856893
0.668 10.4790419161677 2671.2407404851
0.678 5.6047197640118 2676.84546024911
0.676 2.36686390532544 2679.21232415444
0.631 -0.475435816164818 2678.73688833827
0.613 -5.70962479608483 2673.02726354219
0.631 3.64500792393027 2676.67227146612
0.639 -2.660406885759 2674.01186458036
0.6 -3 2671.01186458036
0.509 5.69744597249509 2676.70931055285
0.672 7.14285714285714 2683.85216769571
0.599 1.5025041736227 2685.35467186933
0.474 5.06329113924051 2690.41796300857
0.57 -0.350877192982456 2690.06708581559
0.644 -5.59006211180124 2684.47702370379
0.643 -2.02177293934681 2682.45525076444
0.602 -5.3156146179402 2677.1396361465
0.659 4.7040971168437 2681.84373326335
0.622 2.2508038585209 2684.09453712187
0.644 4.03726708074534 2688.13180420261
0.652 -0.306748466257669 2687.82505573636
0.503 -8.94632206759443 2678.87873366876
0.602 2.32558139534884 2681.20431506411
0.58 -18.9655172413793 2662.23879782273
0.568 -15.8450704225352 2646.3937274002
0.529 5.4820415879017 2651.8757689881
0.549 5.28233151183971 2657.15810049994
0.535 2.05607476635514 2659.21417526629
0.549 10.0182149362477 2669.23239020254
0.535 0.560747663551402 2669.79313786609
0.516 2.32558139534884 2672.11871926144
0.538 8.55018587360595 2680.66890513505
0.53 -1.50943396226415 2679.15947117278
0.537 0.931098696461825 2680.09056986924
0.489 0.613496932515337 2680.70406680176
0.462 -6.49350649350649 2674.21056030825
0.469 3.62473347547974 2677.83529378373
0.494 0 2677.83529378373
0.527 0.569259962049336 2678.40455374578
0.49 -7.3469387755102 2671.05761497027
0.491 -2.64765784114053 2668.40995712913
0.53 6.41509433962264 2674.82505146875
0.482 7.88381742738589 2682.70886889614
0.495 -5.05050505050505 2677.65836384563
0.473 -0.211416490486258 2677.44694735515
0.551 -3.08529945553539 2674.36164789961
0.542 0.3690036900369 2674.73065158965
0.566 2.82685512367491 2677.55750671332
0.48 -1.25 2676.30750671332
0.485 -3.09278350515464 2673.21472320817
0.48 3.33333333333333 2676.5480565415
0.449 -5.56792873051225 2670.98012781099
0.407 -7.12530712530712 2663.85482068568
0.408 13.2352941176471 2677.09011480333
0.379 0.263852242744063 2677.35396704608
0.505 0.99009900990099 2678.34406605598
0.485 1.03092783505155 2679.37499389103
0.549 -2.73224043715847 2676.64275345387
0.476 -0.840336134453782 2675.80241731942
0.497 0.603621730382294 2676.4060390498
0.518 8.88030888030888 2685.28634793011
0.511 -0.587084148727984 2684.69926378138
0.485 5.15463917525773 2689.85390295664
0.457 -7.65864332603939 2682.1952596306
0.509 5.69744597249509 2687.89270560309
0.464 0 2687.89270560309
0.382 1.57068062827225 2689.46338623136
0.484 2.06611570247934 2691.52950193384
0.544 1.83823529411765 2693.36773722796
0.507 0.19723865877712 2693.56497588674
0.494 -4.04858299595142 2689.51639289079
0.484 -8.67768595041322 2680.83870694037
0.622 -3.53697749196141 2677.30172944841
0.627 -1.43540669856459 2675.86632274985
0.619 -3.06946688206785 2672.79685586778
0.589 -1.52801358234295 2671.26884228544
0.562 -2.49110320284698 2668.77773908259
0.551 5.98911070780399 2674.76684979039
0.592 3.71621621621622 2678.48306600661
0.511 -4.10958904109589 2674.37347696551
0.588 -5.10204081632653 2669.27143614919
0.533 -3.56472795497186 2665.70670819422
0.628 5.4140127388535 2671.12072093307
0.619 4.36187399030695 2675.48259492338
0.596 1.34228187919463 2676.82487680257
0.635 4.56692913385827 2681.39180593643
0.611 -11.620294599018 2669.77151133741
0.588 8.16326530612245 2677.93477664353
0.63 0 2677.93477664353
0.638 10.0313479623824 2687.96612460592
0.634 -0.315457413249211 2687.65066719267
0.628 2.54777070063694 2690.1984378933
0.634 -0.315457413249211 2689.88298048005
0.584 -1.36986301369863 2688.51311746636
0.641 7.64430577223089 2696.15742323859
0.618 1.29449838187702 2697.45192162046
0.674 -3.56083086053412 2693.89109075993
0.6 4.33333333333333 2698.22442409326
0.644 5.90062111801242 2704.12504521128
0.492 9.75609756097561 2713.88114277225
0.653 7.81010719754977 2721.6912499698
0.629 3.65659777424483 2725.34784774405
0.616 1.62337662337662 2726.97122436742
0.598 -0.668896321070234 2726.30232804635
0.621 -0.483091787439614 2725.81923625891
0.603 -3.81426202321725 2722.0049742357
0.608 0.657894736842105 2722.66286897254
0.616 2.27272727272727 2724.93559624526
0.595 -4.20168067226891 2720.733915573
0.587 -1.19250425894378 2719.54141131405
0.597 3.51758793969849 2723.05899925375
0.621 -0.161030595813205 2722.89796865794
0.621 3.7037037037037 2726.60167236164
0.634 -1.26182965299685 2725.33984270864
0.602 9.63455149501661 2734.97439420366
0.62 12.258064516129 2747.23245871979
0.593 6.91399662731872 2754.14645534711
0.58 14.1379310344828 2768.28438638159
0.648 1.54320987654321 2769.82759625813
0.619 4.68497576736672 2774.5125720255
0.622 -4.82315112540193 2769.6894209001
0.623 -5.93900481540931 2763.75041608469
0.603 -0.497512437810945 2763.25290364688
0.639 5.4773082942097 2768.73021194109
0.611 -1.47299509001637 2767.25721685107
0.544 8.82352941176471 2776.08074626284
0.563 -12.9662522202487 2763.11449404259
0.586 2.38907849829352 2765.50357254088
0.594 0.673400673400673 2766.17697321428
0.588 6.46258503401361 2772.6395582483
0.622 -5.46623794212219 2767.17332030617
0.605 5.78512396694215 2772.95844427312
0.641 4.21216848673947 2777.17061275986
0.587 3.91822827938671 2781.08884103924
0.639 0.156494522691706 2781.24533556193
0.605 4.13223140495868 2785.37756696689
0.651 4.45468509984639 2789.83225206674
0.622 -5.78778135048232 2784.04447071626
0.619 2.10016155088853 2786.14463226714
0.678 0 2786.14463226714
0.617 1.78282009724473 2787.92745236439
0.622 4.5016077170418 2792.42906008143
0.623 0.802568218298555 2793.23162829973
0.642 -0.934579439252336 2792.29704886048
0.638 1.88087774294671 2794.17792660342
0.631 3.64500792393027 2797.82293452735
0.476 10.0840336134454 2807.9069681408
0.447 5.14541387024609 2813.05238201105
0.475 2.31578947368421 2815.36817148473
0.581 -1.54905335628227 2813.81911812845
0.654 -10.7033639143731 2803.11575421407
0.612 -3.26797385620915 2799.84778035787
0.622 -6.7524115755627 2793.0953687823
0.646 -9.28792569659443 2783.80744308571
0.647 -5.10046367851623 2778.70697940719
0.631 -1.743264659271 2776.96371474792
0.609 4.43349753694581 2781.39721228487
0.59 1.35593220338983 2782.75314448826
0.613 0.163132137030995 2782.91627662529
0.624 -3.20512820512821 2779.71114842016
0.632 -0.632911392405063 2779.07823702775
0.639 -9.54616588419405 2769.53207114356
0.658 2.43161094224924 2771.96368208581
0.65 1.23076923076923 2773.19445131658
0.668 -0.29940119760479 2772.89505011897
0.654 1.8348623853211 2774.7299125043
0.617 -2.75526742301459 2771.97464508128
0.603 -3.81426202321725 2768.16038305806
0.612 -6.86274509803922 2761.29763796002
0.609 5.74712643678161 2767.04476439681
0.617 9.56239870340357 2776.60716310021
0.631 3.96196513470681 2780.56912823492
0.615 -3.08943089430894 2777.47969734061
0.619 2.74636510500808 2780.22606244562
0.583 -4.97427101200686 2775.25179143361
0.565 6.19469026548673 2781.4464816991
0.595 3.52941176470588 2784.9758934638
0.64 5 2789.9758934638
0.614 1.95439739413681 2791.93029085794
0.572 -3.14685314685315 2788.78343771109
0.586 -3.07167235494881 2785.71176535614
0.647 1.39103554868624 2787.10280090482
0.643 -3.88802488335925 2783.21477602146
0.611 -1.14566284779051 2782.06911317367
0.639 2.660406885759 2784.72952005943
0.648 -1.23456790123457 2783.4949521582
0.612 6.20915032679739 2789.70410248499
0.663 -5.58069381598793 2784.12340866901
0.641 -0.46801872074883 2783.65538994826
0.647 2.00927357032457 2785.66466351858
0.624 -2.88461538461538 2782.78004813397
0.612 -7.84313725490196 2774.93691087907
0.614 -1.95439739413681 2772.98251348493
0.598 -7.69230769230769 2765.29020579262
0.617 -4.70016207455429 2760.59004371807
0.648 -3.08641975308642 2757.50362396498
0.584 3.76712328767123 2761.27074725265
0.607 -1.81219110378913 2759.45855614886
0.611 -1.80032733224223 2757.65822881662
0.614 4.23452768729642 2761.89275650392
0.614 3.25732899022801 2765.15008549414
0.606 5.61056105610561 2770.76064655025
0.618 4.85436893203883 2775.61501548229
0.634 1.89274447949527 2777.50775996178
0.647 2.93663060278207 2780.44439056457
0.594 7.74410774410774 2788.18849830867
0.639 2.03442879499218 2790.22292710367
0.646 5.57275541795666 2795.79568252162
0.65 1.84615384615385 2797.64183636778
0.617 6.96920583468395 2804.61104220246
0.604 2.64900662251656 2807.26004882498
0.655 -5.34351145038168 2801.9165373746
0.551 3.81125226860254 2805.7277896432
0.658 -2.43161094224924 2803.29617870095
0.507 6.11439842209073 2809.41057712304
0.553 5.24412296564195 2814.65470008868
0.594 -0.336700336700337 2814.31799975198
0.547 3.47349177330896 2817.79149152529
0.613 -1.79445350734095 2815.99703801795
0.596 0 2815.99703801795
0.622 1.28617363344051 2817.28321165139
0.638 -2.82131661442006 2814.46189503697
0.633 4.2654028436019 2818.72729788057
0.625 1.12 2819.84729788057
0.582 -10.9965635738832 2808.85073430669
0.658 6.68693009118541 2815.53766439787
0.647 1.08191653786708 2816.61958093574
0.64 15.3125 2831.93208093574
0.642 -2.18068535825545 2829.75139557749
0.646 1.54798761609907 2831.29938319358
0.621 2.09339774557166 2833.39278093916
0.643 2.02177293934681 2835.4145538785
0.619 1.45395799676898 2836.86851187527
0.613 1.46818923327896 2838.33670110855
0.631 -3.64500792393027 2834.69169318462
0.546 6.22710622710623 2840.91879941173
0.614 11.400651465798 2852.31945087752
0.613 -1.46818923327896 2850.85126164425
0.609 -1.47783251231527 2849.37342913193
0.62 0.32258064516129 2849.69600977709
0.628 -3.82165605095541 2845.87435372614
0.628 1.27388535031847 2847.14823907645
0.574 -1.74216027874564 2845.40607879771
0.644 -0.62111801242236 2844.78496078529
0.561 4.45632798573975 2849.24128877103
0.571 9.6322241681261 2858.87351293915
0.629 3.97456279809221 2862.84807573724
0.656 -3.35365853658537 2859.49441720066
0.582 -9.62199312714777 2849.87242407351
0.598 -3.01003344481605 2846.8623906287
0.593 -3.20404721753794 2843.65834341116
0.575 -1.21739130434783 2842.44095210681
0.621 -0.161030595813205 2842.279921511
0.573 6.45724258289703 2848.73716409389
0.581 -2.92598967297762 2845.81117442092
0.58 2.41379310344828 2848.22496752436
0.606 2.31023102310231 2850.53519854747
0.585 6.32478632478632 2856.85998487225
0.64 3.75 2860.60998487225
0.623 1.76565008025682 2862.37563495251
0.596 -0.335570469798658 2862.04006448271
0.632 8.86075949367089 2870.90082397638
0.619 2.74636510500808 2873.64718908139
0.615 1.46341463414634 2875.11060371554
0.604 0 2875.11060371554
0.51 -4.70588235294118 2870.4047213626
0.49 -2.04081632653061 2868.36390503606
0.562 0 2868.36390503606
0.652 -1.22699386503067 2867.13691117103
0.608 -3.61842105263158 2863.5184901184
0.581 -5.67986230636833 2857.83862781203
0.587 -1.87393526405451 2855.96469254798
0.573 -4.71204188481675 2851.25265066316
0.601 -2.49584026622296 2848.75681039694
0.599 5.50918196994992 2854.26599236689
0.658 -3.95136778115502 2850.31462458573
0.597 -9.54773869346734 2840.76688589227
0.502 -35.8565737051793 2804.91031218709
0.56 -11.0714285714286 2793.83888361566
0.511 -12.720156555773 2781.11872705989
0.562 -16.0142348754448 2765.10449218444
0.513 -17.7387914230019 2747.36570076144
0.57 2.80701754385965 2750.1727183053
0.61 6.22950819672131 2756.40222650202
0.568 -2.11267605633803 2754.28955044568
0.53 -1.50943396226415 2752.78011648342
0.648 3.39506172839506 2756.17517821181
0.603 -0.497512437810945 2755.677665774
0.607 1.15321252059308 2756.8308782946
0.601 3.82695507487521 2760.65783336947
0.613 -2.44698205546493 2758.21085131401
0.597 -0.837520938023451 2757.37333037598
0.617 -4.70016207455429 2752.67316830143
0.628 8.59872611464968 2761.27189441608
0.633 2.68562401263823 2763.95751842872
0.604 -11.5894039735099 2752.36811445521
0.55 -0.363636363636364 2752.00447809157
0.614 7.16612377850163 2759.17060187007
0.607 -2.14168039538715 2757.02892147468
0.625 2.72 2759.74892147468
0.604 3.3112582781457 2763.06017975283
0.631 5.54675118858954 2768.60693094142
0.524 1.14503816793893 2769.75196910936
0.584 3.76712328767123 2773.51909239703
0.614 -0.651465798045603 2772.86762659898
0.665 1.05263157894737 2773.92025817793
0.651 -6.91244239631336 2767.00781578162
0.609 -2.46305418719212 2764.54476159443
0.579 -2.59067357512953 2761.9540880193
0.592 -4.72972972972973 2757.22435828957
0.623 -0.160513643659711 2757.06384464591
0.595 3.52941176470588 2760.59325641061
0.636 -3.14465408805031 2757.44860232256
0.579 -0.172711571675302 2757.27589075089
0.588 1.02040816326531 2758.29629891415
0.62 1.61290322580645 2759.90920213996
0.576 1.38888888888889 2761.29809102885
0.616 -1.94805194805195 2759.3500390808
0.633 -0.789889415481833 2758.56014966531
0.626 5.75079872204473 2764.31094838736
0.64 6.5625 2770.87344838736
0.626 3.51437699680511 2774.38782538416
0.663 6.78733031674208 2781.17515570091
0.626 -6.38977635782748 2774.78537934308
0.624 -3.52564102564103 2771.25973831744
0.601 2.82861896838602 2774.08835728582
0.592 3.37837837837838 2777.4667356642
0.593 1.5177065767285 2778.98444224093
0.657 -1.97869101978691 2777.00575122114
0.666 2.7027027027027 2779.70845392385
0.644 -1.24223602484472 2778.466217899
0.645 3.56589147286822 2782.03210937187
0.638 -3.13479623824451 2778.89731313363
0.653 6.27871362940276 2785.17602676303
0.631 -2.06022187004754 2783.11580489298
0.639 3.28638497652582 2786.40218986951
0.633 -5.52922590837283 2780.87296396113
0.631 -3.96196513470681 2776.91099882643
0.628 2.54777070063694 2779.45876952706
0.615 -5.69105691056911 2773.76771261649
0.665 0.451127819548872 2774.21884043604
0.583 5.66037735849057 2779.87921779453
0.6 3.66666666666667 2783.5458844612
0.604 -1.98675496688742 2781.55912949431
0.63 -3.49206349206349 2778.06706600225
0.587 5.96252129471891 2784.02958729697
0.622 -0.964630225080386 2783.06495707189
0.572 3.14685314685315 2786.21181021874
0.58 -3.10344827586207 2783.10836194288
0.594 7.07070707070707 2790.17906901359
0.62 0.645161290322581 2790.82423030391
0.601 -2.49584026622296 2788.32839003769
0.615 6.01626016260163 2794.34465020029
0.6 -0.333333333333333 2794.01131686695
0.63 -0.634920634920635 2793.37639623203
0.607 -7.0840197693575 2786.29237646268
0.624 0.961538461538462 2787.25391492421
0.615 -0.16260162601626 2787.0913132982
0.643 -1.39968895800933 2785.69162434019
0.609 -4.43349753694581 2781.25812680324
0.497 1.81086519114688 2783.06899199439
0.632 3.16455696202532 2786.23354895642
0.596 2.68456375838926 2788.9181127148
0.636 -10.6918238993711 2778.22628881543
0.655 -5.0381679389313 2773.1881208765
0.646 0 2773.1881208765
0.62 2.58064516129032 2775.76876603779
0.6 2 2777.76876603779
0.61 -8.19672131147541 2769.57204472632
0.571 -7.18038528896673 2762.39165943735
0.465 4.51612903225806 2766.90778846961
0.624 2.88461538461538 2769.79240385422
0.582 -0.687285223367698 2769.10511863086
0.432 0 2769.10511863086
0.556 0.359712230215827 2769.46483086107
0.628 -2.86624203821656 2766.59858882286
0.629 -9.69793322734499 2756.90065559551
0.64 6.5625 2763.46315559551
0.602 1.32890365448505 2764.79205925
0.644 -1.5527950310559 2763.23926421894
0.577 3.98613518197574 2767.22539940092
0.61 2.95081967213115 2770.17621907305
0.603 1.82421227197347 2772.00043134502
0.642 -2.18068535825545 2769.81974598676
0.664 3.31325301204819 2773.13299899881
0.653 3.21592649310873 2776.34892549192
0.633 -0.157977883096367 2776.19094760882
0.627 -3.03030303030303 2773.16064457852
0.612 -3.59477124183007 2769.56587333669
0.631 -1.10935023771791 2768.45652309897
0.652 1.53374233128834 2769.99026543026
0.622 3.21543408360129 2773.20569951386
0.624 -4.80769230769231 2768.39800720617
0.603 5.4726368159204 2773.87064402209
0.636 -7.86163522012579 2766.00900880197
0.603 -1.82421227197347 2764.18479652999
0.603 3.81426202321725 2767.99905855321
0.608 -3.28947368421053 2764.709584869
0.565 -11.858407079646 2752.85117778935
0.594 3.7037037037037 2756.55488149306
0.594 -3.7037037037037 2752.85117778935
0.636 -5.0314465408805 2747.81973124847
0.616 -2.27272727272727 2745.54700397575
0.43 1.3953488372093 2746.94235281295
0.629 -1.11287758346582 2745.82947522949
0.599 -1.1686143572621 2744.66086087223
0.62 -1.93548387096774 2742.72537700126
0.6 2.66666666666667 2745.39204366793
0.632 2.53164556962025 2747.92368923755
0.609 -0.492610837438424 2747.43107840011
0.626 0.638977635782748 2748.07005603589
0.585 -7.35042735042735 2740.71962868546
0.62 0.32258064516129 2741.04220933062
0.624 -6.41025641025641 2734.63195292037
0.615 -0.16260162601626 2734.46935129435
0.585 -1.88034188034188 2732.58900941401
0.636 4.71698113207547 2737.30599054609
0.64 2.8125 2740.11849054609
0.607 -1.15321252059308 2738.96527802549
0.653 -4.44104134762634 2734.52423667787
0.587 0.851788756388416 2735.37602543425
0.526 -0.760456273764259 2734.61556916049
0.672 7.14285714285714 2741.75842630335
0.614 -1.95439739413681 2739.80402890921
0.646 -2.47678018575851 2737.32724872345
0.621 -0.483091787439614 2736.84415693601
0.603 -0.497512437810945 2736.3466444982
0.602 -1.32890365448505 2735.01774084372
0.621 4.34782608695652 2739.36556693067
0.542 2.9520295202952 2742.31759645097
0.631 3.32805071315372 2745.64564716412
0.59 -1.69491525423729 2743.95073190988
0.588 3.74149659863946 2747.69222850852
0.662 2.7190332326284 2750.41126174115
0.644 -4.34782608695652 2746.0634356542
0.603 -3.48258706467662 2742.58084858952
0.607 -0.164744645799012 2742.41610394372
0.605 -1.15702479338843 2741.25907915033
0.626 -0.958466453674121 2740.30061269666
0.663 4.67571644042232 2744.97632913708
0.618 -0.323624595469256 2744.65270454161
0.478 2.09205020920502 2746.74475475082
0.526 -0.760456273764259 2745.98429847705
0.564 -8.51063829787234 2737.47366017918
0.579 -10.1899827288428 2727.28367745034
0.61 -6.22950819672131 2721.05416925361
0.592 2.02702702702703 2723.08119628064
0.581 -0.516351118760757 2722.56484516188
0.55 -2.18181818181818 2720.38302698006
0.579 -1.89982728842832 2718.48319969163
0.577 -4.67937608318891 2713.80382360845
0.533 -3.93996247654784 2709.8638611319
0.578 0.346020761245675 2710.20988189314
0.54 5.18518518518519 2715.39506707833
0.546 -1.0989010989011 2714.29616597943
0.56 2.14285714285714 2716.43902312228
0.584 0.684931506849315 2717.12395462913
0.604 -3.97350993377483 2713.15044469536
0.547 2.74223034734918 2715.89267504271
0.575 -2.95652173913043 2712.93615330358
0.582 3.43642611683849 2716.37257942042
0.55 0.727272727272727 2717.09985214769
0.611 -1.14566284779051 2715.9541892999
0.593 -0.843170320404722 2715.11101897949
0.58 -7.24137931034483 2707.86963966915
0.59 -6.10169491525424 2701.76794475389
0.573 0.523560209424084 2702.29150496332
0.575 -4.69565217391304 2697.59585278941
0.575 -0.869565217391304 2696.72628757201
0.586 -2.04778156996587 2694.67850600205
0.551 -2.72232304900181 2691.95618295305
0.473 0.634249471458774 2692.59043242451
0.472 -1.27118644067797 2691.31924598383
0.639 5.4773082942097 2696.79655427804
0.651 -4.14746543778802 2692.64908884025
0.631 -8.71632329635499 2683.93276554389
0.649 5.08474576271186 2689.01751130661
0.606 3.3003300330033 2692.31784133961
0.623 -0.160513643659711 2692.15732769595
0.641 5.14820592823713 2697.30553362419
0.625 5.28 2702.58553362419
0.604 5.96026490066225 2708.54579852485
0.601 13.1447587354409 2721.69055726029
0.602 -2.6578073089701 2719.03274995132
0.601 2.1630615640599 2721.19581151538
0.592 -10.8108108108108 2710.38500070457
0.628 -1.27388535031847 2709.11111535425
0.659 0.455235204855842 2709.56635055911
0.667 -0.749625187406297 2708.8167253717
0.624 7.05128205128205 2715.86800742298
0.632 -3.16455696202532 2712.70345046096
0.667 0.449775112443778 2713.1532255734
0.626 -1.59744408945687 2711.55578148394
0.639 -2.34741784037559 2709.20836364357
0.63 0.634920634920635 2709.84328427849
0.638 -3.44827586206897 2706.39500841642
0.632 -5.69620253164557 2700.69880588477
0.638 -5.64263322884013 2695.05617265593
0.561 6.95187165775401 2702.00804431369
0.641 6.70826833073323 2708.71631264442
0.591 5.92216582064298 2714.63847846506
0.68 1.76470588235294 2716.40318434742
0.629 5.88235294117647 2722.28553728859
0.606 0 2722.28553728859
0.605 -1.81818181818182 2720.46735547041
0.565 -0.884955752212389 2719.5823997182
0.593 3.20404721753794 2722.78644693574
0.578 6.22837370242215 2729.01482063816
0.588 2.04081632653061 2731.05563696469
0.608 4.60526315789474 2735.66090012259
0.608 -5.92105263157895 2729.73984749101
0.612 6.86274509803922 2736.60259258905
0.611 3.10965630114566 2739.71224889019
0.594 -0.336700336700337 2739.37554855349
0.457 -1.96936542669584 2737.40618312679
0.461 -5.42299349240781 2731.98318963439
0.59 1.01694915254237 2733.00013878693
0.619 -3.06946688206785 2729.93067190486
0.621 0.805152979066023 2730.73582488393
0.568 0 2730.73582488393
0.594 -0.673400673400673 2730.06242421053
0.648 7.71604938271605 2737.77847359324
0.641 -5.14820592823713 2732.63026766501
0.595 -4.87394957983193 2727.75631808517
0.611 -1.14566284779051 2726.61065523738
0.621 -0.483091787439614 2726.12756344994
0.625 -5.28 2720.84756344994
0.611 -2.7823240589198 2718.06523939102
0.614 -8.46905537459283 2709.59618401643
0.623 -1.76565008025682 2707.83053393617
0.601 -13.1447587354409 2694.68577520073
0.633 3.00157977883096 2697.68735497956
0.591 -5.92216582064298 2691.76518915892
0.596 0.671140939597315 2692.43633009852
0.588 -1.36054421768707 2691.07578588083
0.612 -3.92156862745098 2687.15421725338
0.642 0.623052959501558 2687.77727021288
0.629 4.92845786963434 2692.70572808252
0.641 -0.78003120124805 2691.92569688127
0.638 1.88087774294671 2693.80657462422
0.573 -8.90052356020942 2684.90605106401
0.626 -5.11182108626198 2679.79422997774
0.627 3.03030303030303 2682.82453300805
0.615 -0.813008130081301 2682.01152487797
0.629 2.38473767885533 2684.39626255682
0.569 -1.93321616871705 2682.4630463881
0.6 -4 2678.4630463881
0.608 -0.657894736842105 2677.80515165126
0.568 2.8169014084507 2680.62205305971
0.644 -16.7701863354037 2663.85186672431
0.596 2.01342281879195 2665.8652895431
0.639 -26.4475743348983 2639.4177152082
0.594 -6.73400673400673 2632.6837084742
0.607 -19.9341021416804 2612.74960633252
0.601 -10.4825291181364 2602.26707721438
0.542 -2.5830258302583 2599.68405138412
0.633 -19.4312796208531 2580.25277176327
0.548 0.364963503649635 2580.61773526692
0.572 -4.54545454545455 2576.07228072146
0.597 -4.85762144053601 2571.21465928093
0.615 -7.31707317073171 2563.89758611019
0.571 -6.83012259194396 2557.06746351825
0.598 -3.67892976588629 2553.38853375236
0.64 1.5625 2554.95103375236
0.659 7.43550834597876 2562.38654209834
0.637 2.04081632653061 2564.42735842487
0.648 6.48148148148148 2570.90883990636
0.652 4.9079754601227 2575.81681536648
0.643 4.19906687402799 2580.01588224051
0.642 3.11526479750779 2583.13114703801
0.64 5.625 2588.75614703801
0.63 3.49206349206349 2592.24821053008
0.602 -8.97009966777409 2583.2781108623
0.596 -0.335570469798658 2582.9425403925
0.628 -3.18471337579618 2579.75782701671
0.638 2.82131661442006 2582.57914363113
0.634 -0.315457413249211 2582.26368621788
0.615 1.78861788617886 2584.05230410406
0.609 1.14942528735632 2585.20172939141
0.597 -2.17755443886097 2583.02417495255
0.67 1.19402985074627 2584.2182048033
0.668 -4.19161676646707 2580.02658803683
0.621 4.34782608695652 2584.37441412379
0.614 1.95439739413681 2586.32881151793
0.617 3.40356564019449 2589.73237715812
0.629 0.476947535771065 2590.20932469389
0.653 9.64777947932619 2599.85710417322
0.642 3.73831775700935 2603.59542193023
0.616 0.649350649350649 2604.24477257958
0.549 10.7468123861566 2614.99158496573
0.64 -5.3125 2609.67908496573
0.637 -2.35478806907378 2607.32429689666
0.658 1.21580547112462 2608.54010236779
0.622 2.57234726688103 2611.11244963467
0.57 -9.47368421052632 2601.63876542414
0.618 -6.14886731391586 2595.48989811022
0.601 -4.15973377703827 2591.33016433319
0.616 4.22077922077922 2595.55094355397
0.604 -2.64900662251656 2592.90193693145
0.601 -3.16139767054908 2589.7405392609
0.598 -5.35117056856187 2584.38936869234
0.607 -4.11861614497529 2580.27075254736
0.621 2.09339774557166 2582.36415029293
0.614 -4.56026058631922 2577.80388970661
0.589 -0.848896434634975 2576.95499327198
0.647 2.93663060278207 2579.89162387476
0.631 -5.54675118858954 2574.34487268617
0.628 -2.22929936305732 2572.11557332311
0.588 2.38095238095238 2574.49652570407
0.609 -3.77668308702791 2570.71984261704
0.577 -5.02599653379549 2565.69384608324
0.569 -0.527240773286467 2565.16660530996
0.512 -5.859375 2559.30723030996
0.515 -1.35922330097087 2557.94800700899
0.505 9.7029702970297 2567.65097730602
0.534 4.11985018726592 2571.77082749328
0.536 8.95522388059701 2580.72605137388
0.509 4.51866404715128 2585.24471542103
0.531 7.72128060263653 2592.96599602367
0.545 4.58715596330275 2597.55315198697
0.501 0.598802395209581 2598.15195438218
0.531 -0.941619585687382 2597.21033479649
0.484 -1.2396694214876 2595.970665375
0.553 -6.32911392405063 2589.64155145095
0.564 9.21985815602837 2598.86140960698
0.614 -0.325732899022801 2598.53567670796
0.553 -5.60578661844485 2592.92989008951
0.61 -10.1639344262295 2582.76595566329
0.594 -3.7037037037037 2579.06225195958
0.6 -3.33333333333333 2575.72891862625
0.628 -4.77707006369427 2570.95184856255
0.622 -3.53697749196141 2567.41487107059
0.637 1.0989010989011 2568.51377216949
0.644 -7.14285714285714 2561.37091502664
0.628 -5.73248407643312 2555.6384309502
0.63 -2.85714285714286 2552.78128809306
0.667 -1.64917541229385 2551.13211268077
0.666 -1.2012012012012 2549.93091147957
0.572 0.699300699300699 2550.63021217887
0.611 0.818330605564648 2551.44854278443
0.639 -2.660406885759 2548.78813589867
0.617 -0.486223662884927 2548.30191223579
0.615 2.4390243902439 2550.74093662603
0.653 -2.90964777947933 2547.83128884655
0.601 0.831946755407654 2548.66323560196
0.592 3.04054054054054 2551.7037761425
0.632 -4.43037974683544 2547.27339639566
0.599 2.50417362270451 2549.77757001837
0.561 -8.37789661319073 2541.39967340518
0.559 -1.61001788908766 2539.78965551609
0.568 -3.52112676056338 2536.26852875553
0.596 -11.4093959731544 2524.85913278237
0.604 -5.29801324503311 2519.56111953734
0.504 -11.5079365079365 2508.0531830294
0.602 -4.31893687707641 2503.73424615233
0.626 -6.70926517571885 2497.02498097661
0.681 -1.90895741556535 2495.11602356104
0.648 -3.08641975308642 2492.02960380796
0.606 -3.63036303630363 2488.39924077165
0.638 -3.13479623824451 2485.26444453341
0.688 -11.9186046511628 2473.34583988224
0.693 -4.47330447330447 2468.87253540894
0.638 -6.58307210031348 2462.28946330863
0.621 2.09339774557166 2464.3828610542
0.51 -1.96078431372549 2462.42207674047
0.596 -4.69798657718121 2457.72409016329
0.564 -5.31914893617021 2452.40494122712
0.602 -5.64784053156146 2446.75710069556
0.601 -2.1630615640599 2444.5940391315
0.607 -1.81219110378913 2442.78184802771
0.646 -5.57275541795666 2437.20909260975
0.578 -6.57439446366782 2430.63469814609
0.647 -3.86398763523957 2426.77071051085
0.592 -1.68918918918919 2425.08152132166
0.613 -4.73083197389886 2420.35068934776
0.508 -4.7244094488189 2415.62627989894
0.602 -5.3156146179402 2410.310665281
0.571 -6.47985989492119 2403.83080538608
0.618 2.9126213592233 2406.7434267453
0.555 0.540540540540541 2407.28396728584
0.594 7.40740740740741 2414.69137469325
0.608 5.26315789473684 2419.95453258799
0.601 -3.16139767054908 2416.79313491744
0.599 0.834724540901502 2417.62785945834
0.586 1.36518771331058 2418.99304717165
0.598 7.35785953177258 2426.35090670342
0.652 4.29447852760736 2430.64538523103
0.589 0.169779286926995 2430.81516451796
0.462 8.65800865800866 2439.47317317597
0.602 3.65448504983389 2443.1276582258
0.608 0 2443.1276582258
0.553 1.62748643761302 2444.75514466341
0.55 -5.09090909090909 2439.6642355725
0.495 -6.66666666666667 2432.99756890584
0.574 -6.27177700348432 2426.72579190235
0.639 -4.85133020344288 2421.87446169891
0.625 -5.92 2415.95446169891
0.582 -2.74914089347079 2413.20532080544
0.578 -2.7681660899654 2410.43715471547
0.633 -3.94944707740916 2406.48770763806
0.588 -3.74149659863946 2402.74621103942
0.46 0 2402.74621103942
0.632 -0.632911392405063 2402.11329964702
0.563 10.1243339253996 2412.23763357242
0.585 -4.61538461538461 2407.62224895703
0.594 -3.7037037037037 2403.91854525333
0.61 1.9672131147541 2405.88575836808
0.622 2.89389067524116 2408.77964904333
0.635 2.67716535433071 2411.45681439766
0.599 0.500834724540901 2411.9576491222
0.606 -6.93069306930693 2405.02695605289
0.635 -11.8110236220472 2393.21593243084
0.571 -2.27670753064799 2390.9392249002
0.59 -4.06779661016949 2386.87142829003
0.594 -2.02020202020202 2384.85122626982
0.564 -2.12765957446809 2382.72356669536
0.604 -11.2582781456954 2371.46528854966
0.605 -4.13223140495868 2367.3330571447
0.598 -3.34448160535117 2363.98857553935
0.605 -5.78512396694215 2358.20345157241
0.624 -2.88461538461538 2355.31883618779
0.616 -1.2987012987013 2354.02013488909
0.605 -2.47933884297521 2351.54079604612
0.623 -4.01284109149278 2347.52795495462
0.544 -4.77941176470588 2342.74854318992
0.579 10.1899827288428 2352.93852591876
0.586 3.07167235494881 2356.01019827371
0.606 1.32013201320132 2357.33033028691
0.614 -2.28013029315961 2355.05019999375
0.533 -3.56472795497186 2351.48547203878
0.609 -4.43349753694581 2347.05197450183
0.617 -4.05186385737439 2343.00011064446
0.642 -4.04984423676012 2338.9502664077
0.608 2.63157894736842 2341.58184535507
0.603 -2.81923714759536 2338.76260820747
0.601 -9.48419301164726 2329.27841519582
0.562 -1.42348754448399 2327.85492765134
0.599 -6.84474123539232 2321.01018641595
0.62 -7.41935483870968 2313.59083157724
0.572 5.24475524475525 2318.83558682199
0.613 6.36215334420881 2325.1977401662
0.566 3.53356890459364 2328.7313090708
0.605 -3.47107438016529 2325.26023469063
0.574 2.09059233449477 2327.35082702513
0.457 1.96936542669584 2329.32019245182
0.602 -2.99003322259136 2326.33015922923
0.628 4.77707006369427 2331.10722929292
0.626 -0.958466453674121 2330.14876283925
0.578 1.73010380622837 2331.87886664548
0.653 -6.27871362940276 2325.60015301608
0.616 -2.5974025974026 2323.00275041867
0.606 -3.63036303630363 2319.37238738237
0.609 -0.492610837438424 2318.87977654493
0.621 3.05958132045089 2321.93935786538
0.671 0.447093889716841 2322.3864517551
0.642 -5.9190031152648 2316.46744863983
0.607 -1.81219110378913 2314.65525753605
0.549 -2.73224043715847 2311.92301709889
0.564 -5.67375886524823 2306.24925823364
0.625 1.44 2307.68925823364
0.607 1.81219110378913 2309.50144933743
0.574 -0.348432055749129 2309.15301728168
0.629 -3.97456279809221 2305.17845448359
0.576 -7.63888888888889 2297.5395655947
0.6 2 2299.5395655947
0.602 -9.96677740863787 2289.57278818606
0.637 -6.75039246467818 2282.82239572138
0.629 -1.4308426073132 2281.39155311407
0.635 2.67716535433071 2284.0687184684
0.577 -5.02599653379549 2279.0427219346
0.643 -6.06531881804044 2272.97740311656
0.664 -8.73493975903614 2264.24246335753
0.594 -3.7037037037037 2260.53875965382
0.66 0 2260.53875965382
0.571 -14.1856392294221 2246.3531204244
0.588 -6.12244897959184 2240.23067144481
0.552 -6.15942028985507 2234.07125115495
0.569 5.79964850615114 2239.87089966111
0.595 -9.57983193277311 2230.29106772833
0.595 -8.23529411764706 2222.05577361069
0.627 -5.26315789473684 2216.79261571595
0.603 1.82421227197347 2218.61682798792
0.603 0.165837479270315 2218.78266546719
0.586 -3.41296928327645 2215.36969618392
0.552 1.08695652173913 2216.45665270565
0.609 3.11986863711002 2219.57652134276
0.651 -1.0752688172043 2218.50125252556
0.625 -3.68 2214.82125252556
0.608 -7.23684210526316 2207.5844104203
0.502 -6.77290836653386 2200.81150205376
0.569 -12.829525483304 2187.98197657046
0.583 -5.31732418524871 2182.66465238521
0.524 1.52671755725191 2184.19136994246
0.62 -9.35483870967742 2174.83653123279
0.611 -8.34697217675941 2166.48955905603
0.6 -3.33333333333333 2163.15622572269
0.562 -10.3202846975089 2152.83594102518
0.634 -5.6782334384858 2147.1577075867
0.49 -15.1020408163265 2132.05566677037
0.502 -0.796812749003984 2131.25885402137
0.504 -5.55555555555556 2125.70329846581
0.52 6.92307692307692 2132.62637538889
0.517 4.44874274661509 2137.0751181355
0.509 3.33988212180747 2140.41500025731
0.543 -8.65561694290976 2131.7593833144
0.45 -4 2127.7593833144
0.419 5.96658711217184 2133.72597042657
0.416 1.44230769230769 2135.16827811888
0.42 -0.476190476190476 2134.69208764269
0.4 6 2140.69208764269
0.436 5.04587155963303 2145.73795920232
0.458 1.74672489082969 2147.48468409315
0.417 -13.189448441247 2134.29523565191
0.585 2.56410256410256 2136.85933821601
0.474 2.9535864978903 2139.8129247139
0.439 -3.41685649202733 2136.39606822187
0.561 2.67379679144385 2139.06986501332
0.547 -6.39853747714808 2132.67132753617
0.527 -2.84629981024668 2129.82502772592
0.451 -0.665188470066519 2129.15983925585
0.469 -7.46268656716418 2121.69715268869
0.471 -7.43099787685775 2114.26615481183
0.622 6.7524115755627 2121.0185663874
0.634 7.25552050473186 2128.27408689213
0.635 10.2362204724409 2138.51030736457
0.525 -2.47619047619048 2136.03411688838
0.522 0.383141762452107 2136.41725865083
0.552 3.98550724637681 2140.40276589721
0.524 -3.43511450381679 2136.96765139339
0.512 -1.953125 2135.01452639339
0.53 -0.377358490566038 2134.63716790282
0.527 -3.98481973434535 2130.65234816848
0.478 -2.92887029288703 2127.72347787559
0.418 -0.956937799043062 2126.76654007655
0.463 0.647948164146868 2127.41448824069
0.468 7.26495726495726 2134.67944550565
0.467 6.20985010706638 2140.88929561272
0.615 -0.48780487804878 2140.40149073467
0.598 2.67558528428094 2143.07707601895
0.419 -15.9904534606205 2127.08662255833
0.565 -3.36283185840708 2123.72379069992
0.554 -4.33212996389892 2119.39166073602
0.615 7.64227642276423 2127.03393715879
0.528 6.43939393939394 2133.47333109818
0.45 1.77777777777778 2135.25110887596
0.479 6.47181628392484 2141.72292515989
0.486 -4.11522633744856 2137.60769882244
0.416 1.44230769230769 2139.05000651474
0.439 -9.79498861047836 2129.25501790427
0.429 -11.4219114219114 2117.83310648235
0.452 -7.9646017699115 2109.86850471244
0.548 -2.91970802919708 2106.94879668325
0.578 -4.84429065743945 2102.10450602581
0.568 0.352112676056338 2102.45661870186
0.495 1.41414141414141 2103.870760116
0.516 1.93798449612403 2105.80874461213
0.584 3.42465753424658 2109.23340214637
0.472 -5.93220338983051 2103.30119875654
0.483 -3.1055900621118 2100.19560869443
0.534 -3.37078651685393 2096.82482217758
0.597 -6.19765494137353 2090.6271672362
0.635 -9.92125984251969 2080.70590739369
0.644 -1.86335403726708 2078.84255335642
0.513 2.92397660818713 2081.76652996461
0.544 3.67647058823529 2085.44300055284
0.469 -5.33049040511727 2080.11251014772
0.593 -8.26306913996627 2071.84944100776
0.592 3.37837837837838 2075.22781938614
0.503 -1.78926441351889 2073.43855497262
0.561 2.31729055258467 2075.7558455252
0.516 -1.55038759689922 2074.2054579283
0.562 2.13523131672598 2076.34068924503
0.463 -8.85529157667387 2067.48539766835
0.514 2.33463035019455 2069.82002801855
0.428 -7.00934579439252 2062.81068222416
0.598 3.34448160535117 2066.15516382951
0.444 -1.8018018018018 2064.35336202771
0.546 1.0989010989011 2065.45226312661
0.526 -4.18250950570342 2061.2697536209
0.565 -6.19469026548673 2055.07506335542
0.462 -8.22510822510823 2046.84995513031
0.454 -9.69162995594714 2037.15832517436
0.47 -5.95744680851064 2031.20087836585
0.442 -0.452488687782805 2030.74838967807
0.491 9.57230142566191 2040.32069110373
0.452 2.65486725663717 2042.97555836037
0.495 -6.66666666666667 2036.3088916937
0.509 0.982318271119843 2037.29120996482
0.528 0 2037.29120996482
0.512 -0.78125 2036.50995996482
0.558 -2.1505376344086 2034.35942233041
0.534 1.87265917602996 2036.23208150644
0.469 -3.62473347547974 2032.60734803096
0.627 -5.58213716108453 2027.02521086988
0.569 1.5817223198594 2028.60693318974
0.511 1.36986301369863 2029.97679620344
0.511 1.36986301369863 2031.34665921713
0.517 -6.76982591876209 2024.57683329837
0.527 -2.84629981024668 2021.73053348813
0.609 -8.3743842364532 2013.35614925167
0.622 -8.36012861736334 2004.99602063431
0.46 6.52173913043478 2011.51775976474
0.38 8.42105263157895 2019.93881239632
0.445 -0.674157303370786 2019.26465509295
0.47 -7.23404255319149 2012.03061253976
0.429 -3.96270396270396 2008.06790857706
0.429 -2.56410256410256 2005.50380601295
0.412 -7.76699029126214 1997.73681572169
0.536 4.47761194029851 2002.21442766199
0.608 0.328947368421053 2002.54337503041
0.656 -2.74390243902439 1999.79947259139
0.589 -10.6960950764007 1989.10337751499
0.599 -2.50417362270451 1986.59920389228
0.629 -6.8362480127186 1979.76295587956
0.64 -3.4375 1976.32545587956
0.627 -6.2200956937799 1970.10536018578
0.551 2.72232304900181 1972.82768323478
0.523 3.25047801147228 1976.07816124626
0.579 6.04490500863558 1982.12306625489
0.572 -1.04895104895105 1981.07411520594
0.603 0.165837479270315 1981.23995268521
0.527 7.02087286527514 1988.26082555049
0.574 4.8780487804878 1993.13887433097
0.63 0 1993.13887433097
0.623 3.69181380417335 1996.83068813515
0.602 8.30564784053156 2005.13633597568
0.622 -0.321543408360129 2004.81479256732
0.609 1.80623973727422 2006.62103230459
0.607 1.15321252059308 2007.77424482519
0.586 0.68259385665529 2008.45683868184
0.6 0 2008.45683868184
0.535 5.79439252336449 2014.25123120521
0.623 1.76565008025682 2016.01688128546
0.636 -5.0314465408805 2010.98543474458
0.552 4.71014492753623 2015.69557967212
0.584 2.73972602739726 2018.43530569952
0.584 0.342465753424658 2018.77777145294
0.612 7.84313725490196 2026.62090870784
0.578 2.7681660899654 2029.38907479781
0.567 -3.35097001763668 2026.03810478017
0.609 6.73234811165846 2032.77045289183
0.617 -1.78282009724473 2030.98763279459
0.568 2.11267605633803 2033.10030885092
0.598 -0.668896321070234 2032.43141252985
0.651 -1.0752688172043 2031.35614371265
0.557 -12.3877917414722 2018.96835197118
0.639 -1.72143974960876 2017.24691222157
0.609 -1.14942528735632 2016.09748693421
0.623 4.65489566613162 2020.75238260034
0.614 -2.93159609120521 2017.82078650914
0.617 1.45867098865478 2019.27945749779
0.556 -1.79856115107914 2017.48089634671
0.601 1.83028286189684 2019.31117920861
0.655 -2.90076335877863 2016.41041584983
0.646 9.28792569659443 2025.69834154643
0.6 -4.33333333333333 2021.36500821309
0.571 2.27670753064799 2023.64171574374
0.569 -5.79964850615114 2017.84206723759
0.611 -13.5842880523732 2004.25777918522
0.601 -1.16472545757072 2003.09305372765
0.635 8.97637795275591 2012.0694316804
0.574 -6.62020905923345 2005.44922262117
0.551 -0.907441016333938 2004.54178160483
0.593 3.20404721753794 2007.74582882237
0.599 2.17028380634391 2009.91611262872
0.592 1.68918918918919 2011.60530181791
0.623 7.223113964687 2018.82841578259
0.633 2.05371248025276 2020.88212826285
0.597 4.18760469011725 2025.06973295296
0.555 1.26126126126126 2026.33099421422
0.6 -5.33333333333333 2020.99766088089
0.552 0 2020.99766088089
0.607 11.6968698517298 2032.69453073262
0.588 8.84353741496599 2041.53806814759
0.605 2.47933884297521 2044.01740699056
0.623 9.79133226324238 2053.8087392538
0.615 1.78861788617886 2055.59735713998
0.594 8.41750841750842 2064.01486555749
0.555 5.58558558558559 2069.60045114308
0.599 4.17362270450751 2073.77407384758
0.581 2.92598967297762 2076.70006352056
0.614 2.93159609120521 2079.63165961177
0.603 4.47761194029851 2084.10927155207
0.607 0.494233937397035 2084.60350548946
0.63 -0.317460317460317 2084.286045172
0.629 1.74880763116057 2086.03485280316
0.654 3.6697247706422 2089.70457757381
0.675 12.8888888888889 2102.59346646269
0.594 6.73400673400673 2109.3274731967
0.604 8.94039735099338 2118.26787054769
0.641 8.26833073322933 2126.53620128092
0.447 1.11856823266219 2127.65476951359
0.589 6.6213921901528 2134.27616170374
0.577 1.21317157712305 2135.48933328086
0.597 5.52763819095477 2141.01697147182
0.614 6.18892508143322 2147.20589655325
0.557 14.1831238779174 2161.38902043117
0.59 -0.338983050847458 2161.05003738032
0.564 2.12765957446809 2163.17769695479
0.54 0.37037037037037 2163.54806732516
0.552 0 2163.54806732516
0.574 1.74216027874564 2165.2902276039
0.601 12.8119800332779 2178.10220763718
0.609 5.41871921182266 2183.520926849
0.602 9.30232558139535 2192.8232524304
0.626 6.38977635782748 2199.21302878823
0.568 4.92957746478873 2204.14260625302
0.609 7.7175697865353 2211.86017603955
0.593 5.56492411467116 2217.42510015422
0.564 8.15602836879433 2225.58112852302
0.609 6.07553366174056 2231.65666218476
0.596 4.02684563758389 2235.68350782234
0.605 4.79338842975207 2240.47689625209
0.596 6.3758389261745 2246.85273517827
0.597 5.19262981574539 2252.04536499401
0.598 5.68561872909699 2257.73098372311
0.598 5.01672240802676 2262.74770613114
0.601 -1.49750415973378 2261.2502019714
0.605 -2.14876033057851 2259.10144164082
0.624 -4.16666666666667 2254.93477497416
0.594 2.69360269360269 2257.62837766776
0.586 5.11945392491468 2262.74783159268
0.572 3.14685314685315 2265.89468473953
0.62 1.61290322580645 2267.50758796533
0.611 4.74631751227496 2272.25390547761
0.605 0.495867768595041 2272.7497732462
0.615 0.16260162601626 2272.91237487222
0.616 1.62337662337662 2274.5357514956
0.605 2.14876033057851 2276.68451182618
0.643 4.19906687402799 2280.8835787002
0.635 4.25196850393701 2285.13554720414
0.628 -4.45859872611465 2280.67694847803
0.633 6.79304897314376 2287.46999745117
0.631 3.64500792393027 2291.1150053751
0.58 4.82758620689655 2295.942591582
0.62 -0.967741935483871 2294.97484964651
0.548 0.72992700729927 2295.70477665381
0.565 9.38053097345133 2305.08530762726
0.596 1.34228187919463 2306.42758950646
0.55 1.09090909090909 2307.51849859737
0.605 2.14876033057851 2309.66725892795
0.623 10.1123595505618 2319.77961847851
0.594 -0.673400673400673 2319.10621780511
0.612 3.59477124183007 2322.70098904694
0.59 8.13559322033898 2330.83658226728
0.58 2.06896551724138 2332.90554778452
0.574 4.8780487804878 2337.78359656501
0.586 6.8259385665529 2344.60953513156
0.584 4.10958904109589 2348.71912417265
0.451 -0.221729490022173 2348.49739468263
0.611 11.9476268412439 2360.44502152388
0.636 1.57232704402516 2362.0173485679
0.616 11.038961038961 2373.05630960686
0.569 1.23022847100176 2374.28653807786
0.618 1.94174757281553 2376.22828565068
0.527 -0.189753320683112 2376.03853233
0.625 6.88 2382.91853233
0.618 2.58899676375405 2385.50752909375
0.556 3.23741007194245 2388.74493916569
0.627 3.03030303030303 2391.775242196
0.559 1.96779964221825 2393.74304183821
0.62 4.83870967741935 2398.58175151563
0.605 7.76859504132231 2406.35034655696
0.63 5.07936507936508 2411.42971163632
0.605 0.826446280991736 2412.25615791731
0.615 10.5691056910569 2422.82526360837
0.651 5.37634408602151 2428.20160769439
0.603 6.13598673300166 2434.33759442739
0.629 2.38473767885533 2436.72233210625
0.616 -1.94805194805195 2434.7742801582
0.615 5.36585365853659 2440.14013381673
0.623 0.160513643659711 2440.30064746039
0.614 -1.95439739413681 2438.34625006626
0.613 8.64600326264274 2446.9922533289
0.627 5.90111642743222 2452.89336975633
0.614 3.58306188925081 2456.47643164558
0.603 2.1558872305141 2458.6323188761
0.644 10.2484472049689 2468.88076608106
0.576 -6.25 2462.63076608106
0.607 8.73146622734761 2471.36223230841
0.598 1.33779264214047 2472.70002495055
0.619 2.10016155088853 2474.80018650144
0.608 8.55263157894737 2483.35281808039
0.604 9.27152317880795 2492.6243412592
0.611 1.80032733224223 2494.42466859144
0.547 3.47349177330896 2497.89816036475
0.544 8.82352941176471 2506.72168977651
0.572 13.2867132867133 2520.00840306323
0.619 9.53150242326333 2529.53990548649
0.615 -0.16260162601626 2529.37730386047
0.611 3.10965630114566 2532.48696016162
0.563 2.66429840142096 2535.15125856304
0.626 11.8210862619808 2546.97234482502
0.611 4.4189852700491 2551.39133009507
0.616 10.0649350649351 2561.45626516
0.626 10.5431309904153 2571.99939615042
0.572 -2.7972027972028 2569.20219335322
0.587 5.62180579216354 2574.82399914538
0.572 3.4965034965035 2578.32050264188
0.595 -2.18487394957983 2576.1356286923
0.586 -3.7542662116041 2572.3813624807
0.667 1.34932533733133 2573.73068781803
0.506 9.09090909090909 2582.82159690894
0.499 -1.40280561122244 2581.41879129772
0.62 14.5161290322581 2595.93492032998
0.576 10.7638888888889 2606.69880921886
0.569 3.33919156414763 2610.03800078301
0.621 8.21256038647343 2618.25056116949
0.597 3.85259631490787 2622.10315748439
0.592 0 2622.10315748439
0.493 1.41987829614604 2623.52303578054
0.454 14.0969162995595 2637.6199520801
0.428 0.934579439252336 2638.55453151935
0.451 3.76940133037694 2642.32393284973
0.466 1.28755364806867 2643.6114864978
0.456 -9.21052631578947 2634.40096018201
0.431 -1.62412993039443 2632.77683025161
0.411 -9.00243309002433 2623.77439716159
0.523 17.7820267686424 2641.55642393023
0.627 10.0478468899522 2651.60427082018
0.648 6.79012345679012 2658.39439427697
0.642 7.78816199376947 2666.18255627074
0.611 5.40098199672668 2671.58353826747
0.617 3.40356564019449 2674.98710390766
0.619 6.62358642972536 2681.61069033739
0.598 5.68561872909699 2687.29630906649
0.597 4.85762144053601 2692.15393050702
0.619 6.30048465266559 2698.45441515969
0.557 4.48833034111311 2702.9427455008
0.612 2.28758169934641 2705.23032720015
0.575 1.21739130434783 2706.4477185045
0.63 3.49206349206349 2709.93978199656
0.621 8.53462157809984 2718.47440357466
0.592 8.78378378378378 2727.25818735844
0.583 -1.54373927958834 2725.71444807885
0.591 0.50761421319797 2726.22206229205
0.59 -0.338983050847458 2725.8830792412
0.564 -0.709219858156028 2725.17385938305
0.591 5.58375634517767 2730.75761572823
0.61 8.19672131147541 2738.9543370397
0.57 3.15789473684211 2742.11223177654
0.612 4.57516339869281 2746.68739517524
0.599 8.18030050083472 2754.86769567607
0.568 6.69014084507042 2761.55783652114
0.599 4.84140233722871 2766.39923885837
0.619 4.03877221324717 2770.43801107162
0.602 4.65116279069767 2775.08917386231
0.562 2.84697508896797 2777.93614895128
0.601 -4.49251247920133 2773.44363647208
0.612 2.94117647058824 2776.38481294267
0.602 3.98671096345515 2780.37152390613
0.588 6.12244897959184 2786.49397288572
0.613 7.66721044045677 2794.16118332617
0.614 5.53745928338762 2799.69864260956
0.627 10.3668261562998 2810.06546876586
0.606 5.94059405940594 2816.00606282527
0.565 1.94690265486726 2817.95296548013
0.573 1.2216404886562 2819.17460596879
0.605 4.46280991735537 2823.63741588615
0.628 7.00636942675159 2830.6437853129
0.595 2.52100840336134 2833.16479371626
0.618 9.38511326860841 2842.54990698487
0.615 2.76422764227642 2845.31413462714
0.592 4.72972972972973 2850.04386435687
0.656 10.3658536585366 2860.40971801541
0.556 -2.87769784172662 2857.53202017368
0.575 -0.869565217391304 2856.66245495629
0.481 7.27650727650728 2863.9389622328
0.583 -5.31732418524871 2858.62163804755
0.516 3.48837209302326 2862.11001014057
0.412 4.85436893203883 2866.96437907261
0.398 7.03517587939699 2873.99955495201
0.428 4.67289719626168 2878.67245214827
0.425 6.35294117647059 2885.02539332474
0.512 5.46875 2890.49414332474
0.533 4.69043151969981 2895.18457484444
0.559 6.61896243291592 2901.80353727736
0.599 6.17696160267112 2907.98049888003
0.601 3.49417637271215 2911.47467525274
0.607 2.47116968698517 2913.94584493973
0.599 6.17696160267112 2920.1228065424
0.613 3.4257748776509 2923.54858142005
0.606 10.5610561056106 2934.10963752566
0.621 5.63607085346216 2939.74570837912
0.663 1.65912518853695 2941.40483356766
0.579 6.73575129533679 2948.14058486299
0.628 5.09554140127389 2953.23612626427
0.631 6.81458003169572 2960.05070629596
0.644 7.7639751552795 2967.81468145124
0.58 0 2967.81468145124
0.646 1.54798761609907 2969.36266906734
0.61 -0.655737704918033 2968.70693136242
0.582 10.9965635738832 2979.70349493631
0.593 8.93760539629005 2988.6411003326
0.593 4.89038785834739 2993.53148819095
0.59 4.74576271186441 2998.27725090281
0.594 6.3973063973064 3004.67455730012
0.602 -2.99003322259136 3001.68452407753
0.574 4.8780487804878 3006.56257285801
0.642 13.3956386292835 3019.9582114873
0.624 18.2692307692308 3038.22744225653
0.603 5.80431177446103 3044.03175403099
0.6 3 3047.03175403099
0.586 5.80204778156997 3052.83380181256
0.604 7.28476821192053 3060.11857002448
0.607 7.0840197693575 3067.20258979384
0.592 4.39189189189189 3071.59448168573
0.58 10.6896551724138 3082.28413685814
0.597 14.2378559463987 3096.52199280454
0.589 9.67741935483871 3106.19941215938
0.634 13.8801261829653 3120.07953834234
0.613 2.12071778140294 3122.20025612375
0.6 0.666666666666667 3122.86692279041
0.532 -1.50375939849624 3121.36316339192
0.578 6.22837370242215 3127.59153709434
0.59 1.01694915254237 3128.60848624688
0.597 3.18257956448911 3131.79106581137
0.596 9.06040268456376 3140.85146849594
0.576 11.4583333333333 3152.30980182927
0.579 10.1899827288428 3162.49978455811
0.615 8.29268292682927 3170.79246748494
0.608 5.59210526315789 3176.3845727481
0.585 6.66666666666667 3183.05123941476
0.618 -0.323624595469256 3182.7276148193
0.577 7.10571923743501 3189.83333405673
0.602 8.30564784053156 3198.13898189726
0.545 -8.25688073394495 3189.88210116332
0.583 9.09090909090909 3198.97301025423
0.625 5.6 3204.57301025423
0.655 0.763358778625954 3205.33636903285
0.629 -1.74880763116057 3203.58756140169
0.615 6.34146341463415 3209.92902481633
0.644 0 3209.92902481633
0.642 -0.623052959501558 3209.30597185682
0.674 19.2878338278932 3228.59380568472
0.638 1.25391849529781 3229.84772418002
0.53 -2.64150943396226 3227.20621474605
0.564 8.86524822695035 3236.071462973
0.604 2.64900662251656 3238.72046959552
0.589 6.6213921901528 3245.34186178567
0.581 2.92598967297762 3248.26785145865
0.548 -4.74452554744526 3243.52332591121
0.568 4.22535211267606 3247.74867802388
0.497 9.05432595573441 3256.80300397962
0.582 8.24742268041237 3265.05042666003
0.617 2.10696920583468 3267.15739586586
0.653 1.68453292496172 3268.84192879082
0.603 4.47761194029851 3273.31954073112
0.62 -0.967741935483871 3272.35179879564
0.619 4.03877221324717 3276.39057100889
0.591 6.5989847715736 3282.98955578046
0.632 7.59493670886076 3290.58449248932
0.592 5.74324324324324 3296.32773573256
0.615 6.66666666666667 3302.99440239923
0.606 5.28052805280528 3308.27493045204
0.639 -0.782472613458529 3307.49245783858
0.529 3.59168241965974 3311.08414025824
0.659 11.6843702579666 3322.7685105162
0.617 7.61750405186386 3330.38601456807
0.616 4.54545454545455 3334.93146911352
0.646 5.88235294117647 3340.8138220547
0.647 4.4822256568779 3345.29604771158
0.63 8.57142857142857 3353.86747628301
0.595 4.53781512605042 3358.40529140906
0.612 4.90196078431373 3363.30725219337
0.617 -1.45867098865478 3361.84858120471
0.606 6.6006600660066 3368.44924127072
0.622 0.964630225080386 3369.4138714958
0.587 0.851788756388416 3370.26566025219
0.634 6.30914826498423 3376.57480851717
0.629 4.92845786963434 3381.50326638681
0.628 10.828025477707 3392.33129186452
0.655 15.4198473282443 3407.75113919276
0.691 -5.35455861070912 3402.39658058205
0.487 9.65092402464066 3412.04750460669
0.508 7.8740157480315 3419.92152035472
0.615 9.26829268292683 3429.18981303765
0.643 17.8849144634526 3447.0747275011
0.568 1.40845070422535 3448.48317820533
0.613 1.14192495921697 3449.62510316454
0.641 7.02028081123245 3456.64538397578
0.63 -2.53968253968254 3454.10570143609
0.504 3.96825396825397 3458.07395540435
0.659 17.1471927162367 3475.22114812058
0.632 8.22784810126582 3483.44899622185
0.49 2.85714285714286 3486.30613907899
0.54 3.33333333333333 3489.63947241233
0.641 14.1965678627145 3503.83604027504
0.623 8.82825040128411 3512.66429067633
0.467 -4.06852248394004 3508.59576819239
0.543 4.23572744014733 3512.83149563253
0.563 0.88809946714032 3513.71959509967
0.516 -1.16279069767442 3512.556804402
0.559 3.7567084078712 3516.31351280987
0.556 8.63309352517986 3524.94660633505
0.555 -0.18018018018018 3524.76642615487
0.6 6.66666666666667 3531.43309282154
0.623 4.97592295345104 3536.40901577499
0.594 3.03030303030303 3539.43931880529
0.582 2.06185567010309 3541.50117447539
0.574 2.09059233449477 3543.59176680989
0.488 -4.50819672131148 3539.08357008858
0.548 -4.74452554744526 3534.33904454113
0.524 0.381679389312977 3534.72072393044
0.46 1.30434782608696 3536.02507175653
0.465 -5.80645161290323 3530.21862014363
0.441 -0.226757369614512 3529.99186277401
0.459 -7.18954248366013 3522.80232029035
0.483 0.62111801242236 3523.42343830278
0.502 2.39043824701195 3525.81387654979
0.492 6.91056910569106 3532.72444565548
0.601 9.48419301164726 3542.20863866713
0.613 0.489396411092985 3542.69803507822
0.598 1.33779264214047 3544.03582772036
0.544 0 3544.03582772036
0.587 4.25894378194208 3548.2947715023
0.602 5.64784053156146 3553.94261203386
0.6 6.33333333333333 3560.2759453672
0.615 -0.16260162601626 3560.11334374118
0.619 -0.484652665589661 3559.62869107559
0.59 2.71186440677966 3562.34055548237
0.62 6.7741935483871 3569.11474903076
0.543 11.9705340699816 3581.08528310074
0.619 4.36187399030695 3585.44715709105
0.612 -0.980392156862745 3584.46676493418
0.587 0.511073253833049 3584.97783818802
0.567 8.64197530864197 3593.61981349666
0.559 4.83005366726297 3598.44986716392
0.589 6.96095076400679 3605.41081792793
0.646 14.2414860681115 3619.65230399604
0.598 10.0334448160535 3629.68574881209
0.564 9.9290780141844 3639.61482682628
0.587 1.19250425894378 3640.80733108522
0.614 2.60586319218241 3643.4131942774
0.665 7.66917293233083 3651.08236720973
0.648 13.2716049382716 3664.35397214801
0.641 7.33229329173167 3671.68626543974
0.661 4.08472012102874 3675.77098556077
0.623 13.0016051364366 3688.7725906972
0.58 17.2413793103448 3706.01397000755
0.609 10.3448275862069 3716.35879759375
0.63 5.3968253968254 3721.75562299058
0.615 14.1463414634146 3735.90196445399
0.609 8.04597701149425 3743.94794146549
0.649 7.24191063174114 3751.18985209723
0.625 0.48 3751.66985209723
0.575 12 3763.66985209723
0.59 9.15254237288136 3772.82239447011
0.637 11.7739403453689 3784.59633481548
0.601 -2.49584026622296 3782.10049454926
0.591 3.55329949238579 3785.65379404164
0.595 0.168067226890756 3785.82186126853
0.592 7.09459459459459 3792.91645586313
0.59 9.83050847457627 3802.7469643377
0.621 12.7214170692432 3815.46838140695
0.606 7.92079207920792 3823.38917348616
0.562 6.76156583629893 3830.15073932246
0.614 9.77198697068404 3839.92272629314
0.633 5.84518167456556 3845.7679079677
0.631 5.54675118858954 3851.31465915629
0.631 5.54675118858954 3856.86141034488
0.633 11.216429699842 3868.07784004473
0.601 10.1497504159734 3878.2275904607
0.6 13.3333333333333 3891.56092379403
0.609 5.09031198686371 3896.6512357809
0.617 3.72771474878444 3900.37895052968
0.587 6.98466780238501 3907.36361833207
0.618 1.94174757281553 3909.30536590488
0.588 8.50340136054422 3917.80876726543
0.598 6.35451505016722 3924.16328231559
0.603 9.45273631840796 3933.616018634
0.615 3.41463414634146 3937.03065278034
0.646 4.3343653250774 3941.36501810542
0.609 9.35960591133005 3950.72462401675
0.616 7.14285714285714 3957.86748115961
0.619 4.03877221324717 3961.90625337285
0.611 5.40098199672668 3967.30723536958
0.626 9.26517571884984 3976.57241108843
0.64 9.0625 3985.63491108843
0.628 7.32484076433121 3992.95975185276
0.625 4.96 3997.91975185276
0.64 11.25 4009.16975185276
0.631 4.27892234548336 4013.44867419824
0.656 5.18292682926829 4018.63160102751
0.649 8.16640986132512 4026.79801088884
0.63 13.968253968254 4040.76626485709
0.574 0.696864111498258 4041.46312896859
0.658 5.77507598784195 4047.23820495643
0.585 2.22222222222222 4049.46042717865
0.606 2.97029702970297 4052.43072420836
0.644 12.111801242236 4064.54252545059
0.642 6.85358255451713 4071.39610800511
0.644 6.2111801242236 4077.60728812933
0.613 6.6884176182708 4084.29570574761
0.593 8.60033726812816 4092.89604301573
0.572 3.4965034965035 4096.39254651224
0.595 8.57142857142857 4104.96397508366
0.576 2.08333333333333 4107.047308417
0.598 -1.33779264214047 4105.70951577486
0.471 10.4033970276008 4116.11291280246
0.604 0.993377483443709 4117.1062902859
0.53 7.54716981132075 4124.65346009722
0.598 7.02341137123746 4131.67687146846
0.602 13.2890365448505 4144.96590801331
0.62 14.5161290322581 4159.48203704557
0.63 7.61904761904762 4167.10108466462
0.642 16.1993769470405 4183.30046161166
0.591 19.1201353637902 4202.42059697545
0.627 11.6427432216906 4214.06334019714
0.611 9.00163666121113 4223.06497685835
0.514 0.778210116731518 4223.84318697508
0.54 17.037037037037 4240.88022401212
0.565 9.73451327433628 4250.61473728645
0.647 14.3740340030912 4264.98877128955
0.648 17.2839506172839 4282.27272190683
0.595 7.22689075630252 4289.49961266313
0.445 0.674157303370786 4290.1737699665
0.583 9.7770154373928 4299.9507854039
0.618 7.11974110032362 4307.07052650422
0.635 8.03149606299213 4315.10202256721
0.602 4.98338870431894 4320.08541127153
0.585 12.1367521367521 4332.22216340828
0.571 1.92644483362522 4334.14860824191
0.587 7.66609880749574 4341.8147070494
0.615 5.36585365853659 4347.18056070794
0.605 6.44628099173554 4353.62684169968
0.631 4.5958795562599 4358.22272125594
0.601 -0.166389351081531 4358.05633190485
0.574 3.83275261324042 4361.88908451809
0.599 5.17529215358932 4367.06437667168
0.603 0.829187396351575 4367.89356406804
0.629 4.29252782193959 4372.18609188997
0.59 5.08474576271186 4377.27083765269
0.61 10.8196721311475 4388.09050978383
0.547 4.57038391224863 4392.66089369608
0.585 6.66666666666667 4399.32756036275
0.597 7.20268006700168 4406.53024042975
0.573 1.2216404886562 4407.75188091841
0.594 11.1111111111111 4418.86299202952
0.561 2.31729055258467 4421.1802825821
0.569 15.2899824253076 4436.47026500741
0.596 15.7718120805369 4452.24207708795
0.601 17.4708818635607 4469.71295895151
0.591 11.336717428088 4481.0496763796
0.587 12.7768313458262 4493.82650772542
0.558 14.6953405017921 4508.52184822721
0.609 8.70279146141215 4517.22463968863
0.596 9.39597315436242 4526.62061284299
0.599 10.1836393989983 4536.80425224199
0.608 14.8026315789474 4551.60688382093
0.619 10.1777059773829 4561.78458979832
0.622 6.43086816720257 4568.21545796552
0.597 2.84757118927973 4571.0630291548
0.59 6.10169491525424 4577.16472407005
0.575 8.52173913043478 4585.68646320049
0.582 6.52920962199313 4592.21567282248
0.65 8.30769230769231 4600.52336513018
0.581 10.8433734939759 4611.36673862415
0.598 8.02675585284281 4619.39349447699
0.629 10.3338632750397 4629.72735775203
0.555 12.0720720720721 4641.79942982411
0.599 3.83973288814691 4645.63916271225
0.629 0.158982511923688 4645.79814522418
0.627 8.45295055821372 4654.25109578239
0.585 9.74358974358974 4663.99468552598
0.664 9.93975903614458 4673.93444456212
0.604 10.9271523178808 4684.86159688
0.594 5.38720538720539 4690.24880226721
0.624 11.5384615384615 4701.78726380567
0.639 3.59937402190923 4705.38663782758
0.644 10.8695652173913 4716.25620304497
0.582 3.43642611683849 4719.69262916181
0.593 2.86677908937605 4722.55940825119
0.581 12.2203098106713 4734.77971806186
0.628 13.6942675159236 4748.47398557778
0.641 5.14820592823713 4753.62219150602
0.608 4.27631578947368 4757.89850729549
0.581 9.46643717728055 4767.36494447277
0.577 8.83882149046794 4776.20376596324
0.597 8.5427135678392 4784.74647953108
0.575 1.21739130434783 4785.96387083543
0.599 4.50751252086811 4790.4713833563
0.628 11.7834394904459 4802.25482284674
0.555 10.990990990991 4813.24581383773
0.604 1.65562913907285 4814.90144297681
0.645 11.3178294573643 4826.21927243417
0.648 12.6543209876543 4838.87359342182
0.629 3.33863275039746 4842.21222617222
0.609 5.41871921182266 4847.63094538404
0.595 6.5546218487395 4854.18556723278
0.673 2.82317979197623 4857.00874702476
0.661 5.90015128593041 4862.90889831069
0.627 7.17703349282297 4870.08593180351
0.476 9.66386554621849 4879.74979734973
0.664 12.9518072289157 4892.70160457865
0.597 6.53266331658291 4899.23426789523
0.603 11.1111111111111 4910.34537900634
0.593 7.92580101180438 4918.27118001815
0.598 7.02341137123746 4925.29459138938
0.585 0.854700854700855 4926.14929224408
0.509 -2.94695481335953 4923.20233743072
0.623 -1.12359550561798 4922.07874192511
0.543 3.86740331491713 4925.94614524002
0.625 4.32 4930.26614524002
0.628 9.87261146496815 4940.13875670499
0.538 10.7806691449814 4950.91942584997
0.631 4.27892234548336 4955.19834819546
0.581 7.05679862306368 4962.25514681852
0.612 5.55555555555556 4967.81070237408
0.611 13.2569558101473 4981.06765818422
0.579 1.20898100172712 4982.27663918595
0.638 12.5391849529781 4994.81582413893
0.618 9.70873786407767 5004.52456200301
0.639 2.660406885759 5007.18496888877
0.63 2.22222222222222 5009.40719111099
0.591 2.87648054145516 5012.28367165244
0.612 12.0915032679739 5024.37517492042
0.615 8.29268292682927 5032.66785784725
0.571 11.3835376532399 5044.05139550049
0.582 4.12371134020619 5048.17510684069
0.552 -1.44927536231884 5046.72583147837
0.663 4.07239819004525 5050.79822966842
0.628 6.68789808917197 5057.48612775759
0.64 9.6875 5067.17362775759
0.639 5.16431924882629 5072.33794700642
0.491 16.0896130346232 5088.42756004104
0.626 7.3482428115016 5095.77580285254
0.59 -0.338983050847458 5095.43681980169
0.598 5.01672240802676 5100.45354220972
0.628 3.82165605095541 5104.27519826068
0.65 7.07692307692308 5111.3521213376
0.592 -2.02702702702703 5109.32509431057
0.609 5.74712643678161 5115.07222074735
0.611 8.34697217675941 5123.41919292411
0.61 -3.27868852459016 5120.14050439952
0.611 10.9656301145663 5131.10613451409
0.635 8.66141732283465 5139.76755183692
0.643 6.99844479004666 5146.76599662697
0.633 3.63349131121643 5150.39948793819
0.614 -3.25732899022801 5147.14215894796
0.644 9.62732919254658 5156.76948814051
0.654 0.611620795107034 5157.38110893561
0.622 14.4694533762058 5171.85056231182
0.634 9.46372239747634 5181.31428470929
0.63 6.98412698412698 5188.29841169342
0.638 13.4796238244514 5201.77803551787
0.664 8.43373493975904 5210.21177045763
0.652 6.13496932515337 5216.34673978279
0.654 12.2324159021407 5228.57915568493
0.614 6.84039087947883 5235.41954656441
0.6 4.33333333333333 5239.75287989774
0.609 3.77668308702791 5243.52956298477
0.628 4.77707006369427 5248.30663304846
0.513 4.09356725146199 5252.40020029992
0.487 10.4722792607803 5262.8724795607
0.625 2.4 5265.2724795607
0.606 1.98019801980198 5267.2526775805
0.604 11.2582781456954 5278.5109557262
0.623 9.79133226324238 5288.30228798944
0.608 4.60526315789474 5292.90755114734
0.602 3.32225913621262 5296.22981028355
0.632 10.126582278481 5306.35639256203
0.6 6.66666666666667 5313.0230592287
0.621 13.6876006441224 5326.71065987282
0.651 6.60522273425499 5333.31588260707
0.585 10.7692307692308 5344.08511337631
0.623 9.14927768860353 5353.23439106491
0.549 5.64663023679417 5358.8810213017
0.603 8.7893864013267 5367.67040770303
0.58 4.48275862068965 5372.15316632372
0.588 9.18367346938776 5381.33683979311
0.6 14.6666666666667 5396.00350645977
0.611 8.01963993453355 5404.02314639431
0.604 5.96026490066225 5409.98341129497
0.597 4.85762144053601 5414.84103273551
0.633 6.16113744075829 5421.00217017626
0.615 6.99186991869919 5427.99404009496
0.616 8.11688311688312 5436.11092321185
0.571 6.12959719789842 5442.24052040974
0.616 7.46753246753247 5449.70805287728
0.585 5.98290598290598 5455.69095886018
0.611 6.38297872340426 5462.07393758359
0.614 5.86319218241042 5467.937129766
0.647 16.2287480680062 5484.165877834
0.561 5.88235294117647 5490.04823077518
0.685 9.48905109489051 5499.53728187007
0.663 7.99396681749623 5507.53124868757
0.653 12.0980091883614 5519.62925787593
0.625 9.12 5528.74925787593
0.681 3.67107195301028 5532.42032982894
0.668 5.68862275449102 5538.10895258343
0.605 13.0578512396694 5551.1668038231
0.632 11.7088607594937 5562.87566458259
0.609 7.06075533661741 5569.93641991921
0.634 -0.946372239747634 5568.99004767946
0.669 6.42750373692078 5575.41755141638
0.458 14.410480349345 5589.82803176573
0.645 10.6976744186047 5600.52570618433
0.582 6.87285223367698 5607.39855841801
0.635 9.60629921259843 5617.00485763061
0.662 1.81268882175227 5618.81754645236
0.595 5.21008403361345 5624.02763048597
0.645 5.73643410852713 5629.7640645945
0.616 3.8961038961039 5633.66016849061
0.652 3.68098159509202 5637.3411500857
0.636 3.45911949685535 5640.80026958255
0.619 5.97738287560582 5646.77765245816
0.616 1.94805194805195 5648.72570440621
0.646 15.7894736842105 5664.51517809042
0.62 4.83870967741935 5669.35388776784
0.572 -4.1958041958042 5665.15808357204
0.688 -0.581395348837209 5664.5766882232
0.673 -3.41753343239227 5661.15915479081
0.658 0.60790273556231 5661.76705752637
0.557 -2.69299820466786 5659.0740593217
0.48 13.3333333333333 5672.40739265503
0.614 -0.651465798045603 5671.75592685699
0.6 9.66666666666667 5681.42259352366
0.605 10.4132231404959 5691.83581666415
0.632 12.6582278481013 5704.49404451225
0.617 5.02431118314425 5709.5183556954
0.636 5.34591194968553 5714.86426764508
0.619 5.33117932148627 5720.19544696657
0.629 8.74403815580286 5728.93948512237
0.615 10.5691056910569 5739.50859081343
0.618 11.0032362459547 5750.51182705938
0.618 9.38511326860841 5759.89694032799
0.553 9.22242314647378 5769.11936347447
0.64 11.875 5780.99436347447
0.635 14.3307086614173 5795.32507213588
0.637 10.2040816326531 5805.52915376854
0.628 15.6050955414013 5821.13424930994
0.616 17.2077922077922 5838.34204151773
0.618 5.8252427184466 5844.16728423618
0.614 2.93159609120521 5847.09888032738
0.638 6.58307210031348 5853.6819524277
0.632 8.54430379746835 5862.22625622516
0.633 7.10900473933649 5869.3352609645
0.63 3.80952380952381 5873.14478477402
0.582 4.46735395189003 5877.61213872591
0.633 3.94944707740916 5881.56158580332
0.607 3.45963756177924 5885.0212233651
0.613 13.5399673735726 5898.56119073867
0.643 7.62052877138414 5906.18171951006
0.648 1.85185185185185 5908.03357136191
0.645 12.5581395348837 5920.59171089679
0.624 9.2948717948718 5929.88658269167
0.634 8.51735015772871 5938.40393284939
0.629 6.51828298887122 5944.92221583827
0.6 3 5947.92221583827
0.573 0.523560209424084 5948.44577604769
0.602 13.953488372093 5962.39926441978
0.56 1.42857142857143 5963.82783584835
0.601 2.1630615640599 5965.99089741241
0.622 7.07395498392283 5973.06485239634
0.615 3.41463414634146 5976.47948654268
0.648 8.02469135802469 5984.5041779007
0.653 12.7105666156202 5997.21474451632
0.607 1.15321252059308 5998.36795703692
0.6 1.66666666666667 6000.03462370358
0.649 -0.770416024653313 5999.26420767893
0.629 6.51828298887122 6005.7824906678
0.521 5.18234165067178 6010.96483231847
0.616 7.14285714285714 6018.10768946133
0.612 7.18954248366013 6025.29723194499
0.605 8.4297520661157 6033.72698401111
0.642 13.3956386292835 6047.12262264039
0.621 3.7037037037037 6050.82632634409
0.634 3.15457413249211 6053.98090047659
0.642 6.54205607476636 6060.52295655135
0.657 10.5022831050228 6071.02523965637
0.638 8.77742946708464 6079.80266912346
0.653 2.60336906584992 6082.40603818931
0.63 7.93650793650794 6090.34254612582
0.63 8.88888888888889 6099.23143501471
0.613 7.66721044045677 6106.89864545516
0.565 0.884955752212389 6107.78360120737
0.523 8.60420650095602 6116.38780770833
0.529 11.9092627599244 6128.29707046826
0.615 0.813008130081301 6129.11007859834
0.574 5.57491289198606 6134.68499149032
0.693 8.8023088023088 6143.48730029263
0.663 11.3122171945701 6154.7995174872
0.683 7.17423133235725 6161.97374881956
0.696 4.02298850574713 6165.99673732531
0.557 -7.71992818671454 6158.27680913859
0.641 8.89235569422777 6167.16916483282
0.62 3.54838709677419 6170.71755192959
0.63 6.03174603174603 6176.74929796134
0.578 10.7266435986159 6187.47594155996
0.6 12.6666666666667 6200.14260822662
0.599 17.8631051752922 6218.00571340191
0.648 2.16049382716049 6220.16620722907
0.622 15.7556270096463 6235.92183423872
0.617 13.128038897893 6249.04987313661
0.645 6.35658914728682 6255.4064622839
0.613 7.99347471451876 6263.39993699842
0.628 3.82165605095541 6267.22159304937
0.635 4.88188976377953 6272.10348281316
0.663 2.56410256410256 6274.66758537726
0.601 3.16139767054908 6277.82898304781
0.636 10.062893081761 6287.89187612957
0.602 1.32890365448505 6289.22077978405
0.595 11.2605042016807 6300.48128398573
0.565 12.212389380531 6312.69367336626
0.634 9.77917981072555 6322.47285317699
0.615 0.16260162601626 6322.63545480301
0.636 8.80503144654088 6331.44048624955
0.641 6.08424336973479 6337.52472961928
0.66 9.6969696969697 6347.22169931625
0.636 13.5220125786164 6360.74371189487
0.596 11.4093959731544 6372.15310786802
0.612 9.47712418300654 6381.63023205103
0.559 4.11449016100179 6385.74472221203
0.583 7.03259005145798 6392.77731226349
0.56 7.5 6400.27731226349
0.509 13.9489194499018 6414.22623171339
0.577 -4.67937608318891 6409.5468556302
0.495 -2.62626262626263 6406.92059300394
0.447 -7.38255033557047 6399.53804266837
0.454 1.3215859030837 6400.85962857145
0.474 0.421940928270042 6401.28156949972
0.463 -1.51187904967603 6399.76969045005
0.471 2.33545647558386 6402.10514692563
0.506 6.71936758893281 6408.82451451456
0.628 0.955414012738854 6409.7799285273
0.505 10.4950495049505 6420.27497803225
0.626 -13.0990415335463 6407.17593649871
0.491 12.4236252545825 6419.59956175329
0.608 -3.28947368421053 6416.31008806908
0.618 -6.79611650485437 6409.51397156422
0.482 2.0746887966805 6411.5886603609
0.514 -1.55642023346304 6410.03224012744
0.648 -10.1851851851852 6399.84705494226
0.614 -0.325732899022801 6399.52132204323
0.470985155195682 -2.57879656160458 6396.94252548163
