gc_content gc_skew gc_culm
0.595 -4.87394957983193 -4.87394957983193
0.506 1.97628458498024 -2.8976649948517
0.41 5.36585365853659 2.46818866368489
0.397 4.78589420654912 7.25408287023401
0.429 6.29370629370629 13.5477891639403
0.428 6.07476635514019 19.6225555190805
0.514 4.66926070038911 24.2918162194696
0.53 6.41509433962264 30.7069105590922
0.568 6.33802816901408 37.0449387281063
0.595 5.88235294117647 42.9272916692828
0.596 3.02013422818792 45.9474258974707
0.609 1.47783251231527 47.425258409786
0.602 6.64451827242525 54.0697766822112
0.608 3.28947368421053 57.3592503664218
0.615 11.5447154471545 68.9039658135762
0.621 4.66988727858293 73.5738530921592
0.661 3.17700453857791 76.7508576307371
0.581 8.0895008605852 84.8403584913223
0.622 3.85852090032154 88.6988793916438
0.636 5.34591194968553 94.0447913413293
0.638 7.83699059561128 101.881781936941
0.582 0.687285223367698 102.569067160308
0.65 0.615384615384615 103.184451775693
0.601 0.831946755407654 104.016398531101
0.588 10.5442176870748 114.560616218175
0.589 7.30050933786078 121.861125556036
0.597 7.87269681742044 129.733822373457
0.587 4.59965928449744 134.333481657954
0.597 4.18760469011725 138.521086348071
0.6 -1.33333333333333 137.187753014738
0.575 4 141.187753014738
0.642 13.7071651090343 154.894918123772
0.621 17.8743961352657 172.769314259038
0.602 4.65116279069767 177.420477049736
0.603 4.14593698175788 181.566414031494
0.584 5.13698630136986 186.703400332863
0.604 7.6158940397351 194.319294372599
0.606 7.59075907590759 201.910053448506
0.597 3.85259631490787 205.762649763414
0.574 9.75609756097561 215.51874732439
0.604 15.5629139072848 231.081661231674
0.581 9.81067125645439 240.892332488129
0.644 13.3540372670807 254.246369755209
0.606 1.98019801980198 256.226567775011
0.597 1.17252931323283 257.399097088244
0.53 -0.754716981132076 256.644380107112
0.581 5.33562822719449 261.980008334307
0.594 1.01010101010101 262.990109344408
0.595 2.85714285714286 265.847252201551
0.595 9.2436974789916 275.090949680542
0.581 12.2203098106713 287.311259491213
0.573 8.90052356020942 296.211783051423
0.617 8.58995137763371 304.801734429057
0.608 6.90789473684211 311.709629165899
0.59 4.74576271186441 316.455391877763
0.612 0.980392156862745 317.435784034626
0.579 7.08117443868739 324.516958473313
0.602 6.97674418604651 331.49370265936
0.542 -9.22509225092251 322.268610408437
0.588 10.8843537414966 333.152964149934
0.623 5.29695024077047 338.449914390704
0.66 1.81818181818182 340.268096208886
0.629 -3.02066772655008 337.247428482336
0.612 6.86274509803922 344.110173580375
0.645 -0.155038759689922 343.955134820685
0.638 0 343.955134820685
0.68 18.8235294117647 362.77866423245
0.63 1.26984126984127 364.048505502291
0.522 -3.83141762452107 360.21708787777
0.579 7.426597582038 367.643685459808
0.602 3.32225913621262 370.965944596021
0.587 8.00681431005111 378.972758906072
0.578 2.42214532871972 381.394904234792
0.544 -4.41176470588235 376.983139528909
0.573 2.96684118673647 379.949980715646
0.498 10.8433734939759 390.793354209622
0.578 8.30449826989619 399.097852479518
0.623 1.4446227929374 400.542475272455
0.655 1.98473282442748 402.527208096883
0.599 4.17362270450751 406.70083080139
0.622 -2.2508038585209 404.450026942869
0.619 4.36187399030695 408.811900933176
0.591 7.61421319796954 416.426114131146
0.622 7.71704180064309 424.143155931789
0.599 7.17863105175292 431.321786983542
0.611 5.40098199672668 436.722768980269
0.607 4.77759472817133 441.50036370844
0.644 0 441.50036370844
0.532 2.63157894736842 444.131942655808
0.653 11.4854517611026 455.617394416911
0.616 7.79220779220779 463.409602209119
0.625 4.96 468.369602209119
0.64 6.25 474.619602209119
0.645 4.49612403100775 479.115726240126
0.637 8.6342229199372 487.749949160064
0.597 2.17755443886097 489.927503598925
0.6 7 496.927503598925
0.627 -1.75438596491228 495.173117634012
0.602 6.64451827242525 501.817635906438
0.622 1.60771704180064 503.425352948238
0.595 1.84873949579832 505.274092444037
0.624 5.76923076923077 511.043323213267
0.633 4.58135860979463 515.624681823062
0.626 10.5431309904153 526.167812813477
0.651 15.2073732718894 541.375186085367
0.699 -6.43776824034335 534.937417845023
0.474 11.8143459915612 546.751763836584
0.516 7.36434108527132 554.116104921856
0.615 9.91869918699187 564.034804108848
0.644 17.3913043478261 581.426108456674
0.571 1.92644483362522 583.352553290299
0.606 1.65016501650165 585.002718306801
0.643 5.7542768273717 590.756995134172
0.633 -2.05371248025276 588.70328265392
0.503 5.76540755467197 594.468690208592
0.661 14.6747352496218 609.143425458213
0.627 8.13397129186603 617.277396750079
0.484 5.78512396694215 623.062520717021
0.55 3.63636363636364 626.698884353385
0.642 12.1495327102804 638.848417063666
0.623 8.50722311396469 647.35564017763
0.462 -2.5974025974026 644.758237580228
0.542 3.690036900369 648.448274480597
0.571 0.175131348511384 648.623405829108
0.516 0 648.623405829108
0.556 3.9568345323741 652.580240361482
0.553 8.1374321880651 660.717672549547
0.552 0.36231884057971 661.079991390127
0.607 5.7660626029654 666.846053993092
0.619 4.03877221324717 670.88482620634
0.6 5.33333333333333 676.218159539673
0.572 1.3986013986014 677.616760938274
0.581 0.172117039586919 677.788877977861
0.479 -1.87891440501044 675.909963572851
0.559 -5.54561717352415 670.364346399327
0.512 0 670.364346399327
0.471 0.212314225053079 670.57666062438
0.462 -5.19480519480519 665.381855429574
0.434 -0.921658986175115 664.460196443399
0.465 -4.94623655913978 659.51395988426
0.482 -0.829875518672199 658.684084365587
0.506 3.16205533596838 661.846139701556
0.495 7.87878787878788 669.724927580344
0.598 8.69565217391304 678.420579754257
0.607 0.494233937397035 678.914813691654
0.606 1.98019801980198 680.895011711456
0.536 0 680.895011711456
0.592 3.71621621621622 684.611227927672
0.603 6.46766169154229 691.078889619214
0.601 5.15806988352745 696.236959502742
0.615 0.813008130081301 697.049967632823
0.623 0.481540930979133 697.531508563802
0.586 0.68259385665529 698.214102420457
0.62 7.09677419354839 705.310876614006
0.542 12.5461254612546 717.85700207526
0.621 5.31400966183575 723.171011737096
0.609 -2.46305418719212 720.707957549904
0.585 0.170940170940171 720.878897720844
0.572 9.44055944055944 730.319457161404
0.559 3.7567084078712 734.076165569275
0.593 8.26306913996627 742.339234709241
0.644 13.9751552795031 756.314389988744
0.592 9.12162162162162 765.436011610366
0.561 9.44741532976827 774.883426940134
0.585 1.53846153846154 776.421888478596
0.624 2.88461538461538 779.306503863211
0.661 8.62329803328291 787.929801896494
0.652 13.1901840490798 801.119985945574
0.639 7.04225352112676 808.1622394667
0.661 3.7821482602118 811.944387726912
0.618 13.5922330097087 825.536620736621
0.582 16.4948453608247 842.031466097446
0.617 11.5072933549433 853.538759452389
0.62 5.16129032258065 858.70004977497
0.622 14.1479099678457 872.847959742815
0.606 7.59075907590759 880.438718818723
0.648 6.79012345679012 887.228842275513
0.629 1.11287758346582 888.341719858979
0.573 11.6928446771379 900.034564536117
0.594 9.09090909090909 909.125473627026
0.636 11.0062893081761 920.131762935202
0.6 -1 919.131762935202
0.59 2.3728813559322 921.504644291134
0.594 -0.336700336700337 921.167943954434
0.596 8.38926174496644 929.5572056994
0.582 8.93470790378007 938.49191360318
0.626 13.4185303514377 951.910443954618
0.601 7.48752079866888 959.397964753287
0.566 7.06713780918728 966.465102562474
0.611 9.65630114566285 976.121403708137
0.639 6.10328638497653 982.224690093114
0.633 5.21327014218009 987.437960235294
0.625 6.24 993.677960235294
0.634 10.0946372239748 1003.77259745927
0.604 10.9271523178808 1014.69974977715
0.598 13.3779264214047 1028.07767619855
0.609 4.43349753694581 1032.5111737355
0.62 4.19354838709677 1036.7047221226
0.584 5.47945205479452 1042.18417417739
0.611 3.43698854337152 1045.62116272076
0.596 8.05369127516779 1053.67485399593
0.595 6.5546218487395 1060.22947584467
0.606 9.57095709570957 1069.80043294038
0.615 3.08943089430894 1072.88986383469
0.647 4.17310664605873 1077.06297048075
0.61 10.1639344262295 1087.22690490698
0.611 5.40098199672668 1092.6278869037
0.621 5.31400966183575 1097.94189656554
0.613 3.75203915171289 1101.69393571725
0.629 11.2877583465819 1112.98169406383
0.633 8.37282780410743 1121.35452186794
0.622 7.71704180064309 1129.07156366858
0.633 4.58135860979463 1133.65292227838
0.64 11.875 1145.52792227838
0.631 3.96196513470681 1149.48988741309
0.657 4.71841704718417 1154.20830446027
0.648 8.95061728395062 1163.15892174422
0.629 14.785373608903 1177.94429535312
0.572 -1.74825174825175 1176.19604360487
0.666 6.30630630630631 1182.50234991118
0.581 2.92598967297762 1185.42833958416
0.61 3.27868852459016 1188.70702810875
0.64 11.875 1200.58202810875
0.64 6.25 1206.83202810875
0.648 7.40740740740741 1214.23943551615
0.605 5.78512396694215 1220.0245594831
0.597 7.87269681742044 1227.89725630052
0.569 4.39367311072056 1232.29092941124
0.6 8 1240.29092941124
0.572 2.44755244755245 1242.73848185879
0.599 -1.83639398998331 1240.90208786881
0.472 13.135593220339 1254.03768108914
0.598 -0.668896321070234 1253.36878476807
0.54 7.40740740740741 1260.77619217548
0.597 7.53768844221106 1268.31388061769
0.605 12.7272727272727 1281.04115334497
0.619 14.7011308562197 1295.74228420119
0.632 7.59493670886076 1303.33722091005
0.641 15.7566302652106 1319.09385117526
0.589 18.1663837011885 1337.26023487644
0.631 14.1045958795563 1351.364830756
0.607 7.74299835255354 1359.10782910855
0.508 0 1359.10782910855
0.539 17.9962894248609 1377.10411853342
0.568 9.85915492957746 1386.96327346299
0.652 14.4171779141104 1401.3804513771
0.642 16.5109034267913 1417.89135480389
0.599 7.51252086811352 1425.40387567201
0.435 1.60919540229885 1427.01307107431
0.59 9.49152542372881 1436.50459649804
0.614 7.49185667752443 1443.99645317556
0.644 7.45341614906832 1451.44986932463
0.599 5.17529215358932 1456.62516147822
0.587 12.4361158432709 1469.06127732149
0.565 0.176991150442478 1469.23826847193
0.589 9.67741935483871 1478.91568782677
0.616 5.51948051948052 1484.43516834625
0.609 5.41871921182266 1489.85388755807
0.624 4.48717948717949 1494.34106704525
0.602 -0.664451827242525 1493.67661521801
0.574 4.8780487804878 1498.5546639985
0.606 5.61056105610561 1504.1652250546
0.6 1 1505.1652250546
0.631 4.5958795562599 1509.76110461086
0.59 5.08474576271186 1514.84585037358
0.612 10.1307189542484 1524.97656932782
0.544 6.25 1531.22656932782
0.58 4.82758620689655 1536.05415553472
0.598 6.68896321070234 1542.74311874542
0.576 2.43055555555556 1545.17367430098
0.594 11.1111111111111 1556.28478541209
0.562 2.49110320284698 1558.77588861494
0.562 15.6583629893238 1574.43425160426
0.603 15.0912106135987 1589.52546221786
0.599 16.5275459098497 1606.05300812771
0.594 13.1313131313131 1619.18432125902
0.577 12.6516464471404 1631.83596770616
0.567 13.9329805996473 1645.76894830581
0.606 8.25082508250825 1654.01977338832
0.597 10.2177554438861 1664.2375288322
0.602 10.6312292358804 1674.86875806808
0.609 15.927750410509 1690.79650847859
0.62 9.03225806451613 1699.82876654311
0.611 3.10965630114566 1702.93842284426
0.591 4.56852791878173 1707.50695076304
0.593 6.91399662731872 1714.42094739036
0.576 7.98611111111111 1722.40705850147
0.585 6.66666666666667 1729.07372516813
0.634 8.51735015772871 1737.59107532586
0.593 10.2866779089376 1747.8777532348
0.596 7.38255033557047 1755.26030357037
0.624 11.2179487179487 1766.47825228832
0.564 13.4751773049645 1779.95342959328
0.596 1.34228187919463 1781.29571147248
0.626 1.2779552715655 1782.57366674404
0.633 8.68878357030016 1791.26245031434
0.58 8.62068965517241 1799.88313996952
0.665 9.17293233082707 1809.05607230034
0.601 11.4808652246256 1820.53693752497
0.599 5.50918196994992 1826.04611949492
0.625 12.32 1838.36611949492
0.634 2.8391167192429 1841.20523621416
0.65 12.3076923076923 1853.51292852185
0.584 2.05479452054795 1855.5677230424
0.584 3.76712328767123 1859.33484633007
0.58 11.7241379310345 1871.05898426111
0.628 14.3312101910828 1885.39019445219
0.634 4.73186119873817 1890.12205565093
0.621 5.63607085346216 1895.75812650439
0.583 8.74785591766724 1904.50598242206
0.574 8.71080139372822 1913.21678381579
0.604 7.28476821192053 1920.50155202771
0.57 0.701754385964912 1921.20330641367
0.6 4.66666666666667 1925.86997308034
0.622 12.540192926045 1938.41016600638
0.56 10.7142857142857 1949.12445172067
0.596 2.3489932885906 1951.47344500926
0.655 11.1450381679389 1962.6184831772
0.644 12.4223602484472 1975.04084342565
0.625 3.68 1978.72084342565
0.611 5.07364975450082 1983.79449318015
0.593 6.57672849915683 1990.3712216793
0.683 1.90336749633968 1992.27458917564
0.653 6.58499234303216 1998.85958151867
0.625 7.52 2006.37958151867
0.481 10.6029106029106 2016.98249212159
0.663 12.5188536953243 2029.50134581691
0.6 5.66666666666667 2035.16801248358
0.599 12.5208681135225 2047.6888805971
0.596 6.71140939597315 2054.40028999307
0.59 7.79661016949153 2062.19690016256
0.59 1.69491525423729 2063.8918154168
0.511 -3.32681017612524 2060.56500524068
0.626 -2.23642172523962 2058.32858351544
0.544 4.41176470588235 2062.74034822132
0.62 4.51612903225806 2067.25647725358
0.632 12.0253164556962 2079.28179370927
0.536 8.58208955223881 2087.86388326151
0.63 2.53968253968254 2090.40356580119
0.575 9.21739130434783 2099.62095710554
0.622 4.5016077170418 2104.12256482258
0.608 12.5 2116.62256482258
0.581 2.92598967297762 2119.54855449556
0.634 12.9337539432177 2132.48230843878
0.611 9.32896890343699 2141.81127734222
0.653 2.60336906584992 2144.41464640807
0.628 3.82165605095541 2148.23630245902
0.589 1.86757215619694 2150.10387461522
0.613 9.29853181076672 2159.40240642599
0.612 10.7843137254902 2170.18672015148
0.569 10.3690685413005 2180.55578869278
0.58 5.51724137931035 2186.07303007209
0.559 -1.61001788908766 2184.463012183
0.66 3.03030303030303 2187.4933152133
0.627 7.49601275917065 2194.98932797247
0.642 8.72274143302181 2203.71206940549
0.643 6.99844479004666 2210.71051419554
0.487 15.4004106776181 2226.11092487316
0.624 6.41025641025641 2232.52118128341
0.593 0.168634064080944 2232.6898153475
0.6 6.33333333333333 2239.02314868083
0.622 2.2508038585209 2241.27395253935
0.651 7.21966205837174 2248.49361459772
0.596 -2.01342281879195 2246.48019177893
0.605 6.11570247933884 2252.59589425827
0.613 7.99347471451876 2260.58936897279
0.61 -2.95081967213115 2257.63854930066
0.613 10.2773246329527 2267.91587393361
0.64 10 2277.91587393361
0.645 6.97674418604651 2284.89261811966
0.626 2.23642172523962 2287.1290398449
0.615 -1.46341463414634 2285.66562521075
0.648 8.95061728395062 2294.6162424947
0.651 0.460829493087558 2295.07707198779
0.616 14.6103896103896 2309.68746159818
0.644 9.62732919254658 2319.31479079072
0.624 7.05128205128205 2326.36607284201
0.641 13.5725429017161 2339.93861574372
0.667 7.64617691154423 2347.58479265527
0.646 7.12074303405573 2354.70553568932
0.654 12.2324159021407 2366.93795159146
0.612 6.5359477124183 2373.47389930388
0.601 4.49251247920133 2377.96641178308
0.616 1.94805194805195 2379.91446373113
0.616 5.84415584415584 2385.75861957529
0.514 3.89105058365759 2389.64967015895
0.497 11.8712273641851 2401.52089752313
0.619 1.77705977382876 2403.29795729696
0.606 1.65016501650165 2404.94812231346
0.606 10.5610561056106 2415.50917841907
0.623 10.7544141252006 2426.26359254427
0.604 3.97350993377483 2430.23710247805
0.602 3.98671096345515 2434.2238134415
0.638 10.6583072100313 2444.88212065154
0.603 5.14096185737977 2450.02308250891
0.618 14.8867313915858 2464.9098139005
0.651 6.91244239631336 2471.82225629681
0.583 11.1492281303602 2482.97148442717
0.626 8.62619808306709 2491.59768251024
0.548 5.10948905109489 2496.70717156134
0.605 7.76859504132231 2504.47576660266
0.571 4.37828371278459 2508.85405031544
0.597 9.88274706867672 2518.73679738412
0.589 14.7707979626486 2533.50759534677
0.614 8.46905537459283 2541.97665072136
0.606 5.94059405940594 2547.91724478077
0.602 4.65116279069767 2552.56840757146
0.624 5.76923076923077 2558.3376383407
0.617 8.26580226904376 2566.60344060974
0.622 7.39549839228296 2573.99893900202
0.564 6.02836879432624 2580.02730779635
0.619 7.59289176090468 2587.62019955725
0.582 5.84192439862543 2593.46212395588
0.607 6.75453047775947 2600.21665443364
0.619 6.30048465266559 2606.5171390863
0.648 15.1234567901235 2621.64059587643
0.566 6.36042402826855 2628.0010199047
0.679 8.98379970544919 2636.98481961015
0.662 9.36555891238671 2646.35037852253
0.656 10.6707317073171 2657.02111022985
0.624 9.61538461538461 2666.63649484523
0.683 3.66032210834553 2670.29681695358
0.659 5.31107738998483 2675.60789434356
0.607 13.3443163097199 2688.95221065328
0.64 11.875 2700.82721065328
0.611 7.03764320785597 2707.86485386114
0.626 -1.2779552715655 2706.58689858957
0.661 6.5052950075643 2713.09219359714
0.47 15.3191489361702 2728.41134253331
0.644 9.62732919254658 2738.03867172586
0.583 7.03259005145798 2745.07126177731
0.631 9.35023771790808 2754.42149949522
0.666 1.8018018018018 2756.22330129702
0.592 4.72972972972973 2760.95303102675
0.647 6.02782071097372 2766.98085173773
0.616 4.54545454545455 2771.52630628318
0.654 3.97553516819572 2775.50184145138
0.64 4.0625 2779.56434145138
0.606 4.62046204620462 2784.18480349758
0.627 1.75438596491228 2785.93918946249
0.643 17.2628304821151 2803.20201994461
0.622 2.57234726688103 2805.77436721149
0.569 -2.63620386643234 2803.13816334506
0.69 -0.579710144927536 2802.55845320013
0.673 -3.12035661218425 2799.43809658795
0.66 -0.606060606060606 2798.83203598188
0.545 -0.55045871559633 2798.28157726629
0.485 11.340206185567 2809.62178345186
0.617 -0.162074554294976 2809.45970889756
0.603 10.4477611940299 2819.90747009159
0.607 8.73146622734761 2828.63893631894
0.626 13.7380191693291 2842.37695548827
0.615 4.71544715447155 2847.09240264274
0.635 3.62204724409449 2850.71444988683
0.623 7.54414125200642 2858.25859113884
0.628 8.28025477707006 2866.53884591591
0.616 9.41558441558442 2875.95443033149
0.613 11.9086460032626 2887.86307633476
0.627 11.0047846889952 2898.86786102375
0.547 7.86106032906764 2906.72892135282
0.641 12.3244929797192 2919.05341433254
0.635 15.5905511811024 2934.64396551364
0.637 8.94819466248038 2943.59216017612
0.628 14.968152866242 2958.56031304236
0.623 18.1380417335474 2976.69835477591
0.612 4.57516339869281 2981.2735181746
0.615 4.71544715447155 2985.98896532908
0.639 5.79029733959311 2991.77926266867
0.631 7.44849445324881 2999.22775712192
0.639 8.60719874804382 3007.83495586996
0.629 3.65659777424483 3011.49155364421
0.576 5.20833333333333 3016.69988697754
0.635 2.04724409448819 3018.74713107203
0.595 3.86554621848739 3022.61267729051
0.625 14.24 3036.85267729052
0.639 6.41627543035994 3043.26895272087
0.649 2.00308166409861 3045.27203438497
0.637 13.6577708006279 3058.9298051856
0.633 8.05687203791469 3066.98667722352
0.639 8.60719874804382 3075.59387597156
0.621 6.60225442834138 3082.1961303999
0.604 2.64900662251656 3084.84513702242
0.576 0.694444444444444 3085.53958146686
0.588 14.9659863945578 3100.50556786142
0.563 -0.88809946714032 3099.61746839428
0.615 5.36585365853659 3104.98332205282
0.616 5.19480519480519 3110.17812724762
0.62 4.19354838709677 3114.37167563472
0.641 8.58034321372855 3122.95201884845
0.653 11.1791730474732 3134.13119189592
0.613 1.79445350734095 3135.92564540326
0.601 2.1630615640599 3138.08870696732
0.641 -0.78003120124805 3137.30867576607
0.633 6.16113744075829 3143.46981320683
0.524 3.81679389312977 3147.28660709996
0.612 7.51633986928105 3154.80294696924
0.611 9.00163666121113 3163.80458363045
0.603 7.46268656716418 3171.26727019762
0.648 12.037037037037 3183.30430723465
0.618 4.53074433656958 3187.83505157122
0.629 3.33863275039746 3191.17368432162
0.648 7.09876543209877 3198.27244975372
0.654 8.56269113149847 3206.83514088522
0.643 11.0419906687403 3217.87713155396
0.65 1.53846153846154 3219.41559309242
0.63 7.61904761904762 3227.03464071147
0.634 10.0946372239748 3237.12927793544
0.616 8.11688311688312 3245.24616105233
0.551 -1.27041742286751 3243.97574362946
0.53 8.67924528301887 3252.65498891248
0.536 12.6865671641791 3265.34155607666
0.601 0.166389351081531 3265.50794542774
0.58 5.17241379310345 3270.68035922084
0.702 9.97150997150997 3280.65186919235
0.657 11.1111111111111 3291.76298030346
0.685 7.73722627737226 3299.50020658083
0.695 3.02158273381295 3302.52178931465
0.551 -7.07803992740472 3295.44374938724
0.643 9.79782270606532 3305.24157209331
0.62 1.93548387096774 3307.17705596428
0.631 6.49762282091918 3313.6746787852
0.581 12.2203098106713 3325.89498859587
0.599 10.8514190317195 3336.74640762759
0.59 17.6271186440678 3354.37352627165
0.659 2.88315629742033 3357.25668256907
0.615 15.1219512195122 3372.37863378859
0.623 13.9646869983949 3386.34332078698
0.647 6.33693972179289 3392.68026050877
0.606 7.59075907590759 3400.27101958468
0.637 4.55259026687598 3404.82360985156
0.627 4.30622009569378 3409.12982994725
0.669 2.54110612855007 3411.6709360758
0.599 2.17028380634391 3413.84121988215
0.633 11.216429699842 3425.05764958199
0.606 0.66006600660066 3425.71771558859
0.595 11.9327731092437 3437.65048869783
0.557 13.4649910233393 3451.11547972117
0.636 8.49056603773585 3459.60604575891
0.616 -0.649350649350649 3458.95669510956
0.64 9.375 3468.33169510956
0.642 6.23052959501558 3474.56222470457
0.658 9.42249240121581 3483.98471710579
0.635 14.6456692913386 3498.63038639713
0.59 9.49152542372881 3508.12191182086
0.622 10.6109324758842 3518.73284429674
0.555 2.7027027027027 3521.43554699944
0.576 7.98611111111111 3529.42165811055
0.571 9.28196147110333 3538.70361958166
0.492 12.1951219512195 3550.89874153288
0.583 -5.31732418524871 3545.58141734763
0.493 -1.82555780933063 3543.7558595383
0.448 -6.69642857142857 3537.05943096687
0.452 0 3537.05943096687
0.481 1.45530145530146 3538.51473242217
0.458 -1.74672489082969 3536.76800753134
0.471 1.48619957537155 3538.25420710671
0.514 6.22568093385214 3544.47988804056
0.622 1.28617363344051 3545.766061674
0.51 10.5882352941176 3556.35429696812
0.631 -12.202852614897 3544.15144435322
0.481 13.0977130977131 3557.24915745094
0.616 -4.87012987012987 3552.37902758081
0.61 -6.55737704918033 3545.82165053163
0.482 2.0746887966805 3547.89633932831
0.518 -0.386100386100386 3547.51023894221
0.649 -10.939907550077 3536.57033139213
0.61 0.327868852459016 3536.89820024459
0.515 -8.7378640776699 3528.16033616692
0.642 -12.1495327102804 3516.01080345664
0.592 -0.675675675675676 3515.33512778096
0.528 0.378787878787879 3515.71391565975
0.647 -11.2828438948995 3504.43107176485
0.647 -0.772797527047913 3503.6582742378
0.632 -8.54430379746835 3495.11397044034
0.678 4.71976401179941 3499.83373445214
0.609 -3.77668308702791 3496.05705136511
0.492 -8.53658536585366 3487.52046599925
0.47 -4.68085106382979 3482.83961493542
0.597 -1.50753768844221 3481.33207724698
0.6 -3.33333333333333 3477.99874391365
0.56 -11.0714285714286 3466.92731534222
0.565 3.71681415929204 3470.64412950151
0.688 4.94186046511628 3475.58598996663
0.446 8.07174887892377 3483.65773884555
0.569 9.31458699472759 3492.97232584028
0.655 9.31297709923664 3502.28530293952
0.648 9.25925925925926 3511.54456219878
0.623 -0.160513643659711 3511.38404855512
0.612 -3.59477124183007 3507.78927731329
0.609 13.6288998357964 3521.41817714908
0.591 7.27580372250423 3528.69398087159
0.636 10.377358490566 3539.07133936215
0.592 9.12162162162162 3548.19296098377
0.619 10.5008077544426 3558.69376873822
0.605 7.76859504132231 3566.46236377954
0.603 4.14593698175788 3570.6083007613
0.624 1.28205128205128 3571.89035204335
0.626 7.02875399361022 3578.91910603696
0.646 0 3578.91910603696
0.63 5.07936507936508 3583.99847111632
0.651 4.45468509984639 3588.45315621617
0.589 14.4312393887946 3602.88439560496
0.648 10.1851851851852 3613.06958079015
0.647 10.6646058732612 3623.73418666341
0.649 5.70107858243451 3629.43526524585
0.608 9.21052631578947 3638.64579156163
0.576 7.98611111111111 3646.63190267275
0.609 10.6732348111658 3657.30513748391
0.609 1.80623973727422 3659.11137722119
0.595 4.87394957983193 3663.98532680102
0.614 9.44625407166124 3673.43158087268
0.624 9.61538461538461 3683.04696548806
0.615 -3.73983739837398 3679.30712808969
0.646 10.8359133126935 3690.14304140238
0.652 6.74846625766871 3696.89150766005
0.566 9.18727915194346 3706.078786812
0.635 5.82677165354331 3711.90555846554
0.618 8.41423948220065 3720.31979794774
0.627 7.81499202551834 3728.13478997326
0.57 -0.701754385964912 3727.43303558729
0.531 2.07156308851224 3729.50459867581
0.554 -2.16606498194946 3727.33853369386
0.568 3.16901408450704 3730.50754777836
0.578 7.61245674740484 3738.12000452577
0.572 14.3356643356643 3752.45566886143
0.523 3.25047801147228 3755.7061468729
0.536 10.0746268656716 3765.78077373858
0.583 7.37564322469983 3773.15641696328
0.579 7.426597582038 3780.58301454531
0.617 13.128038897893 3793.71105344321
0.615 13.1707317073171 3806.88178515052
0.58 0.344827586206897 3807.22661273673
0.624 7.05128205128205 3814.27789478801
0.608 1.31578947368421 3815.5936842617
0.576 6.25 3821.8436842617
0.626 5.43130990415335 3827.27499416585
0.615 7.31707317073171 3834.59206733658
0.662 12.9909365558912 3847.58300389247
0.704 5.39772727272727 3852.9807311652
0.687 12.0815138282387 3865.06224499344
0.678 5.30973451327434 3870.37197950671
0.666 1.8018018018018 3872.17378130852
0.65 -0.307692307692308 3871.86608900082
0.671 13.5618479880775 3885.4279369889
0.651 6.29800307219662 3891.7259400611
0.68 -0.294117647058824 3891.43182241404
0.617 3.72771474878444 3895.15953716282
0.608 6.25 3901.40953716282
0.648 11.1111111111111 3912.52064827393
0.622 11.8971061093248 3924.41775438326
0.562 4.27046263345196 3928.68821701671
0.521 8.25335892514395 3936.94157594185
0.474 3.79746835443038 3940.73904429628
0.483 8.07453416149068 3948.81357845778
0.489 8.38445807770961 3957.19803653548
0.476 10.0840336134454 3967.28207014893
0.495 -3.43434343434343 3963.84772671459
0.467 5.78158458244111 3969.62931129703
0.477 6.91823899371069 3976.54755029074
0.481 16.4241164241164 3992.97166671486
0.463 6.26349892008639 3999.23516563494
0.459 6.75381263616558 4005.98897827111
0.443 4.28893905191874 4010.27791732303
0.474 6.32911392405063 4016.60703124708
0.579 1.20898100172712 4017.8160122488
0.478 -6.27615062761506 4011.53986162119
0.555 0.18018018018018 4011.72004180137
0.599 4.84140233722871 4016.5614441386
0.615 0.48780487804878 4017.04924901665
0.635 1.10236220472441 4018.15161122137
0.637 5.49450549450549 4023.64611671588
0.633 3.94944707740916 4027.59556379329
0.62 4.19354838709677 4031.78911218038
0.594 6.06060606060606 4037.84971824099
0.56 9.28571428571429 4047.1354325267
0.673 11.4413075780089 4058.57674010471
0.621 1.44927536231884 4060.02601546703
0.615 7.96747967479675 4067.99349514183
0.606 2.31023102310231 4070.30372616493
0.589 3.90492359932088 4074.20864976425
0.65 4 4078.20864976425
0.58 1.03448275862069 4079.24313252287
0.608 -2.63157894736842 4076.6115535755
0.575 5.73913043478261 4082.35068401029
0.628 6.36942675159236 4088.72011076188
0.632 9.17721518987342 4097.89732595175
0.636 11.3207547169811 4109.21808066873
0.659 12.5948406676783 4121.81292133641
0.616 1.62337662337662 4123.43629795979
0.64 5.625 4129.06129795979
0.586 -4.77815699658703 4124.2831409632
0.673 2.22882615156018 4126.51196711476
0.617 9.56239870340357 4136.07436581816
0.601 3.82695507487521 4139.90132089304
0.608 11.1842105263158 4151.08553141935
0.592 11.1486486486486 4162.234180068
0.629 14.785373608903 4177.01955367691
0.637 10.5180533751962 4187.5376070521
0.691 16.0636758321274 4203.60128288423
0.656 10.9756097560976 4214.57689264033
0.626 7.3482428115016 4221.92513545183
0.595 13.2773109243697 4235.2024463762
0.601 11.4808652246256 4246.68331160082
0.6 4.33333333333333 4251.01664493416
0.595 3.86554621848739 4254.88219115264
0.647 8.19165378670788 4263.07384493935
0.648 12.6543209876543 4275.72816592701
0.636 15.4088050314465 4291.13697095845
0.645 2.32558139534884 4293.4625523538
0.642 2.18068535825545 4295.64323771206
0.594 2.35690235690236 4298.00014006896
0.61 10.4918032786885 4308.49194334765
0.612 8.49673202614379 4316.98867537379
0.601 5.49084858569052 4322.47952395948
0.625 8.48 4330.95952395948
0.593 2.86677908937605 4333.82630304886
0.614 2.60586319218241 4336.43216624104
0.59 2.71186440677966 4339.14403064782
0.53 9.43396226415094 4348.57799291197
0.577 2.94627383015598 4351.52426674213
0.55 4.36363636363636 4355.88790310576
0.549 11.83970856102 4367.72761166678
0.509 9.62671905697446 4377.35433072376
0.531 11.4877589453861 4388.84208966915
0.574 2.4390243902439 4391.28111405939
0.596 3.35570469798658 4394.63681875738
0.654 9.1743119266055 4403.81113068398
0.59 2.03389830508475 4405.84502898907
0.538 6.31970260223048 4412.1647315913
0.606 14.8514851485149 4427.01621673981
0.618 4.85436893203883 4431.87058567185
0.628 4.45859872611465 4436.32918439797
0.631 7.76545166402536 4444.09463606199
0.67 13.7313432835821 4457.82597934557
0.646 8.97832817337461 4466.80430751895
0.637 8.32025117739403 4475.12455869634
0.645 6.97674418604651 4482.10130288239
0.595 -3.52941176470588 4478.57189111768
0.645 7.90697674418605 4486.47886786187
0.599 5.17529215358932 4491.65416001546
0.629 3.97456279809221 4495.62872281355
0.641 7.95631825273011 4503.58504106628
0.571 4.72854640980736 4508.31358747609
0.579 7.7720207253886 4516.08560820148
0.564 12.0567375886525 4528.14234579013
0.593 9.61214165261383 4537.75448744274
0.586 7.16723549488055 4544.92172293762
0.537 9.86964618249534 4554.79136912012
0.6 12.6666666666667 4567.45803578678
0.585 4.61538461538461 4572.07342040217
0.604 7.6158940397351 4579.6893144419
0.678 8.25958702064897 4587.94890146255
0.598 6.68896321070234 4594.63786467325
0.574 10.801393728223 4605.43925840148
0.603 11.7744610281924 4617.21371942967
0.64 12.5 4629.71371942967
0.685 14.1605839416058 4643.87430337128
0.62 6.12903225806452 4650.00333562934
0.633 5.21327014218009 4655.21660577152
0.565 1.5929203539823 4656.8095261255
0.669 8.22122571001495 4665.03075183552
0.65 7.07692307692308 4672.10767491244
0.606 4.29042904290429 4676.39810395535
0.609 3.11986863711002 4679.51797259246
0.644 11.4906832298137 4691.00865582227
0.625 8.48 4699.48865582227
0.629 3.97456279809221 4703.46321862036
0.637 3.2967032967033 4706.75992191706
0.615 8.61788617886179 4715.37780809593
0.595 7.89915966386555 4723.27696775979
0.663 12.2171945701357 4735.49416232993
0.654 12.5382262996942 4748.03238862962
0.619 6.62358642972536 4754.65597505935
0.683 8.63836017569546 4763.29433523504
0.611 8.01963993453355 4771.31397516958
0.596 -4.02684563758389 4767.28712953199
0.58 6.55172413793103 4773.83885366992
0.628 14.0127388535032 4787.85159252343
0.628 13.3757961783439 4801.22738870177
0.641 7.02028081123245 4808.247669513
0.69 5.50724637681159 4813.75491588981
0.613 7.66721044045677 4821.42212633027
0.599 7.84641068447412 4829.26853701475
0.522 13.4099616858238 4842.67849870057
0.644 4.6583850931677 4847.33688379374
0.653 3.21592649310873 4850.55281028685
0.595 5.54621848739496 4856.09902877424
0.655 5.64885496183206 4861.74788373607
0.658 11.2462006079027 4872.99408434398
0.669 7.0254110612855 4880.01949540526
0.66 4.54545454545455 4884.56494995072
0.656 7.31707317073171 4891.88202312145
0.666 0 4891.88202312145
0.662 4.53172205438066 4896.41374517583
0.649 8.16640986132512 4904.58015503715
0.64 2.5 4907.08015503715
0.634 4.10094637223975 4911.18110140939
0.601 10.8153078202995 4921.99640922969
0.571 14.5359019264448 4936.53231115614
0.518 14.2857142857143 4950.81802544185
0.605 15.0413223140496 4965.8593477559
0.636 16.3522012578616 4982.21154901376
0.594 9.42760942760943 4991.63915844137
0.619 0.484652665589661 4992.12381110696
0.704 8.52272727272727 5000.64653837969
0.655 9.00763358778626 5009.65417196748
0.634 4.73186119873817 5014.38603316621
0.657 5.93607305936073 5020.32210622557
0.661 10.7413010590015 5031.06340728458
0.687 9.17030567685589 5040.23371296143
0.66 3.63636363636364 5043.8700765978
0.649 4.77657935285054 5048.64665595065
0.673 1.04011887072808 5049.68677482137
0.672 11.3095238095238 5060.9962986309
0.661 8.92586989409985 5069.922168525
0.659 10.1669195751138 5080.08908810011
0.633 13.4281200631912 5093.5172081633
0.616 3.57142857142857 5097.08863673473
0.682 8.79765395894428 5105.88629069368
0.623 4.3338683788122 5110.22015907249
0.636 6.60377358490566 5116.82393265739
0.611 5.72831423895254 5122.55224689635
0.623 4.3338683788122 5126.88611527516
0.642 6.23052959501558 5133.11664487017
0.587 7.66609880749574 5140.78274367767
0.644 2.17391304347826 5142.95665672115
0.635 4.88188976377953 5147.83854648493
0.645 5.11627906976744 5152.95482555469
0.642 1.86915887850467 5154.8239844332
0.608 8.22368421052632 5163.04766864373
0.67 6.56716417910448 5169.61483282283
0.637 9.26216640502355 5178.87699922785
0.635 9.92125984251969 5188.79825907037
0.601 7.15474209650582 5195.95300116688
0.637 12.0879120879121 5208.04091325479
0.606 10.5610561056106 5218.6019693604
0.615 6.66666666666667 5225.26863602707
0.627 5.26315789473684 5230.5317939218
0.59 -3.38983050847458 5227.14196341333
0.629 6.20031796502385 5233.34228137835
0.638 6.89655172413793 5240.23883310249
0.604 12.5827814569536 5252.82161455945
0.49 11.4285714285714 5264.25018598802
0.484 11.5702479338843 5275.8204339219
0.604 16.5562913907285 5292.37672531263
0.608 -2.30263157894737 5290.07409373368
0.575 10.2608695652174 5300.3349632989
0.626 11.5015974440895 5311.83656074299
0.673 9.65824665676077 5321.49480739975
0.624 8.33333333333333 5329.82814073308
0.678 11.7994100294985 5341.62755076258
0.678 10.3244837758112 5351.95203453839
0.71 7.04225352112676 5358.99428805952
0.669 6.12855007473842 5365.12283813426
0.662 2.11480362537764 5367.23764175964
0.652 10.4294478527607 5377.6670896124
0.449 5.56792873051225 5383.23501834291
0.64 15 5398.23501834291
0.68 10.8823529411765 5409.11737128409
0.646 12.3839009287926 5421.50127221288
0.618 2.58899676375405 5424.09026897663
0.579 6.73575129533679 5430.82602027197
0.621 8.53462157809984 5439.36064185007
0.605 3.1404958677686 5442.50113771784
0.561 8.73440285204991 5451.23554056989
0.605 13.3884297520661 5464.62397032195
0.561 15.1515151515152 5479.77548547347
0.63 12.0634920634921 5491.83897753696
0.634 15.4574132492114 5507.29639078617
0.656 9.75609756097561 5517.05248834715
0.646 15.1702786377709 5532.22276698492
0.637 5.80847723704867 5538.03124422197
0.593 2.19224283305228 5540.22348705502
0.548 -4.37956204379562 5535.84392501122
0.647 7.26429675425039 5543.10822176547
0.624 -4.16666666666667 5538.94155509881
0.642 4.98442367601246 5543.92597877482
0.662 7.55287009063444 5551.47884886545
0.589 1.86757215619694 5553.34642102165
0.578 -4.49826989619377 5548.84815112546
0.615 4.39024390243902 5553.2383950279
0.623 9.14927768860353 5562.3876727165
0.445 0.224719101123595 5562.61239181762
0.649 4.77657935285054 5567.38897117047
0.486 5.34979423868313 5572.73876540916
0.544 1.10294117647059 5573.84170658563
0.517 -0.967117988394584 5572.87458859723
0.616 11.6883116883117 5584.56290028554
0.608 6.57894736842105 5591.14184765397
0.554 11.5523465703971 5602.69419422436
0.62 9.03225806451613 5611.72645228888
0.636 1.25786163522013 5612.9843139241
0.652 7.36196319018405 5620.34627711428
0.64 0.3125 5620.65877711428
0.672 0.892857142857143 5621.55163425714
0.64 3.75 5625.30163425714
0.627 7.49601275917065 5632.79764701631
0.617 -2.75526742301459 5630.0423795933
0.645 2.32558139534884 5632.36796098865
0.642 2.80373831775701 5635.1716993064
0.652 2.45398773006135 5637.62568703646
0.606 6.27062706270627 5643.89631409917
0.669 8.81913303437967 5652.71544713355
0.622 4.5016077170418 5657.21705485059
0.642 11.5264797507788 5668.74353460137
0.466 20.6008583690987 5689.34439297047
0.637 13.6577708006279 5703.0021637711
0.619 8.88529886914378 5711.88746264024
0.626 9.90415335463259 5721.79161599487
0.645 16.2790697674419 5738.07068576232
0.613 3.75203915171289 5741.82272491403
0.644 4.6583850931677 5746.4811100072
0.603 11.4427860696517 5757.92389607685
0.609 11.9868637110016 5769.91075978785
0.616 8.76623376623377 5778.67699355408
0.627 10.0478468899522 5788.72484044404
0.631 6.81458003169572 5795.53942047573
0.623 -2.08667736757624 5793.45274310816
0.618 10.3559870550162 5803.80873016317
0.62 10 5813.80873016317
0.517 9.09090909090909 5822.89963925408
0.608 -3.94736842105263 5818.95227083303
0.616 2.27272727272727 5821.22499810575
0.635 2.67716535433071 5823.90216346009
0.631 7.13153724247227 5831.03370070256
0.653 12.4042879019908 5843.43798860455
0.657 12.6331811263318 5856.07116973088
0.65 20.3076923076923 5876.37886203857
0.66 5.15151515151515 5881.53037719009
0.657 7.76255707762557 5889.29293426771
0.606 0.66006600660066 5889.95300027431
0.615 5.69105691056911 5895.64405718488
0.62 3.87096774193548 5899.51502492682
0.585 -5.98290598290598 5893.53211894391
0.617 0.486223662884927 5894.0183426068
0.47 -3.40425531914894 5890.61408728765
0.62 0 5890.61408728765
0.63 7.3015873015873 5897.91567458924
0.624 9.93589743589744 5907.85157202513
0.615 7.96747967479675 5915.81905169993
0.625 5.6 5921.41905169993
0.631 12.5198098256735 5933.9388615256
0.615 10.5691056910569 5944.50796721666
0.657 7.45814307458143 5951.96611029124
0.565 2.30088495575221 5954.26699524699
0.511 4.10958904109589 5958.37658428809
0.486 1.64609053497942 5960.02267482307
0.505 13.6633663366337 5973.6860411597
0.656 5.18292682926829 5978.86896798897
0.668 14.3712574850299 5993.240225474
0.621 10.4669887278583 6003.70721420186
0.608 5.59210526315789 6009.29931946502
0.634 9.46372239747634 6018.76304186249
0.636 0.314465408805031 6019.0775072713
0.665 5.26315789473684 6024.34066516604
0.658 12.7659574468085 6037.10662261284
0.586 10.9215017064846 6048.02812431933
0.572 14.6853146853147 6062.71343900464
0.622 5.78778135048232 6068.50122035513
0.632 9.49367088607595 6077.9948912412
0.629 3.33863275039746 6081.3335239916
0.568 2.11267605633803 6083.44620004794
0.619 11.1470113085622 6094.5932113565
0.654 8.25688073394495 6102.85009209044
0.682 3.81231671554252 6106.66240880599
0.585 1.88034188034188 6108.54275068633
0.627 6.53907496012759 6115.08182564646
0.601 5.15806988352745 6120.23989552998
0.62 6.7741935483871 6127.01408907837
0.613 6.6884176182708 6133.70250669664
0.624 4.16666666666667 6137.86917336331
0.582 12.0274914089347 6149.89666477224
0.596 12.4161073825503 6162.31277215479
0.615 3.41463414634146 6165.72740630114
0.672 0 6165.72740630114
0.667 6.14692653673163 6171.87433283787
0.629 7.47217806041335 6179.34651089828
0.557 2.33393177737882 6181.68044267566
0.623 6.26003210272873 6187.94047477839
0.654 5.81039755351682 6193.7508723319
0.66 11.8181818181818 6205.56905415009
0.637 11.1459968602826 6216.71505101037
0.589 14.7707979626486 6231.48584897302
0.548 14.5985401459854 6246.084389119
0.657 7.15372907153729 6253.23811819054
0.668 0.898203592814371 6254.13632178336
0.636 1.57232704402516 6255.70864882738
0.654 7.03363914373089 6262.74228797111
0.666 3.9039039039039 6266.64619187501
0.6 -4.66666666666667 6261.97952520835
0.684 -6.14035087719298 6255.83917433115
0.611 -1.80032733224223 6254.03884699891
0.564 -1.06382978723404 6252.97501721168
0.633 6.16113744075829 6259.13615465244
0.618 5.17799352750809 6264.31414817994
0.582 -1.03092783505155 6263.28322034489
0.613 4.07830342577488 6267.36152377067
0.557 -4.48833034111311 6262.87319342956
0.557 13.1059245960503 6275.97911802561
0.638 0 6275.97911802561
0.642 5.9190031152648 6281.89812114087
0.63 -2.53968253968254 6279.35843860119
0.617 9.56239870340357 6288.92083730459
0.571 0.525394045534151 6289.44623135013
0.561 4.81283422459893 6294.25906557472
0.583 2.22984562607204 6296.4889112008
0.526 6.84410646387833 6303.33301766468
0.605 1.48760330578512 6304.82062097046
0.546 -4.3956043956044 6300.42501657486
0.528 3.78787878787879 6304.21289536273
0.55 1.09090909090909 6305.30380445364
0.527 2.84629981024668 6308.15010426389
0.622 -1.28617363344051 6306.86393063045
0.598 -3.34448160535117 6303.5194490251
0.625 -6.88 6296.6394490251
0.599 13.8564273789649 6310.49587640406
0.606 3.96039603960396 6314.45627244367
0.635 7.08661417322835 6321.5428866169
0.595 4.20168067226891 6325.74456728916
0.581 1.89328743545611 6327.63785472462
0.65 6.15384615384615 6333.79170087847
0.65 0 6333.79170087847
0.677 3.10192023633678 6336.8936211148
0.668 5.38922155688623 6342.28284267169
0.648 -0.617283950617284 6341.66555872107
0.602 3.32225913621262 6344.98781785729
0.544 -2.20588235294118 6342.78193550434
0.551 -3.44827586206897 6339.33365964228
0.591 7.61421319796954 6346.94787284024
0.688 -1.45348837209302 6345.49438446815
0.681 -5.43318649045521 6340.0611979777
0.643 5.13219284603421 6345.19339082373
0.633 -6.16113744075829 6339.03225338297
0.621 -2.41545893719807 6336.61679444577
0.653 2.90964777947933 6339.52644222525
0.69 -2.60869565217391 6336.91774657308
0.644 1.86335403726708 6338.78110061035
0.608 5.59210526315789 6344.3732058735
0.615 -5.36585365853659 6339.00735221497
0.642 -0.934579439252336 6338.07277277572
0.639 -3.28638497652582 6334.78638779919
0.611 -0.16366612111293 6334.62272167808
0.621 -0.161030595813205 6334.46169108226
0.626 8.94568690095847 6343.40737798322
0.612 9.15032679738562 6352.55770478061
0.591 5.24534686971235 6357.80305165032
0.621 5.95813204508857 6363.76118369541
0.606 9.24092409240924 6373.00210778782
0.64 1.5625 6374.56460778782
0.593 0.843170320404722 6375.40777810822
0.564 2.4822695035461 6377.89004761177
0.574 -0.348432055749129 6377.54161555602
0.52 -10 6367.54161555602
0.519 -2.50481695568401 6365.03679860034
0.457 0.656455142231947 6365.69325374257
0.596 -3.69127516778523 6362.00197857478
0.54 4.07407407407407 6366.07605264886
0.555 -0.900900900900901 6365.17515174796
0.608 -1.64473684210526 6363.53041490585
0.529 2.07939508506616 6365.60980999092
0.523 5.16252390057361 6370.77233389149
0.532 -7.5187969924812 6363.25353689901
0.529 -3.21361058601134 6360.039926313
0.48 -0.833333333333333 6359.20659297966
0.478 3.34728033472803 6362.55387331439
0.501 2.9940119760479 6365.54788529044
0.468 -5.55555555555556 6359.99232973488
0.493 -8.72210953346856 6351.27022020142
0.493 -0.202839756592292 6351.06738044482
0.514 -1.94552529182879 6349.12185515299
0.463 -6.69546436285097 6342.42639079014
0.462 -1.2987012987013 6341.12768949144
0.522 -9.19540229885057 6331.93228719259
0.492 2.4390243902439 6334.37131158284
0.48 1.25 6335.62131158284
0.551 0.181488203266788 6335.8027997861
0.554 -5.41516245487365 6330.38763733123
0.469 -11.727078891258 6318.66055843997
0.394 -7.10659898477157 6311.5539594552
0.571 9.28196147110333 6320.8359209263
0.618 2.58899676375405 6323.42491769006
0.635 0.47244094488189 6323.89735863494
0.613 0.163132137030995 6324.06049077197
0.615 -2.11382113821138 6321.94666963376
0.628 3.5031847133758 6325.44985434713
0.683 -0.732064421669107 6324.71778992546
0.635 -0.15748031496063 6324.5603096105
0.593 -0.505902192242833 6324.05440741826
0.639 4.85133020344288 6328.9057376217
0.678 1.17994100294985 6330.08567862465
0.621 -4.34782608695652 6325.7378525377
0.653 1.68453292496172 6327.42238546266
0.587 -8.34752981260647 6319.07485565005
0.604 -1.32450331125828 6317.75035233879
0.646 2.78637770897833 6320.53673004777
0.667 2.24887556221889 6322.78560560999
0.652 2.14723926380368 6324.9328448738
0.645 -6.66666666666667 6318.26617820713
0.681 -4.25844346549192 6314.00773474164
0.641 0.15600624024961 6314.16374098189
0.582 -3.78006872852234 6310.38367225336
0.541 -0.55452865064695 6309.82914360272
0.621 -13.365539452496 6296.46360415022
0.623 -15.2487961476726 6281.21480800255
0.608 -15.4605263157895 6265.75428168676
0.606 -6.6006600660066 6259.15362162075
0.562 -3.55871886120996 6255.59490275954
0.564 -2.12765957446809 6253.46724318507
0.591 -4.23011844331641 6249.23712474176
0.605 -3.47107438016529 6245.76605036159
0.578 -2.42214532871972 6243.34390503287
0.626 1.59744408945687 6244.94134912233
0.643 -6.68740279937792 6238.25394632295
0.608 2.96052631578947 6241.21447263874
0.626 4.15335463258786 6245.36782727133
0.648 7.40740740740741 6252.77523467874
0.646 -1.23839009287926 6251.53684458586
0.635 -0.47244094488189 6251.06440364098
0.628 -4.14012738853503 6246.92427625244
0.637 -0.156985871271586 6246.76729038117
0.612 4.57516339869281 6251.34245377986
0.599 8.51419031719533 6259.85664409706
0.622 5.46623794212219 6265.32288203918
0.593 -4.21585160202361 6261.10703043716
0.558 -4.6594982078853 6256.44753222927
0.499 0.200400801603206 6256.64793303087
0.491 -3.05498981670061 6253.59294321417
0.466 -10.7296137339056 6242.86332948027
0.483 3.1055900621118 6245.96891954238
0.564 -4.25531914893617 6241.71360039344
0.488 3.27868852459016 6244.99228891803
0.427 -3.04449648711944 6241.94779243091
0.463 -9.71922246220302 6232.22856996871
0.521 0.575815738963532 6232.80438570767
0.514 -2.72373540856031 6230.08065029911
0.528 5.68181818181818 6235.76246848093
0.549 -2.36794171220401 6233.39452676873
0.496 -17.741935483871 6215.65259128486
0.559 -2.68336314847943 6212.96922813638
0.631 -5.22979397781299 6207.73943415857
0.613 3.75203915171289 6211.49147331028
0.652 -2.45398773006135 6209.03748558022
0.554 -2.16606498194946 6206.87142059827
0.599 0.834724540901502 6207.70614513917
0.529 -2.83553875236295 6204.87060638681
0.634 12.9337539432177 6217.80436033002
0.646 9.59752321981424 6227.40188354984
0.641 -2.34009360374415 6225.06178994609
0.543 1.65745856353591 6226.71924850963
0.621 11.7552334943639 6238.47448200399
0.66 5.15151515151515 6243.62599715551
0.648 2.77777777777778 6246.40377493329
0.64 -5.9375 6240.46627493329
0.602 -5.3156146179402 6235.15066031535
0.642 2.80373831775701 6237.9543986331
0.585 -4.95726495726496 6232.99713367584
0.607 1.4827018121911 6234.47983548803
0.616 -7.46753246753247 6227.0123030205
0.605 1.15702479338843 6228.16932781389
0.667 -7.04647676161919 6221.12285105227
0.67 -5.67164179104478 6215.45120926122
0.634 0 6215.45120926122
0.621 -6.28019323671498 6209.17101602451
0.62 -2.58064516129032 6206.59037086322
0.632 2.21518987341772 6208.80556073663
0.622 0.321543408360129 6209.12710414499
0.604 -1.98675496688742 6207.14034917811
0.59 -0.338983050847458 6206.80136612726
0.612 -5.55555555555556 6201.2458105717
0.615 0.48780487804878 6201.73361544975
0.616 -4.87012987012987 6196.86348557962
0.591 -1.86125211505922 6195.00223346456
0.619 -1.45395799676898 6193.54827546779
0.601 -11.4808652246256 6182.06741024317
0.508 1.5748031496063 6183.64221339277
0.554 -2.52707581227437 6181.1151375805
0.56 -1.42857142857143 6179.68656615193
0.623 -0.481540930979133 6179.20502522095
0.635 0.15748031496063 6179.36250553591
0.613 -4.40456769983687 6174.95793783607
0.678 -3.24483775811209 6171.71310007796
0.649 -2.31124807395994 6169.401852004
0.671 3.725782414307 6173.12763441831
0.592 -4.39189189189189 6168.73574252642
0.652 3.98773006134969 6172.72347258777
0.663 -6.48567119155354 6166.23780139621
0.538 -3.71747211895911 6162.52032927725
0.614 -1.62866449511401 6160.89166478214
0.623 5.93900481540931 6166.83066959755
0.628 3.82165605095541 6170.6523256485
0.654 -0.305810397553517 6170.34651525095
0.602 -6.97674418604651 6163.3697710649
0.493 -2.23123732251521 6161.13853374239
0.582 5.84192439862543 6166.98045814101
0.621 2.73752012882448 6169.71797826984
0.629 -1.74880763116057 6167.96917063868
0.59 4.74576271186441 6172.71493335054
0.624 -6.08974358974359 6166.6251897608
0.625 -2.08 6164.5451897608
0.54 2.96296296296296 6167.50815272376
0.606 -7.26072607260726 6160.24742665115
0.626 -0.638977635782748 6159.60844901537
0.637 6.12244897959184 6165.73089799496
0.597 -11.2227805695142 6154.50811742545
0.651 -1.99692780337942 6152.51118962207
0.634 -1.89274447949527 6150.61844514258
0.684 -9.35672514619883 6141.26171999638
0.642 10.5919003115265 6151.8536203079
0.59 3.72881355932203 6155.58243386722
0.638 3.76175548589342 6159.34418935312
0.559 0.178890876565295 6159.52308022968
0.618 0.323624595469256 6159.84670482515
0.579 9.84455958549223 6169.69126441065
0.551 -5.98911070780399 6163.70215370284
0.644 2.79503105590062 6166.49718475874
0.614 4.56026058631922 6171.05744534506
0.617 3.07941653160454 6174.13686187667
0.61 -8.85245901639344 6165.28440286027
0.621 -4.34782608695652 6160.93657677332
0.608 1.64473684210526 6162.58131361542
0.654 4.58715596330275 6167.16846957872
0.669 1.04633781763827 6168.21480739636
0.655 1.98473282442748 6170.19954022079
0.635 -1.41732283464567 6168.78221738614
0.638 -5.32915360501567 6163.45306378113
0.613 5.38336052202284 6168.83642430315
0.606 -1.65016501650165 6167.18625928665
0.608 4.93421052631579 6172.12046981296
0.636 -2.83018867924528 6169.29028113372
0.589 3.56536502546689 6172.85564615919
0.562 2.13523131672598 6174.99087747591
0.647 8.80989180834621 6183.80076928426
0.621 7.56843800322061 6191.36920728748
0.615 5.04065040650407 6196.40985769398
0.608 3.61842105263158 6200.02827874661
0.665 3.15789473684211 6203.18617348346
0.652 -1.84049079754601 6201.34568268591
0.645 8.52713178294574 6209.87281446886
0.642 -0.311526479750779 6209.56128798911
0.645 5.42635658914729 6214.98764457825
0.641 -2.34009360374415 6212.64755097451
0.605 -2.47933884297521 6210.16821213153
0.633 3.63349131121643 6213.80170344275
0.625 -0.16 6213.64170344275
0.593 -3.20404721753794 6210.43765622521
0.616 1.94805194805195 6212.38570817326
0.594 -1.68350168350168 6210.70220648976
0.55 5.09090909090909 6215.79311558067
0.592 -5.06756756756757 6210.7255480131
0.542 -6.27306273062731 6204.45248528248
0.602 -1.99335548172757 6202.45912980075
0.612 4.57516339869281 6207.03429319944
0.58 -9.31034482758621 6197.72394837186
0.6 -1 6196.72394837186
0.627 2.39234449760766 6199.11629286946
0.608 -3.94736842105263 6195.16892444841
0.556 8.63309352517986 6203.80201797359
0.619 -2.74636510500808 6201.05565286858
0.619 -5.00807754442649 6196.04757532416
0.661 -4.99243570347958 6191.05513962068
0.576 -2.08333333333333 6188.97180628734
0.647 -7.26429675425039 6181.70750953309
0.445 -1.12359550561798 6180.58391402747
0.608 1.31578947368421 6181.89970350116
0.606 4.95049504950495 6186.85019855066
0.681 4.84581497797357 6191.69601352864
0.656 3.04878048780488 6194.74479401644
0.644 2.17391304347826 6196.91870705992
0.658 2.43161094224924 6199.35031800217
0.621 -1.44927536231884 6197.90104263985
0.633 4.58135860979463 6202.48240124965
0.635 0.15748031496063 6202.63988156461
0.616 0.649350649350649 6203.28923221396
0.606 -4.62046204620462 6198.66877016775
0.636 2.83018867924528 6201.498958847
0.62 -3.54838709677419 6197.95057175022
0.607 -2.14168039538715 6195.80889135484
0.625 3.68 6199.48889135484
0.661 1.66414523449319 6201.15303658933
0.628 3.82165605095541 6204.97469264028
0.69 4.34782608695652 6209.32251872724
0.634 3.47003154574133 6212.79255027298
0.492 0.40650406504065 6213.19905433802
0.549 -1.27504553734062 6211.92400880068
0.681 3.08370044052863 6215.00770924121
0.695 4.1726618705036 6219.18037111172
0.592 0.675675675675676 6219.85604678739
0.64 -7.5 6212.35604678739
0.656 -8.53658536585366 6203.81946142154
0.562 -4.27046263345196 6199.54899878808
0.498 -12.4497991967871 6187.0991995913
0.624 1.6025641025641 6188.70176369386
0.627 1.11642743221691 6189.81819112608
0.612 2.61437908496732 6192.43257021105
0.623 -0.802568218298555 6191.63000199275
0.562 2.13523131672598 6193.76523330947
0.634 0.946372239747634 6194.71160554922
0.633 0.789889415481833 6195.5014949647
0.649 -0.462249614791988 6195.03924534991
0.674 10.6824925816024 6205.72173793151
0.665 6.16541353383459 6211.88715146535
0.654 -1.52905198776758 6210.35809947758
0.646 -0.619195046439629 6209.73890443114
0.619 -0.161550888529887 6209.57735354261
0.631 2.37717908082409 6211.95453262343
0.645 -4.49612403100775 6207.45840859243
0.529 -3.21361058601134 6204.24479800642
0.574 9.05923344947735 6213.30403145589
0.671 2.53353204172876 6215.83756349762
0.541 6.46950092421442 6222.30706442184
0.483 1.44927536231884 6223.75633978415
0.612 -4.57516339869281 6219.18117638546
0.653 -2.29709035222052 6216.88408603324
0.629 -1.4308426073132 6215.45324342593
0.614 -4.23452768729642 6211.21871573863
0.661 7.41301059001513 6218.63172632865
0.621 2.73752012882448 6221.36924645747
0.644 0 6221.36924645747
0.611 0.16366612111293 6221.53291257858
0.522 -7.27969348659004 6214.25321909199
0.609 -2.13464696223317 6212.11857212976
0.57 -27.0175438596491 6185.10102827011
0.595 -4.20168067226891 6180.89934759784
0.485 9.27835051546392 6190.17769811331
0.555 4.14414414414414 6194.32184225745
0.542 1.8450184501845 6196.16686070764
0.549 6.3752276867031 6202.54208839434
0.526 4.18250950570342 6206.72459790004
0.528 2.65151515151515 6209.37611305156
0.522 8.42911877394636 6217.8052318255
0.536 -1.86567164179104 6215.93956018371
0.524 1.14503816793893 6217.08459835165
0.506 -5.92885375494071 6211.15574459671
0.443 -2.03160270880361 6209.12414188791
0.474 4.21940928270042 6213.34355117061
0.506 0.395256916996047 6213.7388080876
0.521 -4.79846449136276 6208.94034359624
0.486 -4.11522633744856 6204.82511725879
0.513 -0.194931773879142 6204.63018548491
0.502 6.37450199203187 6211.00468747695
0.46 7.82608695652174 6218.83077443347
0.519 -5.20231213872832 6213.62846229474
0.491 -1.0183299389002 6212.61013235584
0.542 -2.5830258302583 6210.02710652558
0.557 1.61579892280072 6211.64290544838
0.542 0 6211.64290544838
0.482 0 6211.64290544838
0.478 -2.09205020920502 6209.55085523918
0.472 4.23728813559322 6213.78814337477
0.438 -7.76255707762557 6206.02558629714
0.398 1.00502512562814 6207.03061142277
0.407 6.14250614250614 6213.17311756528
0.427 -0.234192037470726 6212.93892552781
0.492 0.813008130081301 6213.75193365789
0.506 1.58102766798419 6215.33296132587
0.547 -3.83912248628885 6211.49383883958
0.457 -1.96936542669584 6209.52447341289
0.507 4.93096646942801 6214.45543988232
0.508 5.51181102362205 6219.96725090594
0.522 0.383141762452107 6220.35039266839
0.446 5.82959641255605 6226.17998908095
0.484 -4.13223140495868 6222.04775767599
0.522 -1.53256704980843 6220.51519062618
0.417 5.99520383693046 6226.51039446311
0.396 2.52525252525253 6229.03564698836
0.523 2.48565965583174 6231.52130664419
0.55 1.45454545454545 6232.97585209874
0.489 -1.84049079754601 6231.13536130119
0.486 -3.7037037037037 6227.43165759749
0.507 -11.2426035502959 6216.18905404719
0.644 -0.31055900621118 6215.87849504098
0.614 -1.30293159609121 6214.57556344489
0.629 -5.88235294117647 6208.69321050371
0.572 -2.0979020979021 6206.59530840581
0.567 4.05643738977072 6210.65174579558
0.549 2.73224043715847 6213.38398623274
0.574 4.18118466898955 6217.56517090173
0.532 -7.14285714285714 6210.42231375888
0.591 -5.24534686971235 6205.17696688916
0.552 0.36231884057971 6205.53928572974
0.622 6.7524115755627 6212.29169730531
0.593 -0.505902192242833 6211.78579511306
0.615 6.66666666666667 6218.45246177973
0.634 1.89274447949527 6220.34520625922
0.589 -6.28183361629881 6214.06337264293
0.627 1.75438596491228 6215.81775860784
0.611 1.47299509001637 6217.29075369785
0.642 9.34579439252336 6226.63654809038
0.63 1.58730158730159 6228.22384967768
0.631 -0.158478605388273 6228.06537107229
0.612 -0.980392156862745 6227.08497891543
0.589 3.2258064516129 6230.31078536704
0.673 7.87518573551263 6238.18597110255
0.624 -3.52564102564103 6234.66033007691
0.646 0.619195046439629 6235.27952512335
0.61 1.31147540983607 6236.59100053319
0.594 8.08080808080808 6244.671808614
0.552 9.78260869565217 6254.45441730965
0.641 4.52418096723869 6258.97859827689
0.608 4.27631578947368 6263.25491406636
0.627 0.478468899521531 6263.73338296588
0.611 -2.7823240589198 6260.95105890696
0.616 0.324675324675325 6261.27573423164
0.597 -3.51758793969849 6257.75814629194
0.613 2.44698205546493 6260.2051283474
0.635 2.67716535433071 6262.88229370173
0.575 -5.39130434782609 6257.49098935391
0.578 -1.3840830449827 6256.10690630893
0.616 4.54545454545455 6260.65236085438
0.598 1.33779264214047 6261.99015349652
0.648 0.925925925925926 6262.91607942245
0.614 2.28013029315961 6265.19620971561
0.616 12.012987012987 6277.20919672859
0.612 9.80392156862745 6287.01311829722
0.584 8.21917808219178 6295.23229637941
0.613 9.62479608482871 6304.85709246424
0.636 3.14465408805031 6308.00174655229
0.609 1.47783251231527 6309.47957906461
0.627 -5.26315789473684 6304.21642116987
0.613 -3.4257748776509 6300.79064629222
0.597 0.50251256281407 6301.29315885503
0.652 0.920245398773006 6302.21340425381
0.575 2.60869565217391 6304.82209990598
0.571 1.57618213660245 6306.39828204258
0.567 -8.994708994709 6297.40357304787
0.588 4.08163265306122 6301.48520570093
0.59 2.03389830508475 6303.51910400602
0.6 5 6308.51910400602
0.607 -3.13014827018122 6305.38895573584
0.634 4.10094637223975 6309.48990210808
0.593 1.85497470489039 6311.34487681297
0.613 3.09951060358891 6314.44438741656
0.634 2.20820189274448 6316.6525893093
0.623 5.29695024077047 6321.94953955007
0.653 5.97243491577335 6327.92197446585
0.623 -9.79133226324238 6318.1306422026
0.622 0.321543408360129 6318.45218561096
0.673 4.01188707280832 6322.46407268377
0.61 0.327868852459016 6322.79194153623
0.618 6.47249190938511 6329.26443344562
0.644 -1.86335403726708 6327.40107940835
0.621 -2.73752012882448 6324.66355927952
0.635 2.67716535433071 6327.34072463385
0.616 6.16883116883117 6333.50955580269
0.45 9.77777777777778 6343.28733358046
0.448 8.92857142857143 6352.21590500904
0.504 -2.77777777777778 6349.43812723126
0.614 -1.95439739413681 6347.48372983712
0.636 -9.74842767295597 6337.73530216416
0.615 -4.39024390243902 6333.34505826173
0.632 -4.43037974683544 6328.91467851489
0.631 -14.1045958795563 6314.81008263533
0.669 -0.149476831091181 6314.66060580424
0.608 -2.30263157894737 6312.3579742253
0.612 1.30718954248366 6313.66516376778
0.59 2.71186440677966 6316.37702817456
0.639 2.03442879499218 6318.41145696955
0.603 -2.81923714759536 6315.59221982196
0.624 -3.20512820512821 6312.38709161683
0.663 -10.4072398190045 6301.97985179782
0.644 3.1055900621118 6305.08544185993
0.662 0.604229607250755 6305.68967146719
0.671 3.725782414307 6309.41545388149
0.652 -1.53374233128834 6307.8817115502
0.597 -0.50251256281407 6307.37919898739
0.586 -7.84982935153584 6299.52936963585
0.631 -2.37717908082409 6297.15219055503
0.605 8.4297520661157 6305.58194262115
0.624 6.73076923076923 6312.31271185192
0.631 2.37717908082409 6314.68989093274
0.619 -1.13085621970921 6313.55903471303
0.613 -0.163132137030995 6313.395902576
0.555 -4.86486486486486 6308.53103771113
0.581 7.74526678141136 6316.27630449255
0.605 4.13223140495868 6320.4085358975
0.643 3.57698289269051 6323.98551879019
0.605 1.48760330578512 6325.47312209598
0.574 -4.18118466898955 6321.29193742699
0.609 -1.14942528735632 6320.14251213963
0.625 -1.76 6318.38251213963
0.636 -1.57232704402516 6316.81018509561
0.636 0 6316.81018509561
0.634 -1.26182965299685 6315.54835544261
0.633 3.3175355450237 6318.86589098764
0.608 0.657894736842105 6319.52378572448
0.677 -2.80649926144756 6316.71728646303
0.662 4.53172205438066 6321.24900851741
0.626 -6.0702875399361 6315.17872097747
0.637 1.41287284144427 6316.59159381892
0.609 -9.688013136289 6306.90358068263
0.607 -0.823723228995058 6306.07985745363
0.59 -6.44067796610169 6299.63917948753
0.633 -6.79304897314376 6292.84613051439
0.625 1.12 6293.96613051439
0.584 4.10958904109589 6298.07571955549
0.613 -7.34094616639478 6290.73477338909
0.626 0.958466453674121 6291.69323984277
0.622 4.5016077170418 6296.19484755981
0.594 4.04040404040404 6300.23525160021
0.606 6.6006600660066 6306.83591166622
0.626 4.47284345047923 6311.3087551167
0.65 -2.15384615384615 6309.15490896285
0.631 6.49762282091918 6315.65253178377
0.594 4.71380471380471 6320.36633649757
0.646 3.40557275541796 6323.77190925299
0.652 7.05521472392638 6330.82712397692
0.644 1.86335403726708 6332.69047801419
0.605 4.79338842975207 6337.48386644394
0.616 2.5974025974026 6340.08126904134
0.618 -2.9126213592233 6337.16864768212
0.581 2.23752151462995 6339.40616919675
0.643 -3.88802488335925 6335.51814431339
0.483 11.3871635610766 6346.90530787446
0.596 4.02684563758389 6350.93215351205
0.565 -2.30088495575221 6348.6312685563
0.556 2.15827338129496 6350.78954193759
0.619 0.484652665589661 6351.27419460318
0.6 -1.33333333333333 6349.94086126985
0.631 2.37717908082409 6352.31804035067
0.628 -1.59235668789809 6350.72568366277
0.632 3.16455696202532 6353.8902406248
0.619 -2.10016155088853 6351.79007907391
0.601 -6.4891846921797 6345.30089438173
0.631 3.32805071315372 6348.62894509488
0.669 10.0149476831091 6358.64389277799
0.642 6.23052959501558 6364.87442237301
0.641 3.58814352574103 6368.46256589875
0.641 -3.27613104524181 6365.18643485351
0.636 3.45911949685535 6368.64555435036
0.627 2.39234449760766 6371.03789884797
0.621 2.73752012882448 6373.7754189768
0.615 -4.0650406504065 6369.71037832639
0.603 0.497512437810945 6370.2078907642
0.559 8.76565295169946 6378.9735437159
0.633 6.16113744075829 6385.13468115666
0.59 2.03389830508475 6387.16857946174
0.623 -1.4446227929374 6385.7239566688
0.617 -0.162074554294976 6385.56188211451
0.622 -3.21543408360129 6382.34644803091
0.631 0.158478605388273 6382.5049266363
0.578 -0.346020761245675 6382.15890587505
0.588 -3.40136054421769 6378.75754533083
0.613 8.31973898858075 6387.07728431941
0.572 9.09090909090909 6396.16819341032
0.64 0 6396.16819341032
0.64 -5.9375 6390.23069341032
0.569 -5.4481546572935 6384.78253875303
0.615 -4.0650406504065 6380.71749810262
0.602 -4.98338870431894 6375.73410939831
0.572 1.3986013986014 6377.13271079691
0.616 1.62337662337662 6378.75608742028
0.56 5 6383.75608742028
0.577 -3.98613518197574 6379.76995223831
0.594 4.71380471380471 6384.48375695211
0.607 4.44810543657331 6388.93186238868
0.6 1.66666666666667 6390.59852905535
0.645 6.66666666666667 6397.26519572202
0.596 2.3489932885906 6399.61418901061
0.61 -2.29508196721311 6397.3191070434
0.628 5.09554140127389 6402.41464844467
0.612 5.88235294117647 6408.29700138585
0.608 1.97368421052632 6410.27068559637
0.579 -3.97236614853195 6406.29831944784
0.529 -4.72589792060491 6401.57242152724
0.505 2.97029702970297 6404.54271855694
0.585 -2.56410256410256 6401.97861599284
0.647 -0.772797527047913 6401.20581846579
0.561 -9.09090909090909 6392.11490937488
0.62 1.29032258064516 6393.40523195552
0.563 -5.15097690941385 6388.25425504611
0.588 -1.70068027210884 6386.553574774
0.608 -1.64473684210526 6384.9088379319
0.63 3.49206349206349 6388.40090142396
0.626 -8.62619808306709 6379.77470334089
0.559 -22.3613595706619 6357.41334377023
0.561 -16.9340463458111 6340.47929742442
0.511 -20.9393346379648 6319.53996278645
0.533 -14.4465290806754 6305.09343370578
0.555 -13.8738738738739 6291.21955983191
0.595 -3.52941176470588 6287.6901480672
0.61 4.91803278688525 6292.60818085408
0.56 0 6292.60818085408
0.522 -3.44827586206897 6289.15990499202
0.635 1.41732283464567 6290.57722782666
0.612 3.26797385620915 6293.84520168287
0.603 -0.497512437810945 6293.34768924506
0.608 3.94736842105263 6297.29505766611
0.61 -1.63934426229508 6295.65571340382
0.598 2.67558528428094 6298.3312986881
0.617 -7.94165316045381 6290.38964552764
0.619 7.26978998384491 6297.65943551149
0.638 3.13479623824451 6300.79423174973
0.603 -5.80431177446103 6294.98991997527
0.57 -9.47368421052632 6285.51623576475
0.59 7.11864406779661 6292.63487983254
0.621 5.31400966183575 6297.94888949438
0.607 -0.164744645799012 6297.78414484858
0.628 2.54777070063694 6300.33191554922
0.604 3.64238410596026 6303.97429965518
0.558 2.1505376344086 6306.12483728959
0.574 5.57491289198606 6311.69975018157
0.604 0.33112582781457 6312.03087600939
0.648 2.77777777777778 6314.80865378716
0.651 -9.37019969278034 6305.43845409438
0.626 -3.51437699680511 6301.92407709758
0.597 -0.837520938023451 6301.08655615956
0.573 -2.61780104712042 6298.46875511244
0.63 -0.634920634920635 6297.83383447751
0.594 0 6297.83383447751
0.618 0.970873786407767 6298.80470826392
0.599 -4.50751252086811 6294.29719574305
0.573 0.523560209424084 6294.82075595248
0.63 1.26984126984127 6296.09059722232
0.577 2.94627383015598 6299.03687105248
0.593 0.505902192242833 6299.54277324472
0.645 -0.775193798449612 6298.76757944627
0.634 2.8391167192429 6301.60669616551
0.63 6.34920634920635 6307.95590251472
0.629 5.56438791732909 6313.52029043205
0.659 5.00758725341426 6318.52787768546
0.629 -4.92845786963434 6313.59941981583
0.63 -3.80952380952381 6309.7898960063
0.606 3.96039603960396 6313.75029204591
0.58 2.41379310344828 6316.16408514935
0.595 -0.840336134453782 6315.3237490149
0.64 0 6315.3237490149
0.679 2.50368188512518 6317.82743090003
0.645 -1.70542635658915 6316.12200454344
0.638 3.76175548589342 6319.88376002933
0.651 -1.38248847926267 6318.50127155007
0.644 5.90062111801242 6324.40189266808
0.648 -0.617283950617284 6323.78460871746
0.616 1.62337662337662 6325.40798534084
0.648 -3.7037037037037 6321.70428163714
0.63 -5.07936507936508 6316.62491655777
0.624 2.56410256410256 6319.18901912187
0.613 -5.38336052202284 6313.80565859985
0.667 -0.749625187406297 6313.05603341244
0.58 3.79310344827586 6316.84913686072
0.622 6.10932475884244 6322.95846161956
0.595 -6.5546218487395 6316.40383977082
0.627 -0.797448165869219 6315.60639160495
0.582 4.46735395189003 6320.07374555684
0.628 -0.318471337579618 6319.75527421926
0.587 5.28109028960818 6325.03636450887
0.574 -5.22648083623693 6319.80988367264
0.587 8.00681431005111 6327.81669798269
0.611 -0.490998363338789 6327.32569961935
0.62 -1.93548387096774 6325.39021574838
0.594 3.03030303030303 6328.42051877868
0.63 7.3015873015873 6335.72210608027
0.612 -2.94117647058824 6332.78092960968
0.6 -8.33333333333333 6324.44759627635
0.629 1.4308426073132 6325.87843888366
0.605 -2.14876033057851 6323.72967855308
0.645 -1.70542635658915 6322.02425219649
0.61 -2.62295081967213 6319.40130137682
0.513 -0.974658869395711 6318.42664250743
0.629 5.88235294117647 6324.3089954486
0.611 2.45499181669394 6326.7639872653
0.608 -7.56578947368421 6319.19819779161
0.652 -9.20245398773006 6309.99574380388
0.635 -0.47244094488189 6309.523302859
0.645 2.32558139534884 6311.84888425435
0.608 1.97368421052632 6313.82256846488
0.585 -3.24786324786325 6310.57470521701
0.64 -9.0625 6301.51220521701
0.416 0 6301.51220521701
0.621 4.34782608695652 6305.86003130397
0.622 0.643086816720257 6306.50311812069
0.426 -4.69483568075117 6301.80828243994
0.501 3.79241516966068 6305.6006976096
0.666 -0.3003003003003 6305.3003973093
0.586 -9.89761092150171 6295.4027863878
0.662 6.04229607250755 6301.4450824603
0.597 -3.18257956448911 6298.26250289582
0.64 -5.3125 6292.95000289582
0.6 6.66666666666667 6299.61666956248
0.597 4.52261306532663 6304.13928262781
0.587 0.511073253833049 6304.65035588164
0.643 2.95489891135303 6307.60525479299
0.648 0.617283950617284 6308.22253874361
0.666 3.9039039039039 6312.12644264752
0.625 -2.4 6309.72644264752
0.633 0.789889415481833 6310.516332063
0.619 -5.00807754442649 6305.50825451857
0.634 -1.89274447949527 6303.61551003908
0.633 1.4218009478673 6305.03731098694
0.643 2.95489891135303 6307.9922098983
0.612 -3.26797385620915 6304.72423604209
0.62 2.90322580645161 6307.62746184854
0.623 -7.223113964687 6300.40434788385
0.612 -1.96078431372549 6298.44356357013
0.593 3.54131534569983 6301.98487891583
0.619 -1.45395799676898 6300.53092091906
0.609 -11.6584564860427 6288.87246443302
0.554 2.16606498194946 6291.03852941496
0.584 0 6291.03852941496
0.64 -6.5625 6284.47602941496
0.624 -3.52564102564103 6280.95038838932
0.478 0.418410041841004 6281.36879843116
0.559 0.894454382826476 6282.26325281399
0.62 0 6282.26325281399
0.617 -0.810372771474878 6281.45288004252
0.597 0.16750418760469 6281.62038423012
0.621 1.44927536231884 6283.06965959244
0.612 -1.30718954248366 6281.76247004996
0.639 3.28638497652582 6285.04885502648
0.587 -4.94037478705281 6280.10848023943
0.611 -2.12765957446809 6277.98082066496
0.612 -6.20915032679739 6271.77167033816
0.631 -2.06022187004754 6269.71144846812
0.587 -1.53321976149915 6268.17822870662
0.63 4.76190476190476 6272.94013346852
0.632 -0.316455696202532 6272.62367777232
0.617 5.3484602917342 6277.97213806405
0.646 -7.43034055727554 6270.54179750678
0.624 0 6270.54179750678
0.498 1.20481927710843 6271.74661678389
0.657 4.71841704718417 6276.46503383107
0.621 0.483091787439614 6276.94812561851
0.643 0.46656298600311 6277.41468860451
0.625 -2.4 6275.01468860451
0.62 -3.54838709677419 6271.46630150774
0.6 -1.33333333333333 6270.13296817441
0.621 2.09339774557166 6272.22636591998
0.538 5.57620817843866 6277.80257409842
0.617 4.37601296596434 6282.17858706438
0.603 1.49253731343284 6283.67112437781
0.605 1.15702479338843 6284.8281491712
0.65 5.23076923076923 6290.05891840197
0.622 -8.03858520900322 6282.02033319297
0.61 -2.62295081967213 6279.39738237329
0.614 0.651465798045603 6280.04884817134
0.596 -2.3489932885906 6277.69985488275
0.622 -0.964630225080386 6276.73522465767
0.648 4.62962962962963 6281.3648542873
0.633 -0.157977883096367 6281.2068764042
0.518 -0.772200772200772 6280.434675632
0.521 0.959692898272553 6281.39436853027
0.547 -8.59232175502742 6272.80204677525
0.577 -8.49220103986135 6264.30984573539
0.604 -7.94701986754967 6256.36282586784
0.597 0.837520938023451 6257.20034680586
0.594 3.03030303030303 6260.23064983616
0.541 -1.66358595194085 6258.56706388422
0.569 -2.98769771528998 6255.57936616893
0.569 -5.4481546572935 6250.13121151164
0.553 -1.98915009041591 6248.14206142122
0.578 -2.7681660899654 6245.37389533126
0.554 3.24909747292419 6248.62299280418
0.542 2.5830258302583 6251.20601863444
0.555 1.98198198198198 6253.18800061642
0.581 -1.54905335628227 6251.63894726014
0.59 -1.01694915254237 6250.6219981076
0.564 1.41843971631206 6252.04043782391
0.569 -2.63620386643234 6249.40423395748
0.587 2.21465076660988 6251.61888472409
0.55 -0.363636363636364 6251.25524836045
0.588 -0.340136054421769 6250.91511230603
0.597 1.84254606365159 6252.75765836968
0.594 -7.40740740740741 6245.35025096227
0.588 -7.82312925170068 6237.52712171057
0.576 -3.125 6234.40212171057
0.567 -1.94003527336861 6232.4620864372
0.576 2.77777777777778 6235.23986421498
0.582 -2.74914089347079 6232.49072332151
0.57 -2.80701754385965 6229.68370577765
0.491 -2.24032586558045 6227.44337991207
0.454 1.76211453744493 6229.20549444951
0.616 2.5974025974026 6231.80289704692
0.659 -2.27617602427921 6229.52672102264
0.617 -4.70016207455429 6224.82655894808
0.666 -1.2012012012012 6223.62535774688
0.596 3.69127516778523 6227.31663291467
0.614 3.58306188925081 6230.89969480392
0.633 4.2654028436019 6235.16509764752
0.637 4.23861852433281 6239.40371617185
0.62 1.61290322580645 6241.01661939766
0.592 15.2027027027027 6256.21932210036
0.6 1 6257.21932210036
0.597 -0.50251256281407 6256.71680953755
0.61 -9.83606557377049 6246.88074396378
0.611 -0.490998363338789 6246.38974560044
0.646 -0.309597523219814 6246.08014807722
0.683 0.146412884333821 6246.22656096155
0.627 4.62519936204147 6250.8517603236
0.649 0.462249614791988 6251.31400993839
0.636 0.314465408805031 6251.62847534719
0.639 -3.91236306729264 6247.7161122799
0.657 -1.06544901065449 6246.65066326925
0.616 2.5974025974026 6249.24806586665
0.621 -3.05958132045089 6246.1884845462
0.64 -6.25 6239.9384845462
0.646 -5.57275541795666 6234.36572912824
0.565 1.94690265486726 6236.31263178311
0.627 8.13397129186603 6244.44660307497
0.621 4.66988727858293 6249.11649035356
0.651 1.99692780337942 6251.11341815694
0.631 5.54675118858954 6256.66016934552
0.619 0.484652665589661 6257.14482201112
0.602 0.664451827242525 6257.80927383836
0.588 0.680272108843537 6258.4895459472
0.566 1.06007067137809 6259.54961661858
0.588 3.40136054421769 6262.9509771628
0.569 9.31458699472759 6272.26556415752
0.63 -0.952380952380952 6271.31318320514
0.584 -3.42465753424658 6267.8885256709
0.626 3.83386581469649 6271.72239148559
0.609 1.80623973727422 6273.52863122287
0.597 1.17252931323283 6274.7011605361
0.481 1.45530145530146 6276.1564619914
0.474 -4.64135021097046 6271.51511178043
0.55 2.90909090909091 6274.42420268952
0.617 -8.58995137763371 6265.83425131189
0.617 2.75526742301459 6268.5895187349
0.582 -2.74914089347079 6265.84037784143
0.593 3.20404721753794 6269.04442505897
0.643 5.44323483670296 6274.48765989567
0.637 -3.2967032967033 6271.19095659897
0.611 -6.0556464811784 6265.13531011779
0.596 0 6265.13531011779
0.64 0.9375 6266.07281011779
0.619 -3.7156704361874 6262.3571396816
0.607 -5.43657331136738 6256.92056637024
0.619 -3.39256865912763 6253.52799771111
0.633 -3.94944707740916 6249.5785506337
0.6 -10 6239.5785506337
0.624 -2.56410256410256 6237.0144480696
0.592 -2.36486486486486 6234.64958320473
0.594 -0.673400673400673 6233.97618253133
0.588 1.02040816326531 6234.9965906946
0.607 -7.41350906095552 6227.58308163364
0.652 1.22699386503067 6228.81007549867
0.621 4.02576489533011 6232.835840394
0.633 -0.157977883096367 6232.67786251091
0.642 3.11526479750779 6235.79312730841
0.594 -10.1010101010101 6225.6921172074
0.616 -3.8961038961039 6221.7960133113
0.616 2.27272727272727 6224.06874058403
0.632 -2.53164556962025 6221.53709501441
0.611 4.4189852700491 6225.95608028446
0.596 0 6225.95608028446
0.579 -4.31778929188256 6221.63829099257
0.601 -3.49417637271215 6218.14411461986
0.579 2.59067357512953 6220.73478819499
0.635 -9.60629921259843 6211.12848898239
0.613 -2.12071778140294 6209.00777120099
0.605 -20.3305785123967 6188.67719268859
0.641 -14.8205928237129 6173.85659986488
0.574 -15.3310104529617 6158.52558941192
0.642 -16.1993769470405 6142.32621246488
0.534 0 6142.32621246488
0.627 -19.9362041467305 6122.39000831815
0.532 -1.50375939849624 6120.88624891965
0.585 -3.93162393162393 6116.95462498803
0.6 -3.66666666666667 6113.28795832136
0.589 -7.30050933786078 6105.9874489835
0.599 -6.84474123539232 6099.14270774811
0.579 -5.69948186528497 6093.44322588282
0.638 2.82131661442006 6096.26454249724
0.655 4.73282442748092 6100.99736692472
0.639 3.28638497652582 6104.28375190125
0.643 6.37636080870918 6110.66011270996
0.65 4 6114.66011270996
0.64 6.25 6120.91011270996
0.647 2.93663060278207 6123.84674331274
0.648 2.46913580246914 6126.31587911521
0.637 4.86656200941915 6131.18244112463
0.596 -6.3758389261745 6124.80660219845
0.631 2.37717908082409 6127.18378127928
0.602 -7.64119601328904 6119.54258526599
0.627 0.159489633173844 6119.70207489916
0.649 3.54391371340524 6123.24598861257
0.602 -0.664451827242525 6122.58153678533
0.622 2.89389067524116 6125.47542746057
0.597 -4.18760469011725 6121.28782277045
0.648 4.93827160493827 6126.22609437539
0.67 -6.86567164179105 6119.3604227336
0.62 1.61290322580645 6120.9733259594
0.634 7.25552050473186 6128.22884646414
0.607 -0.164744645799012 6128.06410181834
0.626 -0.958466453674121 6127.10563536466
0.633 8.37282780410743 6135.47846316877
0.671 8.19672131147541 6143.67518448024
0.607 2.47116968698517 6146.14635416723
0.566 6.00706713780919 6152.15342130504
0.625 -4.96 6147.19342130504
0.619 0.807754442649435 6148.00117574769
0.665 0.75187969924812 6148.75305544694
0.633 0.4739336492891 6149.22698909623
0.576 -9.375 6139.85198909623
0.619 -0.484652665589661 6139.36733643064
0.602 -7.30897009966777 6132.05836633097
0.607 3.45963756177924 6135.51800389275
0.605 -2.8099173553719 6132.70808653738
0.61 -4.26229508196721 6128.44579145541
0.599 -1.83639398998331 6126.60939746542
0.598 -5.68561872909699 6120.92377873633
0.624 -0.641025641025641 6120.2827530953
0.598 -5.68561872909699 6114.59713436621
0.604 1.32450331125828 6115.92163767746
0.642 0 6115.92163767746
0.618 -2.9126213592233 6113.00901631824
0.644 -0.62111801242236 6112.38789830582
0.594 2.35690235690236 6114.74480066272
0.607 -6.75453047775947 6107.99027018496
0.566 -0.353356890459364 6107.6369132945
0.598 -2.67558528428094 6104.96132801022
0.512 -7.03125 6097.93007801022
0.527 0.569259962049336 6098.49933797227
0.497 6.2374245472837 6104.73676251955
0.539 5.38033395176252 6110.11709647132
0.514 3.89105058365759 6114.00814705497
0.531 8.09792843691149 6122.10607549189
0.517 7.15667311411992 6129.26274860601
0.548 6.2043795620438 6135.46712816805
0.506 0.790513833992095 6136.25764200204
0.536 2.23880597014925 6138.49644797219
0.479 -4.38413361169102 6134.1123143605
0.54 -7.77777777777778 6126.33453658272
0.58 8.62068965517241 6134.95522623789
0.587 1.19250425894378 6136.14773049684
0.569 -1.23022847100176 6134.91750202584
0.619 -14.0549273021002 6120.86257472374
0.565 -1.5929203539823 6119.26965436975
0.605 -4.79338842975207 6114.47626594
0.615 -6.01626016260163 6108.4600057774
0.632 -1.89873417721519 6106.56127160019
0.638 -0.626959247648903 6105.93431235254
0.635 -6.45669291338583 6099.47761943915
0.634 -7.25552050473186 6092.22209893442
0.635 -0.15748031496063 6092.06461861946
0.649 -0.462249614791988 6091.60236900467
0.668 -0.898203592814371 6090.70416541185
0.603 -4.47761194029851 6086.22655347155
0.594 3.03030303030303 6089.25685650186
0.633 -2.68562401263823 6086.57123248922
0.641 -3.58814352574103 6082.98308896348
0.596 5.70469798657718 6088.68778695005
0.642 -3.11526479750779 6085.57252215255
0.639 0.156494522691706 6085.72901667524
0.569 1.5817223198594 6087.3107389951
0.627 0.797448165869219 6088.10818716097
0.601 -0.831946755407654 6087.27624040556
0.587 -4.59965928449744 6082.67658112106
0.538 -4.46096654275093 6078.21561457831
0.576 -3.81944444444444 6074.39617013387
0.586 -8.19112627986348 6066.205043854
0.596 -8.38926174496644 6057.81578210904
0.532 -10.9022556390977 6046.91352646994
0.589 -2.20713073005093 6044.70639573989
0.604 -8.94039735099338 6035.76599838889
0.686 0 6035.76599838889
0.669 -4.63378176382661 6031.13221662507
0.597 -2.51256281407035 6028.619653811
0.627 -5.58213716108453 6023.03751664991
0.676 -10.9467455621302 6012.09077108778
0.699 -3.86266094420601 6008.22811014358
0.646 -8.04953560371517 6000.17857453986
0.625 3.68 6003.85857453986
0.511 -2.93542074363992 6000.92315379622
0.587 -3.23679727427598 5997.68635652194
0.585 -6.66666666666667 5991.01968985528
0.584 -4.45205479452055 5986.56763506076
0.621 -2.09339774557166 5984.47423731519
0.586 -3.7542662116041 5980.71997110358
0.65 -1.84615384615385 5978.87381725743
0.598 -10.3678929765886 5968.50592428084
0.629 -4.61049284578696 5963.89543143505
0.602 -2.99003322259136 5960.90539821246
0.604 1.65562913907285 5962.56102735153
0.552 -7.2463768115942 5955.31465053994
0.556 -7.55395683453237 5947.76069370541
0.577 -5.02599653379549 5942.73469717161
0.628 2.22929936305732 5944.96399653467
0.548 1.09489051094891 5946.05888704562
0.589 1.86757215619694 5947.92645920182
0.605 10.7438016528926 5958.67026085471
0.6 -6.66666666666667 5952.00359418804
0.597 2.51256281407035 5954.51615700211
0.598 1.00334448160535 5955.51950148372
0.591 5.92216582064298 5961.44166730436
0.638 6.89655172413793 5968.3382190285
0.638 0 5968.3382190285
0.437 3.4324942791762 5971.77071330767
0.594 7.40740740740741 5979.17812071508
0.602 -0.664451827242525 5978.51366888784
0.566 3.886925795053 5982.40059468289
0.541 -5.73012939001848 5976.67046529287
0.51 -7.45098039215686 5969.21948490072
0.563 -3.37477797513321 5965.84470692558
0.622 -5.46623794212219 5960.37846898346
0.641 -3.90015600624025 5956.47831297722
0.575 -5.04347826086957 5951.43483471635
0.586 -2.38907849829352 5949.04575621806
0.633 -4.58135860979463 5944.46439760826
0.611 -4.74631751227496 5939.71808009599
0.473 1.05708245243129 5940.77516254842
0.595 -7.22689075630252 5933.54827179212
0.572 15.034965034965 5948.58323682708
0.578 -6.22837370242215 5942.35486312466
0.606 -0.66006600660066 5941.69479711806
0.586 -1.02389078498294 5940.67090633308
0.624 6.08974358974359 5946.76064992282
0.634 1.26182965299685 5948.02247957582
0.614 -0.651465798045603 5947.37101377777
0.594 -2.69360269360269 5944.67741108417
0.639 -12.9890453834116 5931.68836570076
0.588 -3.40136054421769 5928.28700515654
0.585 -2.90598290598291 5925.38102225056
0.577 -2.94627383015598 5922.4347484204
0.593 -3.87858347386172 5918.55616494654
0.583 -8.06174957118353 5910.49441537535
0.604 -5.29801324503311 5905.19640213032
0.606 -2.31023102310231 5902.88617110722
0.585 -8.37606837606838 5894.51010273115
0.64 -2.8125 5891.69760273115
0.6 -2 5889.69760273115
0.619 -0.807754442649435 5888.8898482885
0.615 -2.76422764227642 5886.12562064622
0.539 -7.23562152133581 5878.88999912489
0.582 8.24742268041237 5887.1374218053
0.616 3.24675324675325 5890.38417505206
0.573 2.26876090750436 5892.65293595956
0.616 -2.27272727272727 5890.38020868683
0.55 -2.18181818181818 5888.19839050501
0.601 -2.1630615640599 5886.03532894095
0.606 -5.61056105610561 5880.42476788485
0.643 -6.06531881804044 5874.35944906681
0.629 1.74880763116057 5876.10825669797
0.594 1.68350168350168 5877.79175838147
0.602 -11.9601328903654 5865.83162549111
0.55 -0.363636363636364 5865.46798912747
0.615 -8.29268292682927 5857.17530620064
0.611 -4.09165302782324 5853.08365317282
0.58 1.03448275862069 5854.11813593144
0.609 6.73234811165846 5860.8504840431
0.571 2.97723292469352 5863.82771696779
0.596 -2.01342281879195 5861.814294149
0.59 1.01694915254237 5862.83124330154
0.484 3.30578512396694 5866.13702842551
0.552 -3.6231884057971 5862.51384001971
0.656 3.96341463414634 5866.47725465386
0.61 -0.983606557377049 5865.49364809648
0.589 3.56536502546689 5869.05901312195
0.637 -5.18053375196232 5863.87847936998
0.603 -1.82421227197347 5862.05426709801
0.605 -9.09090909090909 5852.9633580071
0.64 0 5852.9633580071
0.597 4.85762144053601 5857.82097944764
0.642 0.934579439252336 5858.75555888689
0.678 -4.71976401179941 5854.03579487509
0.607 -4.77759472817133 5849.25820014692
0.539 0.185528756957328 5849.44372890388
0.595 -5.21008403361345 5844.23364487026
0.607 1.4827018121911 5845.71634668245
0.607 -1.15321252059308 5844.56313416186
0.589 2.20713073005093 5846.77026489191
0.614 -3.25732899022801 5843.51293590168
0.578 -7.26643598615917 5836.24649991552
0.589 -3.56536502546689 5832.68113489006
0.603 -7.13101160862355 5825.55012328143
0.639 -7.66823161189358 5817.88189166954
0.63 -0.317460317460317 5817.56443135208
0.637 2.35478806907378 5819.91921942115
0.582 -2.40549828178694 5817.51372113937
0.619 -7.26978998384491 5810.24393115552
0.664 -6.32530120481928 5803.9186299507
0.616 -7.14285714285714 5796.77577280784
0.659 -1.66919575113809 5795.10657705671
0.579 -7.426597582038 5787.67997947467
0.583 -10.4631217838765 5777.21685769079
0.577 -8.83882149046794 5768.37803620032
0.53 6.0377358490566 5774.41577204938
0.609 -4.43349753694581 5769.98227451243
0.604 -11.2582781456954 5758.72399636674
0.626 -2.87539936102236 5755.84859700572
0.588 1.02040816326531 5756.86900516898
0.62 -1.29032258064516 5755.57868258834
0.586 -1.70648464163823 5753.8721979467
0.561 0.89126559714795 5754.76346354385
0.576 2.43055555555556 5757.1940190994
0.643 -2.33281493001555 5754.86120416939
0.64 -3.75 5751.11120416939
0.633 -4.2654028436019 5746.84580132579
0.507 -10.0591715976331 5736.78662972815
0.552 -9.42028985507246 5727.36633987308
0.582 -2.74914089347079 5724.61719897961
0.499 -3.0060120240481 5721.61118695556
0.636 -6.28930817610063 5715.32187877946
0.62 -11.9354838709677 5703.38639490849
0.601 -1.83028286189684 5701.5561120466
0.553 -11.3924050632911 5690.1637069833
0.626 -5.43130990415335 5684.73239707915
0.531 -11.864406779661 5672.86799029949
0.484 -6.61157024793388 5666.25642005156
0.513 -2.14424951267057 5664.11217053889
0.512 4.6875 5668.79967053889
0.52 2.69230769230769 5671.49197823119
0.509 7.26915520628684 5678.76113343748
0.544 -5.14705882352941 5673.61407461395
0.478 -7.53138075313807 5666.08269386081
0.402 -0.995024875621891 5665.08766898519
0.424 10.8490566037736 5675.93672558896
0.414 -1.93236714975845 5674.00435843921
0.417 -0.239808153477218 5673.76455028573
0.409 9.04645476772616 5682.81100505345
0.461 -2.81995661605206 5679.9910484374
0.418 -7.6555023923445 5672.33554604506
0.55 0.363636363636364 5672.69918240869
0.538 6.31970260223048 5679.01888501093
0.392 -5.61224489795918 5673.40664011297
0.562 2.49110320284698 5675.89774331581
0.539 -7.23562152133581 5668.66212179448
0.559 -2.68336314847943 5665.978758646
0.464 -1.29310344827586 5664.68565519772
0.45 -3.11111111111111 5661.57454408661
0.448 -10.7142857142857 5650.86025837233
0.61 4.91803278688525 5655.77829115921
0.64 7.8125 5663.59079115921
0.63 10.1587301587302 5673.74952131794
0.537 3.53817504655493 5677.28769636449
0.531 -1.31826741996234 5675.96942894453
0.547 3.10786106032907 5679.07729000486
0.532 -4.51127819548872 5674.56601180937
0.51 1.56862745098039 5676.13463926035
0.526 -0.760456273764259 5675.37418298659
0.534 -2.99625468164794 5672.37792830494
0.479 -2.2964509394572 5670.08147736548
0.429 -4.42890442890443 5665.65257293658
0.455 1.0989010989011 5666.75147403548
0.472 7.6271186440678 5674.37859267955
0.466 6.43776824034335 5680.81636091989
0.574 1.04529616724739 5681.86165708714
0.632 1.26582278481013 5683.12747987195
0.437 -13.0434782608696 5670.08400161108
0.521 -0.575815738963532 5669.50818587212
0.55 -13.4545454545455 5656.05364041757
0.626 9.26517571884984 5665.31881613642
0.55 9.45454545454546 5674.77336159097
0.464 2.58620689655172 5677.35956848752
0.469 3.62473347547974 5680.984301963
0.472 1.69491525423729 5682.67921721724
0.434 -1.38248847926267 5681.29672873797
0.441 -12.0181405895692 5669.2785881484
0.433 -9.00692840646651 5660.27165974194
0.427 -9.60187353629976 5650.66978620564
0.546 -4.3956043956044 5646.27418181003
0.575 -3.30434782608696 5642.96983398395
0.57 -0.701754385964912 5642.26807959798
0.515 2.52427184466019 5644.79235144264
0.492 1.6260162601626 5646.4183677028
0.585 0.854700854700855 5647.2730685575
0.489 -1.43149284253579 5645.84157571497
0.472 -1.69491525423729 5644.14666046073
0.526 -8.36501901140684 5635.78164144932
0.596 -3.35570469798658 5632.42593675134
0.62 -9.03225806451613 5623.39367868682
0.646 -4.95356037151703 5618.4401183153
0.554 6.85920577617328 5625.29932409148
0.513 -3.31384015594542 5621.98548393553
0.506 1.18577075098814 5623.17125468652
0.55 -10.1818181818182 5612.9894365047
0.611 3.43698854337152 5616.42642504807
0.521 1.34357005758157 5617.76999510566
0.524 -2.67175572519084 5615.09823938046
0.557 1.61579892280072 5616.71403830327
0.526 -0.760456273764259 5615.9535820295
0.494 -6.07287449392713 5609.88070753557
0.522 2.68199233716475 5612.56269987274
0.419 -8.83054892601432 5603.73215094672
0.571 1.57618213660245 5605.30833308333
0.464 1.29310344827586 5606.6014365316
0.53 0.377358490566038 5606.97879502217
0.555 -1.26126126126126 5605.71753376091
0.543 -8.65561694290976 5597.061916818
0.479 -7.72442588726514 5589.33749093073
0.45 -8.44444444444444 5580.89304648629
0.467 -5.78158458244111 5575.11146190385
0.449 -3.78619153674833 5571.3252703671
0.471 13.3757961783439 5584.70106654544
0.479 0.208768267223382 5584.90983481267
0.478 -5.43933054393305 5579.47050426873
0.491 -0.203665987780041 5579.26683828095
0.543 1.28913443830571 5580.55597271926
0.506 -2.76679841897233 5577.78917430029
0.552 -2.53623188405797 5575.25294241623
0.554 1.08303249097473 5576.3359749072
0.445 -2.02247191011236 5574.31350299709
0.614 -4.56026058631922 5569.75324241077
0.597 0.50251256281407 5570.25575497359
0.497 -1.40845070422535 5568.84730426936
0.524 4.58015267175572 5573.42745694112
0.521 -5.95009596928983 5567.47736097183
0.522 -1.14942528735632 5566.32793568447
0.576 -10.4166666666667 5555.9112690178
0.641 -9.51638065522621 5546.39488836258
0.505 3.76237623762376 5550.1572646002
0.384 8.33333333333333 5558.49059793353
0.436 5.04587155963303 5563.53646949317
0.446 -8.52017937219731 5555.01629012097
0.449 -7.79510022271715 5547.22118989825
0.412 -0.970873786407767 5546.25031611184
0.438 -9.58904109589041 5536.66127501595
0.493 7.09939148073022 5543.76066649668
0.59 2.71186440677966 5546.47253090346
0.685 -3.94160583941606 5542.53092506405
0.582 -10.3092783505155 5532.22164671353
0.595 -3.86554621848739 5528.35610049505
0.61 -4.59016393442623 5523.76593656062
0.65 -3.69230769230769 5520.07362886831
0.625 -5.92 5514.15362886831
0.567 -0.881834215167548 5513.27179465314
0.516 6.2015503875969 5519.47334504074
0.58 4.82758620689655 5524.30093124764
0.574 0 5524.30093124764
0.615 -0.16260162601626 5524.13832962162
0.526 2.28136882129278 5526.41969844291
0.584 5.82191780821918 5532.24161625113
0.609 1.14942528735632 5533.39104153849
0.628 2.54777070063694 5535.93881223913
0.609 8.70279146141215 5544.64160370054
0.614 0 5544.64160370054
0.609 3.77668308702791 5548.41828678757
0.616 1.2987012987013 5549.71698808627
0.589 -2.54668930390492 5547.17029878236
0.6 1 5548.17029878236
0.547 4.57038391224863 5552.74068269461
0.59 3.05084745762712 5555.79153015224
0.642 -1.55763239875389 5554.23389775348
0.556 0 5554.23389775348
0.59 3.72881355932203 5557.96271131281
0.582 -2.40549828178694 5555.55721303102
0.612 10.4575163398693 5566.01472937089
0.579 3.28151986183074 5569.29624923272
0.563 -3.01953818827709 5566.27671104444
0.604 2.64900662251656 5568.92571766696
0.63 2.85714285714286 5571.7828605241
0.558 1.4336917562724 5573.21655228037
0.606 -0.33003300330033 5572.88651927707
0.642 -1.55763239875389 5571.32888687832
0.557 -12.3877917414722 5558.94109513685
0.648 -2.46913580246914 5556.47195933438
0.605 -1.81818181818182 5554.6537775162
0.624 7.37179487179487 5562.02557238799
0.606 -2.97029702970297 5559.05527535829
0.62 1.93548387096774 5560.99075922926
0.567 -5.82010582010582 5555.17065340915
0.594 1.01010101010101 5556.18075441925
0.645 -0.465116279069767 5555.71563814018
0.638 6.58307210031348 5562.2987102405
0.625 -2.08 5560.2187102405
0.563 3.73001776198934 5563.94872800249
0.571 -6.47985989492119 5557.46886810756
0.608 -13.1578947368421 5544.31097337072
0.601 -0.499168053244592 5543.81180531748
0.627 5.26315789473684 5549.07496321221
0.591 -0.169204737732657 5548.90575847448
0.553 -3.79746835443038 5545.10829012005
0.57 -0.701754385964912 5544.40653573409
0.623 2.08667736757624 5546.49321310166
0.584 4.45205479452055 5550.94526789618
0.625 6.56 5557.50526789618
0.632 0.632911392405063 5558.13817928859
0.604 6.29139072847682 5564.42957001707
0.564 2.12765957446809 5566.55722959153
0.587 -4.25894378194208 5562.29828580959
0.547 -0.914076782449726 5561.38420902714
0.615 10.2439024390244 5571.62811146617
0.586 7.16723549488055 5578.79534696105
0.598 5.01672240802676 5583.81206936907
0.626 7.98722044728435 5591.79928981636
0.605 3.80165289256198 5595.60094270892
0.613 7.01468189233279 5602.61562460125
0.571 5.77933450087566 5608.39495910213
0.574 4.52961672473868 5612.92457582687
0.589 1.18845500848896 5614.11303083535
0.605 4.46280991735537 5618.57584075271
0.607 4.11861614497529 5622.69445689769
0.597 1.50753768844221 5624.20199458613
0.637 -0.470957613814757 5623.73103697231
0.63 0.634920634920635 5624.36595760723
0.644 4.03726708074534 5628.40322468798
0.662 12.3867069486405 5640.78993163662
0.628 7.64331210191083 5648.43324373853
0.599 7.84641068447412 5656.27965442301
0.639 11.4241001564945 5667.7037545795
0.458 -0.873362445414847 5666.83039213408
0.567 3.35097001763668 5670.18136215172
0.592 6.75675675675676 5676.93811890848
0.579 1.55440414507772 5678.49252305356
0.627 6.2200956937799 5684.71261874734
0.564 13.4751773049645 5698.1877960523
0.574 2.4390243902439 5700.62682044254
0.575 1.21739130434783 5701.84421174689
0.537 2.42085661080074 5704.26506835769
0.563 -1.9538188277087 5702.31124952998
0.571 -0.175131348511384 5702.13611818147
0.576 12.8472222222222 5714.98334040369
0.617 7.94165316045381 5722.92499356415
0.605 6.44628099173554 5729.37127455588
0.626 5.43130990415335 5734.80258446004
0.577 8.49220103986135 5743.2947854999
0.599 7.51252086811352 5750.80730636801
0.604 5.96026490066225 5756.76757126867
0.553 4.15913200723327 5760.92670327591
0.605 6.11570247933884 5767.04240575525
0.603 7.13101160862355 5774.17341736387
0.612 3.26797385620915 5777.44139122008
0.587 7.32538330494037 5784.76677452502
0.603 5.4726368159204 5790.23941134094
0.6 5.66666666666667 5795.90607800761
0.598 4.34782608695652 5800.25390409456
0.597 -0.50251256281407 5799.75139153175
0.608 -0.328947368421053 5799.42244416333
0.629 -5.24642289348172 5794.17602126985
0.591 4.56852791878173 5798.74454918863
0.579 2.93609671848014 5801.68064590711
0.591 4.56852791878173 5806.24917382589
0.592 0.337837837837838 5806.58701166373
0.632 4.43037974683544 5811.01739141056
0.588 -1.02040816326531 5809.9969832473
0.623 2.40770465489567 5812.40468790219
0.603 -0.165837479270315 5812.23885042292
0.619 2.10016155088853 5814.33901197381
0.635 5.51181102362205 5819.85082299743
0.635 5.19685039370079 5825.04767339113
0.628 -6.05095541401274 5818.99671797712
0.628 6.36942675159236 5825.36614472871
0.639 3.59937402190923 5828.96551875062
0.586 6.48464163822526 5835.45016038885
0.618 -0.970873786407767 5834.47928660244
0.559 1.96779964221825 5836.44708624466
0.554 6.13718411552347 5842.58427036018
0.595 3.52941176470588 5846.11368212489
0.547 1.64533820840951 5847.7590203333
0.617 1.13452188006483 5848.89354221336
0.617 7.94165316045381 5856.83519537382
0.591 1.52284263959391 5858.35803801341
0.614 5.21172638436482 5863.56976439778
0.592 4.72972972972973 5868.2994941275
0.574 5.22648083623693 5873.52597496374
0.592 4.05405405405405 5877.5800290178
0.581 6.02409638554217 5883.60412540334
0.604 4.63576158940397 5888.23988699274
0.446 -0.896860986547085 5887.3430260062
0.585 10.4273504273504 5897.77037643355
0.636 3.45911949685535 5901.2294959304
0.625 9.76 5910.9894959304
0.572 1.3986013986014 5912.388097329
0.597 4.18760469011725 5916.57570201912
0.531 -2.44821092278719 5914.12749109633
0.626 7.3482428115016 5921.47573390783
0.64 2.8125 5924.28823390783
0.544 2.57352941176471 5926.8617633196
0.623 3.69181380417335 5930.55357712377
0.569 0.878734622144112 5931.43231174592
0.607 7.74299835255354 5939.17531009847
0.601 4.49251247920133 5943.66782257767
0.637 4.55259026687598 5948.22041284455
0.598 2.34113712374582 5950.56154996829
0.635 8.66141732283465 5959.22296729113
0.63 5.07936507936508 5964.30233237049
0.613 7.66721044045677 5971.96954281095
0.625 4 5975.96954281095
0.612 -3.92156862745098 5972.0479741835
0.62 4.19354838709677 5976.2415225706
0.617 1.78282009724473 5978.02434266784
0.629 -2.06677265500795 5975.95757001283
0.614 9.44625407166124 5985.40382408449
0.614 5.21172638436482 5990.61555046886
0.597 2.17755443886097 5992.79310490772
0.619 4.68497576736672 5997.47808067509
0.643 11.0419906687403 6008.52007134383
0.582 -7.90378006872852 6000.6162912751
0.61 11.1475409836066 6011.7638322587
0.599 0.500834724540901 6012.26466698324
0.62 0.967741935483871 6013.23240891873
0.616 7.46753246753247 6020.69994138626
0.588 9.86394557823129 6030.56388696449
0.621 1.44927536231884 6032.01316232681
0.552 1.81159420289855 6033.82475652971
0.54 9.62962962962963 6043.45438615934
0.567 12.8747795414462 6056.32916570079
0.612 10.1307189542484 6066.45988465503
0.61 2.29508196721311 6068.75496662225
0.621 2.41545893719807 6071.17042555944
0.568 3.16901408450704 6074.33943964395
0.621 11.1111111111111 6085.45055075506
0.609 5.74712643678161 6091.19767719185
0.615 6.99186991869919 6098.18954711054
0.633 13.1121642969984 6111.30171140754
0.565 -2.30088495575221 6109.00082645179
0.588 2.38095238095238 6111.38177883274
0.579 3.62694300518135 6115.00872183792
0.594 0.336700336700337 6115.34542217462
0.58 -1.72413793103448 6113.62128424359
0.665 -0.150375939849624 6113.47090830374
0.531 6.96798493408663 6120.43889323783
0.481 -1.87110187110187 6118.56779136673
0.624 12.8205128205128 6131.38830418724
0.574 11.4982578397213 6142.88656202696
0.569 1.93321616871705 6144.81977819568
0.609 10.6732348111658 6155.49301300684
0.595 2.85714285714286 6158.35015586398
0.602 1.99335548172757 6160.34351134571
0.51 3.13725490196078 6163.48076624767
0.448 13.3928571428571 6176.87362339053
0.438 -2.28310502283105 6174.5905183677
0.445 7.41573033707865 6182.00624870478
0.479 1.46137787056367 6183.46762657534
0.458 -10.4803493449782 6172.98727723036
0.416 -2.88461538461538 6170.10266184575
0.434 -7.37327188940092 6162.72938995635
0.472 16.5254237288136 6179.25481368516
0.632 10.126582278481 6189.38139596364
0.655 8.09160305343512 6197.47299901708
0.634 8.51735015772871 6205.99034917481
0.618 4.53074433656958 6210.52109351138
0.621 -0.161030595813205 6210.36006291556
0.613 9.9510603588907 6220.31112327445
0.6 7 6227.31112327445
0.601 2.82861896838602 6230.13974224284
0.628 7.96178343949045 6238.10152568233
0.55 4.72727272727273 6242.8287984096
0.614 4.23452768729642 6247.0633260969
0.582 0 6247.0633260969
0.621 0.483091787439614 6247.54641788434
0.61 8.19672131147541 6255.74313919581
0.601 9.48419301164726 6265.22733220746
0.587 0.511073253833049 6265.73840546129
0.581 -1.20481927710843 6264.53358618418
0.603 -0.829187396351575 6263.70439878783
0.562 2.13523131672598 6265.83963010456
0.584 4.10958904109589 6269.94921914566
0.614 7.81758957654723 6277.7668087222
0.587 6.30323679727428 6284.07004551948
0.584 3.42465753424658 6287.49470305372
0.595 7.56302521008403 6295.05772826381
0.588 6.12244897959184 6301.1801772434
0.589 6.96095076400679 6308.14112800741
0.613 2.44698205546493 6310.58811006287
0.614 5.21172638436482 6315.79983644724
0.566 4.9469964664311 6320.74683291367
0.589 -5.60271646859083 6315.14411644508
0.635 2.04724409448819 6317.19136053956
0.594 1.68350168350168 6318.87486222307
0.574 9.75609756097561 6328.63095978404
0.612 1.63398692810458 6330.26494671215
0.614 8.14332247557003 6338.40826918772
0.621 12.7214170692432 6351.12968625696
0.617 5.3484602917342 6356.47814654869
0.566 0.706713780918728 6357.18486032961
0.568 2.46478873239437 6359.64964906201
0.603 3.15091210613599 6362.80056116814
0.629 8.10810810810811 6370.90866927625
0.584 2.73972602739726 6373.64839530365
0.631 7.76545166402536 6381.41384696767
0.616 4.87012987012987 6386.2839768378
0.593 2.19224283305228 6388.47621967086
0.642 9.34579439252336 6397.82201406338
0.583 1.20068610634648 6399.02270016973
0.557 -0.179533213644524 6398.84316695608
0.504 3.96825396825397 6402.81142092433
0.451428571428571 21.5189873417722 6424.33040826611
