gc_content gc_skew gc_culm
0.432 -2.77777777777778 -2.77777777777778
0.464 -4.74137931034483 -7.51915708812261
0.48 -2.5 -10.0191570881226
0.392 18.3673469387755 8.34818985065291
0.353 11.0481586402266 19.3963484908795
0.345 11.304347826087 30.7006963169665
0.413 -17.6755447941889 13.0251515227776
0.393 7.37913486005089 20.4042863828285
0.377 22.0159151193634 42.4202015021919
0.435 19.0804597701149 61.5006612723069
0.404 25.2475247524752 86.7481860247821
0.399 11.7794486215539 98.527634646336
0.429 19.3473193473193 117.874953993655
0.398 9.54773869346734 127.422692687123
0.404 3.46534653465347 130.888039221776
0.456 9.21052631578947 140.098565537566
0.427 0.702576112412178 140.801141649978
0.443 3.38600451467269 144.18714616465
0.371 8.89487870619946 153.08202487085
0.422 15.1658767772512 168.247901648101
0.43 24.6511627906977 192.899064438799
0.392 -14.2857142857143 178.613350153085
0.35 14.2857142857143 192.899064438799
0.366 -4.37158469945355 188.527479739345
0.368 2.71739130434783 191.244871043693
0.363 14.0495867768595 205.294457820553
0.402 15.4228855721393 220.717343392692
0.419 12.1718377088305 232.889181101522
0.443 14.2212189616253 247.110400063148
0.446 6.72645739910314 253.836857462251
0.427 18.5011709601874 272.338028422438
0.424 6.13207547169811 278.470103894136
0.403 13.6476426799007 292.117746574037
0.388 3.09278350515464 295.210530079192
0.379 5.54089709762533 300.751427176817
0.449 13.1403118040089 313.891738980826
0.427 -5.85480093676815 308.036938044058
0.389 0.25706940874036 308.294007452798
0.396 17.6767676767677 325.970775129566
0.45 3.11111111111111 329.081886240677
0.412 13.5922330097087 342.674119250386
0.412 21.8446601941748 364.51877944456
0.407 8.5995085995086 373.118288044069
0.389 13.1105398457584 386.228827889827
0.413 13.317191283293 399.54601917312
0.387 4.90956072351421 404.455579896635
0.384 6.25 410.705579896635
0.433 10.3926096997691 421.098189596404
0.445 10.1123595505618 431.210549146965
0.493 1.41987829614604 432.630427443111
0.57 4.21052631578947 436.840953758901
0.601 1.83028286189684 438.671236620798
0.461 2.81995661605206 441.49119323685
0.396 21.2121212121212 462.703314448971
0.381 -5.51181102362205 457.191503425349
0.425 -0.235294117647059 456.956209307702
0.389 1.79948586118252 458.755695168884
0.418 11.9617224880383 470.717417656923
0.431 6.72853828306264 477.445955939985
0.365 19.4520547945205 496.898010734506
0.418 7.17703349282297 504.075044227329
0.387 22.9974160206718 527.072460248001
0.379 -1.31926121372032 525.75319903428
0.382 7.85340314136126 533.606602175642
0.389 13.1105398457584 546.7171420214
0.38 3.15789473684211 549.875036758242
0.428 15.4205607476636 565.295597505906
0.424 10.377358490566 575.672955996472
0.365 5.20547945205479 580.878435448526
0.477 0.209643605870021 581.088079054397
0.555 17.4774774774775 598.565556531874
0.454 5.72687224669604 604.29242877857
0.454 23.7885462555066 628.080975034077
0.408 13.2352941176471 641.316269151724
0.424 17.4528301886792 658.769099340403
0.384 -7.29166666666667 651.477432673736
0.469 2.77185501066098 654.249287684397
0.468 6.83760683760684 661.086894522004
0.35 5.14285714285714 666.229751664861
0.44 10.4545454545455 676.684297119407
0.475 1.47368421052632 678.157981329933
0.45 0.888888888888889 679.046870218822
0.411 8.51581508515815 687.56268530398
0.417 2.15827338129496 689.720958685275
0.417 -6.95443645083933 682.766522234436
0.44 10.9090909090909 693.675613143527
0.412 7.28155339805825 700.957166541585
0.451 7.31707317073171 708.274239712317
0.368 2.71739130434783 710.991631016664
0.462 7.79220779220779 718.783838808872
0.441 15.6462585034014 734.430097312274
0.417 3.11750599520384 737.547603307477
0.431 22.5058004640371 760.053403771514
0.475 22.1052631578947 782.158666929409
0.421 0.712589073634204 782.871256003043
0.399 1.75438596491228 784.625641967956
0.433 25.635103926097 810.260745894053
0.415 6.98795180722892 817.248697701282
0.413 16.2227602905569 833.471457991839
0.401 12.2194513715711 845.69090936341
0.399 7.76942355889724 853.460332922307
0.505 14.4554455445545 867.915778466861
0.425 14.8235294117647 882.739307878626
0.344 22.6744186046512 905.413726483277
0.43 20.9302325581395 926.343959041417
0.325 4.61538461538461 930.959343656801
0.362 9.94475138121547 940.904095038017
0.379 6.59630606860158 947.500401106618
0.392 3.57142857142857 951.071829678047
0.393 -6.87022900763359 944.201600670413
0.316 9.49367088607595 953.695271556489
0.379 13.9841688654354 967.679440421925
0.392 2.55102040816327 970.230460830088
0.348 -11.4942528735632 958.736207956525
0.394 7.10659898477157 965.842806941296
0.479 -4.80167014613779 961.041136795159
0.415 11.8072289156626 972.848365710821
0.374 11.2299465240642 984.078312234885
0.436 1.8348623853211 985.913174620206
0.41 13.1707317073171 999.083906327524
0.363 -1.37741046831956 997.706495859204
0.374 11.2299465240642 1008.93644238327
0.425 21.8823529411765 1030.81879532444
0.377 7.69230769230769 1038.51110301675
0.365 13.4246575342466 1051.935760551
0.367 6.26702997275204 1058.20279052375
0.389 -7.45501285347044 1050.74777767028
0.405 7.16049382716049 1057.90827149744
0.4 9.5 1067.40827149744
0.387 0.775193798449612 1068.18346529589
0.374 -1.60427807486631 1066.57918722102
0.387 6.45994832041344 1073.03913554144
0.411 9.48905109489051 1082.52818663633
0.4 3 1085.52818663633
0.368 5.43478260869565 1090.96296924502
0.418 6.2200956937799 1097.1830649388
0.374 19.2513368983957 1116.4344018372
0.355 -5.35211267605634 1111.08228916114
0.401 13.715710723192 1124.79799988434
0.415 12.289156626506 1137.08715651084
0.405 11.6049382716049 1148.69209478245
0.403 18.1141439205955 1166.80623870304
0.414 3.86473429951691 1170.67097300256
0.388 -2.06185567010309 1168.60911733246
0.429 -4.89510489510489 1163.71401243735
0.433 10.3926096997691 1174.10662213712
0.422 13.7440758293839 1187.8506979665
0.397 4.28211586901763 1192.13281383552
0.396 22.2222222222222 1214.35503605774
0.419 18.854415274463 1233.20945133221
0.485 3.91752577319588 1237.1269771054
0.439 7.06150341685649 1244.18848052226
0.411 11.4355231143552 1255.62400363661
0.453 7.72626931567329 1263.35027295229
0.398 19.5979899497487 1282.94826290204
0.401 15.7107231920199 1298.65898609406
0.387 9.56072351421189 1308.21970960827
0.405 -4.19753086419753 1304.02217874407
0.416 -6.73076923076923 1297.2914095133
0.388 1.03092783505155 1298.32233734835
0.403 9.18114143920596 1307.50347878756
0.401 10.7231920199501 1318.22667080751
0.405 13.0864197530864 1331.3130905606
0.499 3.40681362725451 1334.71990418785
0.433 7.62124711316397 1342.34115130101
0.443 1.58013544018059 1343.92128674119
0.452 27.8761061946903 1371.79739293588
0.399 3.7593984962406 1375.55679143213
0.404 7.42574257425743 1382.98253400638
0.4 5 1387.98253400638
0.402 8.95522388059701 1396.93775788698
0.368 25.5434782608696 1422.48123614785
0.408 22.0588235294118 1444.54005967726
0.376 2.65957446808511 1447.19963414535
0.403 8.6848635235732 1455.88449766892
0.369 11.1111111111111 1466.99560878003
0.389 4.37017994858612 1471.36578872862
0.357 2.52100840336134 1473.88679713198
0.344 15.1162790697674 1489.00307620175
0.397 5.79345088161209 1494.79652708336
0.399 2.25563909774436 1497.0521661811
0.435 2.98850574712644 1500.04067192823
0.397 8.81612090680101 1508.85679283503
0.443 12.8668171557562 1521.72360999079
0.441 26.0770975056689 1547.80070749645
0.413 6.53753026634383 1554.3382377628
0.427 5.85480093676815 1560.19303869957
0.413 11.864406779661 1572.05744547923
0.421 14.4893111638955 1586.54675664312
0.42 11.4285714285714 1597.97532807169
0.435 -10.3448275862069 1587.63050048549
0.495 7.87878787878788 1595.50928836428
0.466 -0.429184549356223 1595.08010381492
0.477 0.628930817610063 1595.70903463253
0.509 7.66208251473477 1603.37111714726
0.479 10.6471816283925 1614.01829877566
0.434 11.5207373271889 1625.53903610285
0.45 6.66666666666667 1632.20570276951
0.4 -5 1627.20570276951
0.348 2.29885057471264 1629.50455334422
0.413 10.8958837772397 1640.40043712146
0.445 4.71910112359551 1645.11953824506
0.434 10.5990783410138 1655.71861658607
0.39 -0.512820512820513 1655.20579607325
0.435 4.82758620689655 1660.03338228015
0.418 0 1660.03338228015
0.372 5.37634408602151 1665.40972636617
0.408 3.92156862745098 1669.33129499362
0.48 -7.08333333333333 1662.24796166029
0.46 4.78260869565217 1667.03057035594
0.555 0.540540540540541 1667.57111089648
0.441 12.0181405895692 1679.58925148605
0.436 3.6697247706422 1683.25897625669
0.401 2.7431421446384 1686.00211840133
0.353 21.2464589235127 1707.24857732484
0.388 4.63917525773196 1711.88775258258
0.413 16.2227602905569 1728.11051287313
0.455 2.41758241758242 1730.52809529072
0.492 3.2520325203252 1733.78012781104
0.455 5.49450549450549 1739.27463330555
0.465 5.80645161290323 1745.08108491845
0.442 9.50226244343891 1754.58334736189
0.509 6.09037328094303 1760.67372064283
0.463 4.53563714902808 1765.20935779186
0.458 4.36681222707424 1769.57617001893
0.446 6.72645739910314 1776.30262741804
0.426 10.7981220657277 1787.10074948376
0.422 1.4218009478673 1788.52255043163
0.416 0 1788.52255043163
0.436 7.3394495412844 1795.86199997292
0.441 7.48299319727891 1803.34499317019
0.457 1.96936542669584 1805.31435859689
0.449 1.11358574610245 1806.42794434299
0.461 -0.216919739696312 1806.2110246033
0.369 10.0271002710027 1816.2381248743
0.42 -6.19047619047619 1810.04764868382
0.426 -5.16431924882629 1804.883329435
0.419 7.39856801909308 1812.28189745409
0.397 -1.25944584382872 1811.02245161026
0.409 8.06845965770171 1819.09091126796
0.434 17.9723502304147 1837.06326149838
0.392 11.2244897959184 1848.2877512943
0.434 5.06912442396313 1853.35687571826
0.376 30.8510638297872 1884.20793954805
0.382 13.6125654450262 1897.82050499307
0.367 5.72207084468665 1903.54257583776
0.427 7.72833723653396 1911.27091307429
0.368 27.7173913043478 1938.98830437864
0.455 11.2087912087912 1950.19709558743
0.429 12.8205128205128 1963.01760840795
0.473 4.43974630021142 1967.45735470816
0.403 -3.2258064516129 1964.23154825654
0.453 12.5827814569536 1976.8143297135
0.424 10.8490566037736 1987.66338631727
0.455 9.89010989010989 1997.55349620738
0.426 12.2065727699531 2009.76006897733
0.434 13.3640552995392 2023.12412427687
0.395 6.83544303797468 2029.95956731485
0.444 -6.30630630630631 2023.65326100854
0.4 11.5 2035.15326100854
0.401 4.73815461346633 2039.89141562201
0.369 -5.69105691056911 2034.20035871144
0.362 8.28729281767956 2042.48765152912
0.411 2.18978102189781 2044.67743255102
0.408 7.35294117647059 2052.03037372749
0.379 16.622691292876 2068.65306502036
0.452 13.2743362831858 2081.92740130355
0.432 20.3703703703704 2102.29777167392
0.413 6.53753026634383 2108.83530194026
0.511 9.98043052837573 2118.81573246864
0.375 10.4 2129.21573246864
0.381 13.9107611548556 2143.12649362349
0.38 4.21052631578947 2147.33701993928
0.289 8.65051903114187 2155.98753897043
0.4 18 2173.98753897043
0.48 10 2183.98753897043
0.458 3.05676855895197 2187.04430752938
0.437 2.97482837528604 2190.01913590466
0.48 7.08333333333333 2197.102469238
0.467 5.78158458244111 2202.88405382044
0.45 -1.77777777777778 2201.10627604266
0.434 12.4423963133641 2213.54867235602
0.464 9.48275862068965 2223.03143097671
0.344 16.2790697674419 2239.31050074416
0.445 12.3595505617978 2251.67005130595
0.467 11.3490364025696 2263.01908770852
0.383 13.3159268929504 2276.33501460147
0.425 8.70588235294118 2285.04089695441
0.457 0.656455142231947 2285.69735209665
0.429 -10.955710955711 2274.74164114094
0.429 5.82750582750583 2280.56914696844
0.421 -4.51306413301663 2276.05608283542
0.346 8.67052023121387 2284.72660306664
0.397 20.4030226700252 2305.12962573666
0.409 19.3154034229829 2324.44502915965
0.474 3.37552742616034 2327.82055658581
0.431 3.94431554524362 2331.76487213105
0.407 9.58230958230958 2341.34718171336
0.418 7.17703349282297 2348.52421520618
0.621 5.31400966183575 2353.83822486802
0.431 1.62412993039443 2355.46235479841
0.35 3.42857142857143 2358.89092622698
0.366 15.8469945355191 2374.7379207625
0.386 7.7720207253886 2382.50994148789
0.358 8.37988826815642 2390.88982975605
0.361 16.3434903047091 2407.23332006076
0.348 13.2183908045977 2420.45171086536
0.384 3.125 2423.57671086536
0.409 10.5134474327628 2434.09015829812
0.345 2.02898550724638 2436.11914380537
0.389 16.7095115681234 2452.82865537349
0.421 15.4394299287411 2468.26808530223
0.376 19.1489361702128 2487.41702147244
0.396 1.01010101010101 2488.42712248254
0.4 2 2490.42712248254
0.454 -3.08370044052863 2487.34342204201
0.446 13.9013452914798 2501.24476733349
0.402 -2.98507462686567 2498.25969270663
0.389 0.77120822622108 2499.03090093285
0.398 1.00502512562814 2500.03592605848
0.456 -14.9122807017544 2485.12364535672
0.474 7.17299578059072 2492.29664113731
0.352 14.7727272727273 2507.06936841004
0.4 13.5 2520.56936841004
0.338 17.7514792899408 2538.32084769998
0.346 8.67052023121387 2546.9913679312
0.369 -4.6070460704607 2542.38432186074
0.351 10.5413105413105 2552.92563240205
0.378 5.82010582010582 2558.74573822215
0.381 24.4094488188976 2583.15518704105
0.34 22.9411764705882 2606.09636351164
0.349 3.72492836676218 2609.8212918784
0.409 -7.09046454767726 2602.73082733072
0.405 1.72839506172839 2604.45922239245
0.405 19.0123456790123 2623.47156807146
0.377 -7.16180371352785 2616.30976435794
0.392 4.59183673469388 2620.90160109263
0.483 10.1449275362319 2631.04652862886
0.404 18.8118811881188 2649.85840981698
0.463 17.4946004319654 2667.35301024895
0.475 18.3157894736842 2685.66879972263
0.382 7.32984293193717 2692.99864265457
0.414 17.8743961352657 2710.87303878983
0.426 5.63380281690141 2716.50684160673
0.375 18.4 2734.90684160673
0.394 15.7360406091371 2750.64288221587
0.374 6.41711229946524 2757.05999451534
0.424 20.7547169811321 2777.81471149647
0.401 10.7231920199501 2788.53790351642
0.409 -7.09046454767726 2781.44743896874
0.412 0.485436893203884 2781.93287586195
0.392 14.7959183673469 2796.72879422929
0.408 12.7450980392157 2809.47389226851
0.39 20 2829.47389226851
0.398 16.5829145728643 2846.05680684137
0.401 -3.24189526184539 2842.81491157953
0.396 9.5959595959596 2852.41087117549
0.416 -2.88461538461538 2849.52625579087
0.407 -1.22850122850123 2848.29775456237
0.424 16.0377358490566 2864.33549041143
0.423 20.0945626477541 2884.43005305918
0.412 21.3592233009709 2905.78927636015
0.397 7.80856423173804 2913.59784059189
0.413 16.7070217917676 2930.30486238366
0.411 16.7883211678832 2947.09318355154
0.392 12.2448979591837 2959.33808151072
0.402 8.95522388059701 2968.29330539132
0.375 17.8666666666667 2986.15997205799
0.389 18.7660668380463 3004.92603889603
0.416 12.0192307692308 3016.94526966526
0.4 -0.5 3016.44526966526
0.433 4.84988452655889 3021.29515419182
0.417 17.0263788968825 3038.32153308871
0.417 21.3429256594724 3059.66445874818
0.403 24.5657568238213 3084.230215572
0.415 14.6987951807229 3098.92901075272
0.419 9.78520286396181 3108.71421361668
0.403 20.0992555831265 3128.81346919981
0.38 21.0526315789474 3149.86610077876
0.401 17.7057356608479 3167.57183643961
0.342 1.16959064327485 3168.74142708288
0.427 4.91803278688525 3173.65945986977
0.408 6.37254901960784 3180.03200888937
0.362 1.65745856353591 3181.68946745291
0.382 4.18848167539267 3185.8779491283
0.393 0.254452926208651 3186.13240205451
0.38 0.526315789473684 3186.65871784398
0.389 -1.2853470437018 3185.37337080028
0.42 5.23809523809524 3190.61146603838
0.421 22.0902612826603 3212.70172732104
0.426 16.4319248826291 3229.13365220367
0.437 25.4004576659039 3254.53410986957
0.351 10.5413105413105 3265.07542041088
0.389 15.681233933162 3280.75665434404
0.36 2.77777777777778 3283.53443212182
0.386 6.73575129533679 3290.27018341716
0.377 1.85676392572944 3292.12694734289
0.424 -2.35849056603774 3289.76845677685
0.446 2.24215246636771 3292.01060924322
0.374 8.02139037433155 3300.03199961755
0.416 7.69230769230769 3307.72430730986
0.376 4.78723404255319 3312.51154135241
0.445 3.82022471910112 3316.33176607151
0.382 -1.57068062827225 3314.76108544324
0.445 -1.57303370786517 3313.18805173537
0.415 8.91566265060241 3322.10371438598
0.349 1.43266475644699 3323.53637914242
0.414 -6.28019323671498 3317.25618590571
0.453 -2.86975717439294 3314.38642873132
0.552 -13.0434782608696 3301.34295047045
0.387 1.29198966408269 3302.63494013453
0.458 9.17030567685589 3311.80524581139
0.411 -0.24330900243309 3311.56193680895
0.394 1.01522842639594 3312.57716523535
0.444 0.45045045045045 3313.0276156858
0.398 -5.52763819095477 3307.49997749484
0.407 3.19410319410319 3310.69408068895
0.406 5.41871921182266 3316.11279990077
0.385 9.09090909090909 3325.20370899168
0.36 -3.33333333333333 3321.87037565834
0.374 -12.2994652406417 3309.5709104177
0.344 7.55813953488372 3317.12904995259
0.363 3.03030303030303 3320.15935298289
0.296 11.4864864864865 3331.64583946938
0.337 -3.85756676557863 3327.7882727038
0.394 -7.61421319796954 3320.17405950583
0.387 -6.97674418604651 3313.19731531978
0.335 -9.25373134328358 3303.9435839765
0.391 16.6240409207161 3320.56762489721
0.392 -2.55102040816327 3318.01660448905
0.365 -4.65753424657534 3313.35907024248
0.384 -6.77083333333333 3306.58823690914
0.354 -0.564971751412429 3306.02326515773
0.386 0.518134715025907 3306.54139987276
0.416 5.28846153846154 3311.82986141122
0.361 3.04709141274238 3314.87695282396
0.445 6.51685393258427 3321.39380675654
0.439 10.7061503416856 3332.09995709823
0.422 9.95260663507109 3342.0525637333
0.396 8.08080808080808 3350.13337181411
0.419 4.5346062052506 3354.66797801936
0.422 6.16113744075829 3360.82911546012
0.449 -3.78619153674833 3357.04292392337
0.476 -6.30252100840336 3350.74040291497
0.404 11.3861386138614 3362.12654152883
0.447 9.61968680089485 3371.74622832972
0.451 2.88248337028825 3374.62871170001
0.39 -12.3076923076923 3362.32101939232
0.414 -21.256038647343 3341.06498074498
0.458 -6.98689956331878 3334.07808118166
0.462 -26.4069264069264 3307.67115477473
0.516 -0.387596899224806 3307.28355787551
0.454 -22.9074889867841 3284.37606888872
0.448 -6.25 3278.12606888872
0.415 -11.3253012048193 3266.8007676839
0.485 -20.4123711340206 3246.38839654988
0.407 -7.61670761670762 3238.77168893317
0.396 -18.6868686868687 3220.08482024631
0.437 -20.3661327231121 3199.71868752319
0.453 -16.1147902869757 3183.60389723622
0.453 -5.96026490066225 3177.64363233556
0.426 3.75586854460094 3181.39950088016
0.413 -5.08474576271186 3176.31475511744
0.418 -12.4401913875598 3163.87456372988
0.436 -38.5321100917431 3125.34245363814
0.422 -17.5355450236967 3107.80690861444
0.441 -22.4489795918367 3085.35792902261
0.472 2.54237288135593 3087.90030190396
0.446 10.762331838565 3098.66263374253
0.43 -12.093023255814 3086.56961048671
0.349 -11.7478510028653 3074.82175948385
0.43 -20.4651162790698 3054.35664320478
0.457 -9.40919037199125 3044.94745283279
0.427 -12.4121779859485 3032.53527484684
0.453 -15.673289183223 3016.86198566362
0.4 -9.5 3007.36198566362
0.396 3.53535353535354 3010.89733919897
0.394 -8.12182741116751 3002.7755117878
0.415 6.02409638554217 3008.79960817335
0.37 4.86486486486486 3013.66447303821
0.411 -12.4087591240876 3001.25571391412
0.426 1.87793427230047 3003.13364818642
0.405 0.740740740740741 3003.87438892716
0.438 0.91324200913242 3004.7876309363
0.418 0.478468899521531 3005.26609983582
0.4 4 3009.26609983582
0.319 -0.313479623824451 3008.95262021199
0.344 2.32558139534884 3011.27820160734
0.34 4.70588235294118 3015.98408396028
0.328 3.04878048780488 3019.03286444809
0.282 -1.41843971631206 3017.61442473178
0.356 -20.2247191011236 2997.38970563065
0.335 -3.28358208955224 2994.1061235411
0.417 -1.67865707434053 2992.42746646676
0.381 -3.41207349081365 2989.01539297595
0.358 6.70391061452514 2995.71930359047
0.352 -12.5 2983.21930359047
0.355 -5.35211267605634 2977.86719091442
0.411 -9.97566909975669 2967.89152181466
0.392 -10.2040816326531 2957.68744018201
0.417 8.87290167865707 2966.56034186066
0.383 -9.13838120104439 2957.42196065962
0.369 -11.6531165311653 2945.76884412845
0.383 -0.261096605744125 2945.50774752271
0.39 3.07692307692308 2948.58467059963
0.387 -4.90956072351421 2943.67510987612
0.407 -7.61670761670762 2936.05840225941
0.367 -7.90190735694823 2928.15649490246
0.352 -18.1818181818182 2909.97467672064
0.335 -6.26865671641791 2903.70602000423
0.386 3.62694300518135 2907.33296300941
0.341 -13.782991202346 2893.54997180706
0.349 -10.6017191977077 2882.94825260935
0.33 -13.3333333333333 2869.61491927602
0.353 -11.614730878187 2858.00018839783
0.375 4 2862.00018839783
0.448 -27.2321428571429 2834.76804554069
0.396 -15.6565656565657 2819.11147988412
0.382 -2.61780104712042 2816.493678837
0.359 -8.07799442896936 2808.41568440803
0.38 3.68421052631579 2812.09989493435
0.41 -14.6341463414634 2797.46574859289
0.411 -9.48905109489051 2787.976697498
0.477 -15.3039832285115 2772.67271426948
0.397 -18.8916876574307 2753.78102661205
0.419 -30.3102625298329 2723.47076408222
0.43 -10.2325581395349 2713.23820594269
0.398 3.51758793969849 2716.75579388238
0.404 -4.95049504950495 2711.80529883288
0.352 -1.70454545454545 2710.10075337833
0.349 4.29799426934097 2714.39874764768
0.391 -15.0895140664962 2699.30923358118
0.367 -1.90735694822888 2697.40187663295
0.388 -6.70103092783505 2690.70084570511
0.389 1.2853470437018 2691.98619274882
0.359 3.62116991643454 2695.60736266525
0.397 0.251889168765743 2695.85925183402
0.391 -15.6010230179028 2680.25822881611
0.383 -20.1044386422977 2660.15379017382
0.41 -12.1951219512195 2647.9586682226
0.391 -9.97442455242967 2637.98424367017
0.399 2.25563909774436 2640.23988276791
0.429 -19.8135198135198 2620.42636295439
0.413 -5.56900726392252 2614.85735569047
0.456 -16.2280701754386 2598.62928551503
0.468 5.55555555555556 2604.18484107059
0.369 11.1111111111111 2615.2959521817
0.457 -6.34573304157549 2608.95021914012
0.452 3.98230088495575 2612.93252002508
0.394 -10.6598984771574 2602.27262154792
0.346 2.89017341040462 2605.16279495832
0.373 -9.38337801608579 2595.77941694224
0.361 -3.601108033241 2592.178308909
0.408 1.96078431372549 2594.13909322272
0.413 -3.6319612590799 2590.50713196364
0.428 -14.018691588785 2576.48844037486
0.373 -1.34048257372654 2575.14795780113
0.406 -9.35960591133005 2565.7883518898
0.475 5.26315789473684 2571.05150978454
0.44 -11.3636363636364 2559.6878734209
0.398 -6.53266331658291 2553.15521010432
0.398 0 2553.15521010432
0.405 1.23456790123457 2554.38977800555
0.388 -11.340206185567 2543.04957181999
0.374 1.06951871657754 2544.11909053656
0.4 -16 2528.11909053656
0.419 -18.854415274463 2509.2646752621
0.399 -3.25814536340852 2506.00652989869
0.414 -7.2463768115942 2498.7601530871
0.382 -17.8010471204188 2480.95910596668
0.45 -18.6666666666667 2462.29243930001
0.347 -0.288184438040346 2462.00425486197
0.374 6.95187165775401 2468.95612651973
0.396 -5.05050505050505 2463.90562146922
0.386 -3.10880829015544 2460.79681317907
0.378 2.64550264550265 2463.44231582457
0.368 -3.26086956521739 2460.18144625935
0.366 -1.63934426229508 2458.54210199706
0.383 -4.96083550913838 2453.58126648792
0.34 2.35294117647059 2455.93420766439
0.382 5.23560209424084 2461.16980975863
0.389 7.96915167095116 2469.13896142958
0.376 -1.59574468085106 2467.54321674873
0.356 5.61797752808989 2473.16119427682
0.395 3.79746835443038 2476.95866263125
0.42 0 2476.95866263125
0.492 14.2276422764228 2491.18630490767
0.43 0.465116279069767 2491.65142118674
0.361 1.93905817174515 2493.59047935849
0.42 0.476190476190476 2494.06666983468
0.415 0.72289156626506 2494.78956140094
0.408 -10.7843137254902 2484.00524767545
0.419 -15.5131264916468 2468.49212118381
0.417 -14.6282973621103 2453.8638238217
0.432 -5.55555555555556 2448.30826826614
0.396 -8.58585858585859 2439.72240968028
0.41 -17.0731707317073 2422.64923894857
0.455 -22.6373626373626 2400.01187631121
0.387 1.80878552971576 2401.82066184093
0.394 -9.64467005076142 2392.17599179017
0.344 -17.4418604651163 2374.73413132505
0.403 0.744416873449132 2375.4785481985
0.448 3.125 2378.6035481985
0.43 -5.11627906976744 2373.48726912873
0.4 -20 2353.48726912873
0.407 -12.039312039312 2341.44795708942
0.411 -4.13625304136253 2337.31170404806
0.467 -10.4925053533191 2326.81919869474
0.44 -10.4545454545455 2316.36465324019
0.371 -17.5202156334232 2298.84443760677
0.398 -21.608040201005 2277.23639740576
0.415 -18.5542168674699 2258.68218053829
0.374 -16.5775401069519 2242.10464043134
0.368 -8.15217391304348 2233.9524665183
0.414 -9.17874396135266 2224.77372255695
0.376 -10.1063829787234 2214.66733957822
0.397 -11.3350125944584 2203.33232698376
0.381 -6.03674540682415 2197.29558157694
0.389 -3.34190231362468 2193.95367926332
0.41 -7.31707317073171 2186.63660609258
0.38 -8.94736842105263 2177.68923767153
0.395 -12.4050632911392 2165.28417438039
0.436 -6.42201834862385 2158.86215603177
0.444 -17.1171171171171 2141.74503891465
0.415 -16.6265060240964 2125.11853289056
0.406 -10.8374384236453 2114.28109446691
0.428 -3.73831775700935 2110.5427767099
0.44 -14.0909090909091 2096.45186761899
0.416 -8.65384615384615 2087.79802146515
0.412 -4.85436893203883 2082.94365253311
0.393 -15.5216284987277 2067.42202403438
0.391 -8.43989769820972 2058.98212633617
0.407 -14.4963144963145 2044.48581183985
0.363 -9.64187327823691 2034.84393856162
0.41 -7.80487804878049 2027.03906051284
0.36 -6.11111111111111 2020.92794940173
0.419 11.2171837708831 2032.14513317261
0.394 -2.53807106598985 2029.60706210662
0.397 0.755667506297229 2030.36272961292
0.421 0.237529691211401 2030.60025930413
0.425 -23.2941176470588 2007.30614165707
0.374 5.88235294117647 2013.18849459825
0.391 7.92838874680307 2021.11688334505
0.369 4.0650406504065 2025.18192399546
0.398 -5.0251256281407 2020.15679836731
0.433 -13.6258660508083 2006.53093231651
0.404 -18.8118811881188 1987.71905112839
0.409 -14.9144254278729 1972.80462570051
0.428 -16.8224299065421 1955.98219579397
0.424 -19.3396226415094 1936.64257315246
0.407 -8.10810810810811 1928.53446504435
0.371 -1.88679245283019 1926.64767259152
0.38 -17.8947368421053 1908.75293574942
0.443 6.99774266365688 1915.75067841308
0.379 -4.48548812664908 1911.26519028643
0.409 -26.161369193154 1885.10382109327
0.37 -11.3513513513514 1873.75246974192
0.402 -0.497512437810945 1873.25495730411
0.344 -20.3488372093023 1852.90612009481
0.411 -27.007299270073 1825.89882082474
0.405 5.67901234567901 1831.57783317041
0.395 9.36708860759494 1840.94492177801
0.379 -6.59630606860158 1834.34861570941
0.419 -22.673031026253 1811.67558468315
0.393 3.30788804071247 1814.98347272387
0.395 0.253164556962025 1815.23663728083
0.385 -6.49350649350649 1808.74313078732
0.434 -9.67741935483871 1799.06571143248
0.421 -14.0142517814727 1785.05145965101
0.401 -7.73067331670823 1777.3207863343
0.384 -16.6666666666667 1760.65411966764
0.387 -4.39276485788114 1756.26135480976
0.375 -16.8 1739.46135480976
0.403 -11.6625310173697 1727.79882379239
0.388 -3.09278350515464 1724.70604028723
0.406 -3.94088669950739 1720.76515358772
0.387 -0.258397932816537 1720.50675565491
0.432 -3.24074074074074 1717.26601491417
0.391 -1.27877237851662 1715.98724253565
0.369 0.2710027100271 1716.25824524568
0.399 -5.76441102756892 1710.49383421811
0.446 -18.8340807174888 1691.65975350062
0.35 -20 1671.65975350062
0.386 -22.7979274611399 1648.86182603948
0.409 -18.3374083129584 1630.52441772652
0.376 -27.1276595744681 1603.39675815205
0.354 -29.9435028248588 1573.45325532719
0.368 -25 1548.45325532719
0.378 -28.5714285714286 1519.88182675577
0.429 -7.22610722610723 1512.65571952966
0.41 2.92682926829268 1515.58254879795
0.402 -22.8855721393035 1492.69697665865
0.41 -23.4146341463415 1469.28234251231
0.444 -13.5135135135135 1455.76882899879
0.381 6.03674540682415 1461.80557440562
0.408 -18.1372549019608 1443.66831950366
0.393 -11.4503816793893 1432.21793782427
0.378 -14.2857142857143 1417.93222353855
0.381 -19.6850393700787 1398.24718416847
0.37 11.8918918918919 1410.13907606037
0.38 16.8421052631579 1426.98118132352
0.443 7.90067720090293 1434.88185852443
0.423 -11.5839243498818 1423.29793417454
0.388 -18.0412371134021 1405.25669706114
0.377 -6.10079575596817 1399.15590130517
0.418 -11.0047846889952 1388.15111661618
0.397 -18.8916876574307 1369.25942895875
0.391 -6.90537084398977 1362.35405811476
0.422 12.3222748815166 1374.67633299627
0.403 5.21091811414392 1379.88725111042
0.371 0.269541778975741 1380.15679288939
0.426 -18.7793427230047 1361.37745016639
0.359 -9.74930362116992 1351.62814654522
0.367 -7.90190735694823 1343.72623918827
0.381 -1.83727034120735 1341.88896884706
0.346 2.89017341040462 1344.77914225747
0.357 3.64145658263305 1348.4205988401
0.343 -16.0349854227405 1332.38561341736
0.327 -21.1009174311927 1311.28469598617
0.355 -3.66197183098592 1307.62272415518
0.389 16.1953727506427 1323.81809690583
0.368 5.43478260869565 1329.25287951452
0.383 2.34986945169713 1331.60274896622
0.393 -3.81679389312977 1327.78595507309
0.363 -3.03030303030303 1324.75565204279
0.391 -2.81329923273657 1321.94235281005
0.397 -3.77833753148615 1318.16401527856
0.365 -6.84931506849315 1311.31470021007
0.386 -6.73575129533679 1304.57894891473
0.334 -13.1736526946108 1291.40529622012
0.371 -22.3719676549865 1269.03332856514
0.392 -11.2244897959184 1257.80883876922
0.401 -20.6982543640898 1237.11058440513
0.403 -16.1290322580645 1220.98155214706
0.414 -9.66183574879227 1211.31971639827
0.407 -21.8673218673219 1189.45239453095
0.36 1.11111111111111 1190.56350564206
0.325 17.5384615384615 1208.10196718052
0.414 7.2463768115942 1215.34834399212
0.375 -8.8 1206.54834399212
0.405 -5.18518518518519 1201.36315880693
0.422 -25.1184834123223 1176.24467539461
0.356 -4.49438202247191 1171.75029337214
0.399 -22.8070175438597 1148.94327582828
0.42 -16.1904761904762 1132.7527996378
0.393 -10.4325699745547 1122.32022966325
0.381 -4.46194225721785 1117.85828740603
0.406 -3.44827586206897 1114.41001154396
0.446 4.48430493273543 1118.89431647669
0.384 -19.7916666666667 1099.10264981003
0.391 3.83631713554987 1102.93896694558
0.379 -13.4564643799472 1089.48250256563
0.413 -4.60048426150121 1084.88201830413
0.396 -1.01010101010101 1083.87191729403
0.402 -23.8805970149254 1059.9913202791
0.408 -7.84313725490196 1052.1481830242
0.381 -15.4855643044619 1036.66261871974
0.413 -7.99031476997579 1028.67230394976
0.405 -7.16049382716049 1021.5118101226
0.4 -17.5 1004.0118101226
0.369 -11.1111111111111 992.900699011491
0.323 0.928792569659443 993.829491581151
0.382 -19.3717277486911 974.45776383246
0.419 -15.9904534606205 958.467310371839
0.392 -12.2448979591837 946.222412412656
0.366 -13.1147540983607 933.107658314295
0.362 -10.4972375690608 922.610420745234
0.372 -11.8279569892473 910.782463755987
0.391 11.5089514066496 922.291415162637
0.398 9.04522613065327 931.33664129329
0.39 -19.4871794871795 911.84946180611
0.395 -6.83544303797468 905.014018768136
0.407 -4.66830466830467 900.345714099831
0.399 -4.26065162907268 896.085062470758
0.4 -8 888.085062470758
0.385 -14.2857142857143 873.799348185044
0.39 -24.6153846153846 849.183963569659
0.357 -14.2857142857143 834.898249283945
0.363 6.33608815426997 841.234337438215
0.319 -14.1065830721003 827.127754366115
0.354 -6.77966101694915 820.348093349166
0.362 -3.31491712707182 817.033176222094
0.361 4.70914127423823 821.742317496332
0.34 -11.1764705882353 810.565846908097
0.412 -21.3592233009709 789.206623607126
0.406 12.807881773399 802.014505380525
0.399 9.77443609022556 811.78894147075
0.419 12.1718377088305 823.960779179581
0.39 11.2820512820513 835.242830461632
0.407 11.0565110565111 846.299341518143
0.339 12.094395280236 858.393736798379
0.367 21.5258855585831 879.919622356962
0.36 13.8888888888889 893.808511245851
0.467 10.4925053533191 904.30101659917
0.396 4.04040404040404 908.341420639574
0.353 -1.98300283286119 906.358417806713
0.355 5.91549295774648 912.27391076446
0.372 14.5161290322581 926.790039796718
0.361 -11.3573407202216 915.432699076496
0.359 -6.96378830083565 908.46891077566
0.407 -0.737100737100737 907.73181003856
0.411 -9.00243309002433 898.729376948535
0.398 -11.0552763819095 887.674100566626
0.375 1.33333333333333 889.007433899959
0.382 -11.5183246073298 877.489109292629
0.379 -9.23482849604222 868.254280796587
0.387 -9.04392764857881 859.210353148008
0.398 -12.0603015075377 847.150051640471
0.389 -9.51156812339332 837.638483517077
0.344 -14.5348837209302 823.103599796147
0.335 -3.28358208955224 819.820017706595
0.357 6.44257703081233 826.262594737407
0.384 -2.60416666666667 823.65842807074
0.385 -4.93506493506494 818.723363135676
0.367 -14.9863760217984 803.736987113877
0.396 -9.5959595959596 794.141027517918
0.37 -4.86486486486486 789.276162653053
0.408 -8.82352941176471 780.452633241288
0.405 -9.62962962962963 770.823003611658
0.398 -4.52261306532663 766.300390546332
0.372 5.37634408602151 771.676734632353
0.41 -12.6829268292683 758.993807803085
0.366 1.09289617486339 760.086703977948
0.412 -11.1650485436893 748.921655434259
0.428 -21.4953271028037 727.426328331455
0.411 -8.51581508515815 718.910513246297
0.407 4.17690417690418 723.087417423201
0.435 -8.04597701149425 715.041440411707
0.439 -8.88382687927107 706.157613532436
0.39 -21.025641025641 685.131972506795
0.36 -2.22222222222222 682.909750284573
0.371 -1.34770889487871 681.562041389694
0.354 4.51977401129944 686.081815400993
0.372 15.0537634408602 701.135578841854
0.38 8.94736842105263 710.082947262906
0.38 -2.63157894736842 707.451368315538
0.362 -1.10497237569061 706.346395939847
0.396 -11.1111111111111 695.235284828736
0.344 1.74418604651163 696.979470875248
0.378 0 696.979470875248
0.367 -10.6267029972752 686.352767877973
0.352 -3.97727272727273 682.3754951507
0.364 -3.84615384615385 678.529341304546
0.391 -7.41687979539642 671.11246150915
0.377 2.38726790450928 673.499729413659
0.366 -4.37158469945355 669.128144714205
0.37 -12.972972972973 656.155171741232
0.352 -9.65909090909091 646.496080832142
0.386 -6.21761658031088 640.278464251831
0.361 3.601108033241 643.879572285072
0.345 -7.2463768115942 636.633195473477
0.375 -28 608.633195473477
0.362 -1.65745856353591 606.975736909941
0.343 -8.45481049562682 598.520926414315
0.369 4.0650406504065 602.585967064721
0.358 1.67597765363128 604.261944718352
0.352 -20.4545454545455 583.807399263807
0.386 -16.580310880829 567.227088382978
0.354 7.90960451977401 575.136692902752
0.355 -9.85915492957746 565.277537973175
0.394 -10.1522842639594 555.125253709215
0.375 -2.4 552.725253709215
0.35 -8 544.725253709215
0.356 -4.49438202247191 540.230871686743
0.362 -12.707182320442 527.523689366301
0.376 -9.04255319148936 518.481136174812
0.363 -1.37741046831956 517.103725706492
0.368 -13.5869565217391 503.516769184753
0.357 -11.484593837535 492.032175347218
0.332 8.43373493975904 500.465910286977
0.368 -4.89130434782609 495.574605939151
0.354 0.564971751412429 496.139577690564
0.37 -17.8378378378378 478.301739852726
0.367 -12.8065395095368 465.495200343189
0.386 -13.4715025906736 452.023697752515
0.398 -17.5879396984925 434.435758054023
0.323 -7.12074303405573 427.315015019967
0.355 -12.6760563380282 414.638958681939
0.395 -11.8987341772152 402.740224504724
0.365 5.20547945205479 407.945703956779
0.335 -8.65671641791045 399.288987538868
0.354 -22.5988700564972 376.690117482371
0.352 -20.4545454545455 356.235572027826
0.299 9.03010033444816 365.265672362274
0.269 -5.57620817843866 359.689464183835
0.319 -19.7492163009404 339.940247882895
0.347 -10.0864553314121 329.853792551482
0.327 -0.305810397553517 329.547982153929
0.311 -9.96784565916399 319.580136494765
0.29 -7.58620689655172 311.993929598213
0.343 -16.0349854227405 295.958944175473
0.328 -18.2926829268293 277.666261248643
0.375 -6.13333333333333 271.53292791531
0.385 -14.2857142857143 257.247213629596
0.363 -1.92837465564738 255.318838973948
0.405 -10.1234567901235 245.195382183825
0.381 -19.1601049868766 226.035277196948
0.378 -11.6402116402116 214.395065556737
0.419 -2.62529832935561 211.769767227381
0.392 3.57142857142857 215.34119579881
0.377 -10.3448275862069 204.996368212603
0.395 -6.32911392405063 198.667254288552
0.335 -10.4477611940299 188.219493094522
0.389 -18.7660668380463 169.453426256476
0.37 -13.5135135135135 155.939912742963
0.425 -8.70588235294118 147.234030390021
0.414 -23.1884057971014 124.04562459292
0.428 -13.0841121495327 110.961512443387
0.424 -13.2075471698113 97.7539652735759
0.423 -10.6382978723404 87.1156674012354
0.439 -7.06150341685649 80.0541639843789
0.44 -19.0909090909091 60.9632548934699
0.389 -11.0539845758355 49.9092703176344
0.396 -9.09090909090909 40.8183612267253
0.409 -9.04645476772616 31.7719064589991
0.441 -15.1927437641723 16.5791626948268
0.432 -24.0740740740741 -7.49491137924729
0.432 -13.8888888888889 -21.3838002681362
0.359 3.06406685236769 -18.3197334157685
0.366 -6.55737704918033 -24.8771104649488
0.374 -18.716577540107 -43.5936880050558
0.42 -10 -53.5936880050558
0.423 -18.6761229314421 -72.2698109364978
0.455 -10.7692307692308 -83.0390417057286
0.437 -0.22883295194508 -83.2678746576737
0.443 -13.3182844243792 -96.5861590820529
0.444 -19.8198198198198 -116.405978901873
0.436 -6.88073394495413 -123.286712846827
0.434 -20.7373271889401 -144.024040035767
0.393 -13.9949109414758 -158.018950977243
0.397 -13.8539042821159 -171.872855259359
0.419 -4.5346062052506 -176.407461464609
0.404 0 -176.407461464609
0.394 5.0761421319797 -171.33131933263
0.44 -12.2727272727273 -183.604046605357
0.434 -17.5115207373272 -201.115567342684
0.434 -11.9815668202765 -213.097134162961
0.359 -3.06406685236769 -216.161201015328
0.375 -5.6 -221.761201015328
0.369 -7.31707317073171 -229.07827418606
0.378 -15.8730158730159 -244.951290059076
0.372 -10.2150537634409 -255.166343822517
0.391 -14.5780051150895 -269.744348937606
0.402 -14.4278606965174 -284.172209634124
0.412 -16.504854368932 -300.677064003056
0.39 4.61538461538461 -296.061679387671
0.377 -3.97877984084881 -300.04045922852
0.436 -5.04587155963303 -305.086330788153
0.372 3.76344086021505 -301.322889927938
0.342 -12.280701754386 -313.603591682324
0.373 4.02144772117962 -309.582143961144
0.348 1.14942528735632 -308.432718673788
0.355 1.40845070422535 -307.024267969562
0.348 1.14942528735632 -305.874842682206
0.362 0 -305.874842682206
0.362 -6.07734806629834 -311.952190748504
0.36 -9.44444444444444 -321.396635192949
0.327 -5.19877675840979 -326.595411951359
0.301 -12.2923588039867 -338.887770755345
0.33 -12.7272727272727 -351.615043482618
0.344 -2.90697674418605 -354.522020226804
0.336 -19.047619047619 -373.569639274423
0.339 -12.6843657817109 -386.254005056134
0.33 -12.7272727272727 -398.981277783407
0.349 4.87106017191977 -394.110217611487
0.351 0.284900284900285 -393.825317326587
0.331 8.1570996978852 -385.668217628702
0.307 -12.0521172638436 -397.720334892545
0.36 2.77777777777778 -394.942557114768
0.351 2.56410256410256 -392.378454550665
0.349 -4.87106017191977 -397.249514722585
0.328 4.8780487804878 -392.371465942097
0.361 -10.2493074792244 -402.620773421321
0.394 4.06091370558376 -398.559859715738
0.358 5.02793296089385 -393.531926754844
0.376 2.12765957446809 -391.404267180376
0.394 -12.6903553299492 -404.094622510325
0.366 3.82513661202186 -400.269485898303
0.348 -7.47126436781609 -407.740750266119
0.345 -0.289855072463768 -408.030605338583
0.339 -1.47492625368732 -409.50553159227
0.344 -5.23255813953488 -414.738089731805
0.339 -0.294985250737463 -415.033074982542
0.364 -22.5274725274725 -437.560547510015
0.335 -4.47761194029851 -442.038159450314
0.368 -3.80434782608696 -445.8425072764
0.344 -6.3953488372093 -452.23785611361
0.344 -2.90697674418605 -455.144832857796
0.336 11.3095238095238 -443.835309048272
0.349 -2.00573065902579 -445.841039707298
0.37 -7.02702702702703 -452.868066734325
0.407 -3.68550368550369 -456.553570419829
0.458 1.31004366812227 -455.243526751706
0.383 -17.4934725848564 -472.736999336563
0.447 2.9082774049217 -469.828721931641
0.371 10.5121293800539 -459.316592551587
0.389 8.9974293059126 -450.319163245674
0.391 -3.32480818414322 -453.643971429818
0.418 -1.43540669856459 -455.079378128382
0.446 6.2780269058296 -448.801351222553
0.393 10.941475826972 -437.859875395581
0.406 5.91133004926108 -431.94854534632
0.414 9.17874396135266 -422.769801384967
0.425 7.29411764705882 -415.475683737908
0.428 0.467289719626168 -415.008394018282
0.391 10.4859335038363 -404.522460514446
0.415 -13.7349397590361 -418.257400273482
0.444 4.05405405405405 -414.203346219428
0.418 5.26315789473684 -408.940188324691
0.401 6.23441396508728 -402.705774359604
0.421 -12.1140142517815 -414.819788611385
0.422 -9.00473933649289 -423.824527947878
0.422 -7.58293838862559 -431.407466336504
0.422 -14.6919431279621 -446.099409464466
0.371 4.04312668463612 -442.056282779829
0.38 1.57894736842105 -440.477335411408
0.402 1.49253731343284 -438.984798097976
0.405 -15.0617283950617 -454.046526493037
0.432 -3.7037037037037 -457.750230196741
0.433 3.46420323325635 -454.286026963485
0.404 -10.8910891089109 -465.177116072396
0.43 -6.04651162790698 -471.223627700303
0.431 -14.6171693735499 -485.840797073852
0.471 9.55414012738854 -476.286656946464
0.458 6.98689956331878 -469.299757383145
0.405 7.16049382716049 -462.139263555985
0.342 0 -462.139263555985
0.406 6.89655172413793 -455.242711831847
0.388 14.4329896907216 -440.809722141125
0.399 1.2531328320802 -439.556589309045
0.334 -1.79640718562874 -441.352996494674
0.349 2.00573065902579 -439.347265835648
0.392 -19.3877551020408 -458.735020937689
0.368 -17.3913043478261 -476.126325285515
0.394 -7.10659898477157 -483.232924270286
0.377 17.2413793103448 -465.991544959941
0.362 20.4419889502762 -445.549556009665
0.353 4.81586402266289 -440.733691987002
0.41 -2.4390243902439 -443.172716377246
0.386 -3.10880829015544 -446.281524667402
0.358 -2.23463687150838 -448.51616153891
0.337 -8.6053412462908 -457.121502785201
0.378 8.46560846560847 -448.655894319592
0.441 1.58730158730159 -447.068592732291
0.421 0.712589073634204 -446.356003658657
0.408 7.84313725490196 -438.512866403755
0.403 -12.1588089330025 -450.671675336757
0.384 4.16666666666667 -446.50500867009
0.372 0 -446.50500867009
0.384 0.520833333333333 -445.984175336757
0.374 -6.95187165775401 -452.936046994511
0.413 -11.864406779661 -464.800453774172
0.411 -23.6009732360097 -488.401427010182
0.428 -18.6915887850467 -507.093015795229
0.373 -5.63002680965147 -512.72304260488
0.392 -11.734693877551 -524.457736482431
0.434 -6.45161290322581 -530.909349385657
0.4 -10 -540.909349385657
0.38 -2.63157894736842 -543.540928333025
0.398 -0.50251256281407 -544.043440895839
0.415 -20 -564.043440895839
0.38 -9.47368421052632 -573.517125106366
0.372 -5.91397849462366 -579.431103600989
0.428 -3.73831775700935 -583.169421357999
0.435 -13.5632183908046 -596.732639748803
0.415 -6.98795180722892 -603.720591556032
0.41 0.975609756097561 -602.744981799935
0.379 -2.9023746701847 -605.647356470119
0.404 -5.94059405940594 -611.587950529525
0.384 5.20833333333333 -606.379617196192
0.367 8.44686648501362 -597.932750711178
0.352 -17.0454545454545 -614.978205256633
0.397 -5.79345088161209 -620.771656138245
0.356 -0.561797752808989 -621.333453891054
0.383 -16.4490861618799 -637.782540052934
0.419 -2.14797136038186 -639.930511413316
0.421 -2.13776722090261 -642.068278634218
0.443 -8.35214446952596 -650.420423103744
0.477 16.9811320754717 -633.439291028273
0.384 -6.25 -639.689291028273
0.421 3.08788598574822 -636.601405042524
0.412 -3.39805825242718 -639.999463294952
0.355 21.6901408450704 -618.309322449881
0.352 11.9318181818182 -606.377504268063
0.355 20 -586.377504268063
0.326 1.22699386503067 -585.150510403032
0.348 -1.14942528735632 -586.299935690389
0.365 13.4246575342466 -572.875278156142
0.374 8.55614973262032 -564.319128423522
0.397 15.8690176322418 -548.45011079128
0.454 4.84581497797357 -543.604295813306
0.402 11.4427860696517 -532.161509743655
0.388 4.12371134020619 -528.037798403448
0.395 4.30379746835443 -523.734000935094
0.357 4.76190476190476 -518.972096173189
0.352 -4.54545454545455 -523.517550718644
0.358 -2.79329608938547 -526.310846808029
0.38 10.5263157894737 -515.784531018556
0.384 -4.6875 -520.472031018556
0.422 0.947867298578199 -519.524163719977
0.423 -15.3664302600473 -534.890593980025
0.434 -1.84331797235023 -536.733911952375
0.393 -4.32569974554707 -541.059611697922
0.361 0.831024930747922 -540.228586767174
0.388 -0.515463917525773 -540.7440506847
0.38 15.7894736842105 -524.954577000489
0.423 -10.1654846335697 -535.120061634059
0.396 0.505050505050505 -534.615011129009
0.402 -5.4726368159204 -540.087647944929
0.393 -8.3969465648855 -548.484594509814
0.38 -6.31578947368421 -554.800383983499
0.397 -11.8387909319899 -566.639174915489
0.417 16.0671462829736 -550.572028632515
0.395 6.83544303797468 -543.73658559454
0.416 -4.80769230769231 -548.544277902232
0.402 -4.47761194029851 -553.021889842531
0.403 5.21091811414392 -547.810971728387
0.415 8.43373493975904 -539.377236788628
0.395 -1.26582278481013 -540.643059573438
0.442 9.50226244343891 -531.140797129999
0.449 4.67706013363029 -526.463736996369
0.484 1.65289256198347 -524.810844434386
0.414 2.41545893719807 -522.395385497187
0.425 6.82352941176471 -515.571856085423
0.394 11.6751269035533 -503.896729181869
0.397 1.7632241813602 -502.133505000509
0.402 -1.99004975124378 -504.123554751753
0.385 2.33766233766234 -501.785892414091
0.398 0.50251256281407 -501.283379851277
0.391 -1.79028132992327 -503.0736611812
0.389 -0.25706940874036 -503.33073058994
0.439 6.1503416856492 -497.180388904291
0.394 14.7208121827411 -482.45957672155
0.398 -8.04020100502512 -490.499777726575
0.349 2.00573065902579 -488.494047067549
0.373 0.268096514745308 -488.225950552804
0.384 -4.16666666666667 -492.392617219471
0.367 -12.8065395095368 -505.199156729007
0.405 -12.5925925925926 -517.7917493216
0.436 -11.4678899082569 -529.259639229857
0.387 -8.01033591731266 -537.26997514717
0.416 -15.3846153846154 -552.654590531785
0.399 -14.2857142857143 -566.940304817499
0.396 -8.58585858585859 -575.526163403358
0.411 -15.8150851581509 -591.341248561509
0.396 -8.58585858585859 -599.927107147367
0.391 -2.81329923273657 -602.740406380104
0.358 10.6145251396648 -592.125881240439
0.411 11.9221411192214 -580.203740121218
0.414 3.38164251207729 -576.82209760914
0.426 -4.22535211267606 -581.047449721816
0.491 7.53564154786151 -573.511808173955
0.429 6.29370629370629 -567.218101880249
0.471 -0.636942675159236 -567.855044555408
0.445 2.92134831460674 -564.933696240801
0.461 -0.650759219088937 -565.58445545989
0.453 1.1037527593819 -564.480702700508
0.46 0.434782608695652 -564.045920091812
0.459 -8.93246187363834 -572.978381965451
0.445 -5.1685393258427 -578.146921291293
0.481 -8.10810810810811 -586.255029399402
0.461 -5.85683297180043 -592.111862371202
0.467 -8.35117773019272 -600.463040101395
0.476 -9.2436974789916 -609.706737580386
0.48 -7.08333333333333 -616.79007091372
0.468 -11.965811965812 -628.755882879532
0.467 -10.9207708779443 -639.676653757476
0.459 -8.93246187363834 -648.609115631114
0.475 -6.52631578947368 -655.135431420588
0.47 -8.51063829787234 -663.64606971846
0.445 -10.561797752809 -674.207867471269
0.465 -7.09677419354839 -681.304641664818
0.458 -2.62008733624454 -683.924729001062
0.467 -7.49464668094218 -691.419375682004
0.488 -4.50819672131148 -695.927572403316
0.484 -7.02479338842975 -702.952365791746
0.457 -8.09628008752735 -711.048645879273
0.476 -1.26050420168067 -712.309150080954
0.454 -4.84581497797357 -717.154965058927
0.467 -10.4925053533191 -727.647470412246
0.446 0.896860986547085 -726.750609425699
0.461 -5.85683297180043 -732.6074423975
0.479 -12.3173277661795 -744.924770163679
0.491 -12.8309572301426 -757.755727393822
0.483 -3.93374741200828 -761.68947480583
0.459 -12.8540305010893 -774.543505306919
0.476 -12.6050420168067 -787.148547323726
0.452 -6.19469026548673 -793.343237589213
0.45 -10.6666666666667 -804.00990425588
0.468 -12.3931623931624 -816.403066649042
0.444 -9.45945945945946 -825.862526108501
0.475 -6.94736842105263 -832.809894529554
0.449 -2.89532293986637 -835.70521746942
0.483 -5.59006211180124 -841.295279581222
0.482 -11.2033195020747 -852.498599083296
0.466 -6.43776824034335 -858.93636732364
0.47 -8.93617021276596 -867.872537536406
0.47 -4.25531914893617 -872.127856685342
0.469 -10.0213219616205 -882.149178646962
0.458 -4.80349344978166 -886.952672096744
0.48 -2.08333333333333 -889.036005430077
0.438 -7.76255707762557 -896.798562507703
0.447 -11.4093959731544 -908.207958480857
0.472 0.423728813559322 -907.784229667298
0.484 -13.2231404958678 -921.007370163166
0.502 -7.56972111553785 -928.577091278703
0.445 1.12359550561798 -927.453495773085
0.338 -2.36686390532544 -929.820359678411
0.421 -0.712589073634204 -930.532948752045
0.417 12.7098321342926 -917.823116617753
0.374 6.41711229946524 -911.406004318287
0.416 5.28846153846154 -906.117542779826
0.387 0.258397932816537 -905.859144847009
0.418 6.2200956937799 -899.639049153229
0.432 6.94444444444444 -892.694604708785
0.433 3.46420323325635 -889.230401475529
0.444 7.20720720720721 -882.023194268321
0.409 7.09046454767726 -874.932729720644
0.385 -3.37662337662338 -878.309353097267
0.402 -6.96517412935323 -885.274527226621
0.404 -3.46534653465347 -888.739873761274
0.422 -5.21327014218009 -893.953143903454
0.413 -11.864406779661 -905.817550683115
0.411 -9.48905109489051 -915.306601778006
0.369 4.6070460704607 -910.699555707545
0.37 10.8108108108108 -899.888744896734
0.435 -3.90804597701149 -903.796790873746
0.394 -4.56852791878173 -908.365318792527
0.392 4.08163265306122 -904.283686139466
0.418 1.91387559808612 -902.36981054138
0.384 6.77083333333333 -895.598977208047
0.392 7.6530612244898 -887.945915983557
0.409 -6.60146699266504 -894.547382976222
0.466 -0.858369098712446 -895.405752074934
0.451 -1.10864745011086 -896.514399525045
0.41 0.48780487804878 -896.026594646997
0.426 -3.75586854460094 -899.782463191597
0.451 -12.1951219512195 -911.977585142817
0.382 -22.5130890052356 -934.490674148053
0.413 -12.8329297820823 -947.323603930135
0.439 -1.13895216400911 -948.462556094144
0.415 -8.91566265060241 -957.378218744747
0.4 -8 -965.378218744747
0.406 4.92610837438424 -960.452110370362
0.415 3.13253012048193 -957.31958024988
0.427 12.4121779859485 -944.907402263932
0.411 3.16301703163017 -941.744385232302
0.412 8.25242718446602 -933.491958047836
0.339 12.094395280236 -921.3975627676
0.356 0.561797752808989 -920.835765014791
0.383 2.87206266318538 -917.963702351605
0.418 18.6602870813397 -899.303415270266
0.39 13.8461538461538 -885.457261424112
0.386 6.73575129533679 -878.721510128775
0.372 13.9784946236559 -864.743015505119
0.35 -6.85714285714286 -871.600158362262
0.399 8.7719298245614 -862.8282285377
0.35 -1.71428571428571 -864.542514251986
0.385 -3.8961038961039 -868.43861814809
0.41 9.75609756097561 -858.682520587114
0.415 22.4096385542169 -836.272882032898
0.424 10.8490566037736 -825.423825429124
0.398 1.50753768844221 -823.916287740682
0.415 23.3734939759036 -800.542793764778
0.457 13.7855579868709 -786.757235777907
0.398 7.53768844221106 -779.219547335696
0.359 8.07799442896936 -771.141552906727
0.402 2.98507462686567 -768.156478279861
0.417 17.9856115107914 -750.17086676907
0.43 13.0232558139535 -737.147610955116
0.392 11.734693877551 -725.412917077565
0.387 17.8294573643411 -707.583459713224
0.441 0.226757369614512 -707.35670234361
0.448 -6.69642857142857 -714.053130915038
0.431 -0.696055684454756 -714.749186599493
0.39 9.74358974358974 -705.005596855903
0.441 -0.226757369614512 -705.232354225518
0.46 23.9130434782609 -681.319310747257
0.395 25.0632911392405 -656.256019608016
0.398852223816356 15.8273381294964 -640.42868147852
