gc_content gc_skew gc_culm
0.515 4.07766990291262 4.07766990291262
0.551 -15.426497277677 -11.3488273747643
0.591 1.1844331641286 -10.1643942106357
0.594 2.69360269360269 -7.47079151703304
0.532 3.7593984962406 -3.71139302079244
0.397 -6.29722921914358 -10.008622239936
0.466 8.58369098712446 -1.42493125281155
0.613 11.5823817292007 10.1574504763891
0.418 -5.26315789473684 4.89429258165226
0.573 -10.9947643979058 -6.1004718162535
0.469 1.91897654584222 -4.18149527041129
0.574 -12.5435540069686 -16.7250492773799
0.475 -2.31578947368421 -19.0408387510641
0.393 2.29007633587786 -16.7507624151863
0.424 -6.60377358490566 -23.3545360000919
0.403 13.151364764268 -10.2031712358239
0.401 17.2069825436409 7.00381130781695
0.393 -0.763358778625954 6.240452529191
0.431 -1.62412993039443 4.61632259879657
0.508 5.51181102362205 10.1281336224186
0.514 4.28015564202335 14.408289264442
0.589 1.18845500848896 15.5967442729309
0.6 -1.33333333333333 14.2634109395976
0.544 3.67647058823529 17.9398815278329
0.544 -6.98529411764706 10.9545874101858
0.581 8.0895008605852 19.044088270771
0.581 6.71256454388984 25.7566528146609
0.589 7.30050933786078 33.0571621525216
0.604 0.33112582781457 33.3882879803362
0.581 3.6144578313253 37.0027458116615
0.613 5.05709624796085 42.0598420596224
0.589 3.90492359932088 45.9647656589433
0.589 12.0543293718166 58.0190950307599
0.591 6.93739424703892 64.9564892777988
0.528 1.13636363636364 66.0928529141624
0.559 6.26118067978533 72.3540335939478
0.545 18.5321100917431 90.8861436856909
0.494 7.28744939271255 98.1735930784034
0.531 6.21468926553672 104.38828234394
0.525 7.04761904761905 111.435901391559
0.538 8.55018587360595 119.986087265165
0.515 20 139.986087265165
0.574 13.9372822299652 153.92336949513
0.566 14.8409893992933 168.764358894424
0.54 14.0740740740741 182.838432968498
0.518 15.4440154440154 198.282448412513
0.526 18.6311787072243 216.913627119737
0.544 15.4411764705882 232.354803590326
0.528 8.71212121212121 241.066924802447
0.565 13.6283185840708 254.695243386518
0.556 10.0719424460432 264.767185832561
0.556 8.99280575539568 273.759991587957
0.655 -4.42748091603053 269.332510671926
0.632 7.59493670886076 276.927447380787
0.632 -1.89873417721519 275.028713203572
0.592 3.04054054054054 278.069253744112
0.583 5.31732418524871 283.386577929361
0.593 9.27487352445194 292.661451453813
0.641 -0.15600624024961 292.505445213563
0.654 -0.305810397553517 292.19963481601
0.636 -1.57232704402516 290.627307771984
0.652 1.84049079754601 292.46779856953
0.626 -0.319488817891374 292.148309751639
0.565 6.19469026548673 298.343000017126
0.527 6.26185958254269 304.604859599669
0.541 12.3844731977819 316.98933279745
0.573 15.5322862129145 332.521619010365
0.549 16.9398907103825 349.461509720747
0.58 8.27586206896552 357.737371789713
0.563 4.08525754884547 361.822629338558
0.529 2.07939508506616 363.902024423625
0.517 12.1856866537718 376.087711077396
0.567 12.1693121693122 388.257023246709
0.535 11.4018691588785 399.658892405587
0.549 20.5828779599271 420.241770365514
0.553 5.60578661844485 425.847556983959
0.557 4.12926391382406 429.976820897783
0.531 17.8907721280603 447.867593025843
0.597 18.2579564489112 466.125549474755
0.575 8.52173913043478 474.647288605189
0.545 4.58715596330275 479.234444568492
0.561 1.60427807486631 480.838722643358
0.621 7.2463768115942 488.085099454953
0.567 6.17283950617284 494.257938961125
0.607 11.3673805601318 505.625319521257
0.532 3.7593984962406 509.384718017498
0.565 10.7964601769912 520.181178194489
0.543 12.3388581952118 532.520036389701
0.509 14.3418467583497 546.861883148051
0.568 15.1408450704225 562.002728218473
0.544 4.41176470588235 566.414492924355
0.501 10.9780439121756 577.392536836531
0.546 2.93040293040293 580.322939766934
0.573 5.75916230366492 586.082102070599
0.553 13.5623869801085 599.644489050707
0.543 6.81399631675875 606.458485367466
0.545 6.05504587155963 612.513531239026
0.579 11.2262521588946 623.73978339792
0.57 13.6842105263158 637.423993924236
0.544 10.2941176470588 647.718111571295
0.575 7.47826086956522 655.19637244086
0.555 10.2702702702703 665.46664271113
0.584 4.10958904109589 669.576231752226
0.565 1.5929203539823 671.169152106209
0.522 2.29885057471264 673.468002680921
0.507 6.50887573964497 679.976878420566
0.516 15.1162790697674 695.093157490334
0.565 16.4601769911504 711.553334481484
0.527 14.2314990512334 725.784833532718
0.535 5.79439252336449 731.579226056082
0.521 9.021113243762 740.600339299844
0.574 11.4982578397213 752.098597139565
0.567 11.1111111111111 763.209708250676
0.558 9.67741935483871 772.887127605515
0.559 8.76565295169946 781.652780557215
0.568 0.352112676056338 782.004893233271
0.561 8.02139037433155 790.026283607603
0.584 10.958904109589 800.985187717192
0.578 2.7681660899654 803.753353807157
0.618 8.41423948220065 812.167593289358
0.638 11.9122257053292 824.079818994687
0.619 7.91599353796446 831.995812532651
0.628 10.1910828025478 842.186895335199
0.576 7.63888888888889 849.825784224088
0.615 1.13821138211382 850.963995606202
0.61 3.27868852459016 854.242684130792
0.595 1.84873949579832 856.09142362659
0.559 9.83899821109123 865.930421837681
0.582 9.27835051546392 875.208772353145
0.619 5.97738287560582 881.186155228751
0.606 6.93069306930693 888.116848298058
0.601 4.49251247920133 892.609360777259
0.5 4 896.609360777259
0.534 7.11610486891386 903.725465646173
0.629 -1.11287758346582 902.612588062707
0.571 -4.72854640980736 897.8840416529
0.597 0.50251256281407 898.386554215714
0.515 -2.9126213592233 895.473932856491
0.605 -6.11570247933884 889.358230377152
0.595 5.21008403361345 894.568314410765
0.592 5.06756756756757 899.635881978333
0.62 0.967741935483871 900.603623913817
0.618 2.26537216828479 902.868996082102
0.607 -2.8006589785832 900.068337103519
0.57 0.701754385964912 900.770091489483
0.6 -8.33333333333333 892.43675815615
0.59 -5.42372881355932 887.013029342591
0.583 -1.88679245283019 885.126236889761
0.593 -8.60033726812816 876.525899621632
0.6 -5.33333333333333 871.192566288299
0.622 -7.39549839228296 863.797067896016
0.562 -9.9644128113879 853.832655084628
0.57 -5.26315789473684 848.569497189891
0.589 -1.52801358234295 847.041483607548
0.578 -15.2249134948097 831.816570112739
0.567 -4.05643738977072 827.760132722968
0.543 -0.184162062615101 827.575970660353
0.577 6.06585788561525 833.641828545968
0.565 0.530973451327434 834.172801997296
0.586 11.2627986348123 845.435600632108
0.605 6.11570247933884 851.551303111447
0.47 -5.95744680851064 845.593856302936
0.578 4.1522491349481 849.746105437884
0.579 -5.35405872193437 844.39204671595
0.6 1.33333333333333 845.725380049283
0.583 -3.2590051457976 842.466374903486
0.539 9.09090909090909 851.557283994395
0.55 0 851.557283994395
0.559 -3.39892665474061 848.158357339654
0.538 5.57620817843866 853.734565518093
0.596 3.02013422818792 856.754699746281
0.539 10.9461966604824 867.700896406763
0.603 8.45771144278607 876.158607849549
0.59 4.74576271186441 880.904370561413
0.586 0.68259385665529 881.586964418069
0.509 2.55402750491159 884.14099192298
0.522 -0.383141762452107 883.757850160528
0.551 1.63339382940109 885.391243989929
0.599 -1.83639398998331 883.554849999946
0.555 -7.02702702702703 876.527822972919
0.567 7.2310405643739 883.758863537293
0.513 -5.26315789473684 878.495705642556
0.511 7.24070450097847 885.736410143534
0.546 -3.2967032967033 882.439706846831
0.568 -2.8169014084507 879.622805438381
0.541 3.88170055452865 883.504505992909
0.6 3.33333333333333 886.837839326242
0.608 4.60526315789474 891.443102484137
0.612 -2.61437908496732 888.82872339917
0.596 0.671140939597315 889.499864338767
0.577 -5.71923743500867 883.780626903759
0.536 3.73134328358209 887.511970187341
0.527 4.7438330170778 892.255803204418
0.554 7.5812274368231 899.837030641242
0.556 2.51798561151079 902.355016252752
0.557 -8.79712746858169 893.557888784171
0.57 -4.91228070175439 888.645608082416
0.551 -2.35934664246824 886.286261439948
0.539 -4.26716141001855 882.01910002993
0.587 -9.36967632027257 872.649423709657
0.564 -0.709219858156028 871.940203851501
0.583 -7.03259005145798 864.907613800043
0.611 -2.45499181669394 862.452621983349
0.582 -6.18556701030928 856.26705497304
0.6 -14 842.26705497304
0.577 -11.6117850953206 830.655269877719
0.602 -13.6212624584718 817.034007419247
0.534 2.24719101123596 819.281198430483
0.613 7.66721044045677 826.94840887094
0.6 -1 825.94840887094
0.544 1.47058823529412 827.418997106234
0.539 2.78293135435993 830.201928460594
0.564 -1.77304964539007 828.428878815204
0.557 6.6427289048474 835.071607720051
0.544 11.7647058823529 846.836313602404
0.545 14.4954128440367 861.331726446441
0.594 4.37710437710438 865.708830823545
0.539 0.927643784786642 866.636474608332
0.552 10.1449275362319 876.781402144564
0.585 7.00854700854701 883.789949153111
0.576 4.86111111111111 888.651060264222
0.585 10.7692307692308 899.420291033453
0.563 1.24333925399645 900.663630287449
0.606 0.33003300330033 900.99366329075
0.565 5.84070796460177 906.834371255351
0.595 -2.85714285714286 903.977228398208
0.576 4.51388888888889 908.491117287097
0.572 0 908.491117287097
0.596 -0.671140939597315 907.8199763475
0.589 2.54668930390492 910.366665651405
0.613 7.66721044045677 918.033876091862
0.573 6.45724258289703 924.491118674759
0.6 -6.33333333333333 918.157785341425
0.55 -1.09090909090909 917.066876250516
0.562 1.06761565836299 918.134491908879
0.582 0.687285223367698 918.821777132247
0.536 -3.35820895522388 915.463568177023
0.605 -0.495867768595041 914.967700408428
0.57 -1.05263157894737 913.915068829481
0.586 1.02389078498294 914.938959614464
0.51 10.9803921568627 925.919351771326
0.526 1.52091254752852 927.440264318855
0.541 -1.29390018484288 926.146364134012
0.491 4.68431771894094 930.830681852953
0.454 9.69162995594714 940.5223118089
0.465 1.93548387096774 942.457795679868
0.504 5.15873015873016 947.616525838598
0.501 6.98602794411178 954.60255378271
0.529 0.189035916824197 954.791589699534
0.491 -1.42566191446029 953.365927785074
0.457 -1.53172866520788 951.834199119866
0.486 6.99588477366255 958.830083893528
0.478 7.94979079497908 966.779874688507
0.467 7.06638115631692 973.846255844824
0.511 7.24070450097847 981.086960345803
0.519 6.74373795761079 987.830698303414
0.545 9.35779816513761 997.188496468551
0.591 1.1844331641286 998.37292963268
0.545 -2.38532110091743 995.987608531762
0.584 1.02739726027397 997.015005792036
0.574 3.83275261324042 1000.84775840528
0.56 10.3571428571429 1011.20490126242
0.552 1.08695652173913 1012.29185778416
0.571 -0.525394045534151 1011.76646373862
0.587 -0.511073253833049 1011.25539048479
0.57 -2.10526315789474 1009.1501273269
0.551 -1.27041742286751 1007.87970990403
0.51 1.17647058823529 1009.05618049226
0.501 9.78043912175649 1018.83661961402
0.519 -0.963391136801541 1017.87322847722
0.542 4.7970479704797 1022.6702764477
0.536 9.70149253731343 1032.37176898501
0.52 3.84615384615385 1036.21792283117
0.555 3.06306306306306 1039.28098589423
0.532 12.0300751879699 1051.3110610822
0.563 16.1634103019538 1067.47447138415
0.527 8.53889943074004 1076.01337081489
0.58 2.75862068965517 1078.77199150455
0.609 11.3300492610837 1090.10204076563
0.602 0.332225913621262 1090.43426667925
0.589 4.24448217317487 1094.67874885243
0.613 -0.815660685154976 1093.86308816727
0.537 2.42085661080074 1096.28394477807
0.558 3.584229390681 1099.86817416876
0.582 6.52920962199313 1106.39738379075
0.515 12.621359223301 1119.01874301405
0.606 -10.8910891089109 1108.12765390514
0.6 -1 1107.12765390514
0.59 -3.38983050847458 1103.73782339666
0.551 -16.1524500907441 1087.58537330592
0.521 -1.34357005758157 1086.24180324834
0.491 6.72097759674134 1092.96278084508
0.541 6.83918669131238 1099.80196753639
0.557 2.69299820466786 1102.49496574106
0.572 -5.24475524475525 1097.2502104963
0.563 0.88809946714032 1098.13830996344
0.534 1.87265917602996 1100.01096913947
0.555 0.18018018018018 1100.19114931966
0.541 4.99075785582255 1105.18190717548
0.536 1.49253731343284 1106.67444448891
0.553 2.7124773960217 1109.38692188493
0.529 3.21361058601134 1112.60053247094
0.539 6.49350649350649 1119.09403896445
0.6 9.33333333333333 1128.42737229778
0.572 1.04895104895105 1129.47632334673
0.599 -2.50417362270451 1126.97214972403
0.597 0.16750418760469 1127.13965391163
0.506 8.69565217391304 1135.83530608555
0.55 9.81818181818182 1145.65348790373
0.558 -1.4336917562724 1144.21979614746
0.523 -1.33843212237094 1142.88136402509
0.516 0.775193798449612 1143.65655782354
0.564 3.19148936170213 1146.84804718524
0.531 -3.95480225988701 1142.89324492535
0.538 2.97397769516729 1145.86722262052
0.533 6.94183864915572 1152.80906126967
0.54 14.4444444444444 1167.25350571412
0.548 3.64963503649635 1170.90314075061
0.503 1.39165009940358 1172.29479085002
0.514 3.89105058365759 1176.18584143368
0.561 5.52584670231729 1181.71168813599
0.556 8.27338129496403 1189.98506943096
0.59 2.71186440677966 1192.69693383774
0.55 0 1192.69693383774
0.583 7.71869639794168 1200.41563023568
0.599 1.1686143572621 1201.58424459294
0.541 -2.40295748613678 1199.1812871068
0.572 -1.3986013986014 1197.7826857082
0.53 6.41509433962264 1204.19778004783
0.511 1.76125244618395 1205.95903249401
0.505 -0.198019801980198 1205.76101269203
0.537 2.42085661080074 1208.18186930283
0.53 5.28301886792453 1213.46488817075
0.526 10.6463878326996 1224.11127600345
0.524 1.90839694656489 1226.01967295002
0.573 2.26876090750436 1228.28843385752
0.533 14.0712945590994 1242.35972841662
0.524 8.01526717557252 1250.37499559219
0.542 5.16605166051661 1255.54104725271
0.561 3.03030303030303 1258.57135028301
0.498 2.81124497991968 1261.38259526293
0.504 11.9047619047619 1273.2873571677
0.552 6.15942028985507 1279.44677745755
0.532 8.27067669172932 1287.71745414928
0.535 7.28971962616822 1295.00717377545
0.571 3.67775831873905 1298.68493209419
0.476 10.9243697478992 1309.60930184209
0.542 8.11808118081181 1317.7273830229
0.49 4.08163265306122 1321.80901567596
0.507 4.14201183431953 1325.95102751028
0.461 8.45986984815618 1334.41089735844
0.452 0 1334.41089735844
0.426 3.75586854460094 1338.16676590304
0.481 -0.207900207900208 1337.95886569514
0.52 0 1337.95886569514
0.486 -7.40740740740741 1330.55145828773
0.509 -5.30451866404715 1325.24693962368
0.485 1.44329896907216 1326.69023859275
0.451 -0.221729490022173 1326.46850910273
0.447 -1.56599552572707 1324.902513577
0.472 -10.5932203389831 1314.30929323802
0.589 -8.99830220713073 1305.31099103089
0.574 -3.48432055749129 1301.8266704734
0.597 1.50753768844221 1303.33420816184
0.571 -2.97723292469352 1300.35697523715
0.628 -13.0573248407643 1287.29965039638
0.578 -19.3771626297578 1267.92248776663
0.577 -12.998266897747 1254.92422086888
0.545 -5.68807339449541 1249.23614747438
0.502 3.18725099601594 1252.4233984704
0.519 -7.12909441233141 1245.29430405807
0.551 -0.907441016333938 1244.38686304173
0.553 2.35081374321881 1246.73767678495
0.563 3.01953818827709 1249.75721497323
0.558 -3.2258064516129 1246.53140852162
0.492 2.84552845528455 1249.3769369769
0.516 4.26356589147287 1253.64050286837
0.596 -4.36241610738255 1249.27808676099
0.559 -11.6279069767442 1237.65017978425
0.548 1.82481751824818 1239.4749973025
0.555 -1.26126126126126 1238.21373604124
0.57 -15.7894736842105 1222.42426235702
0.553 -5.60578661844485 1216.81847573858
0.567 -3.7037037037037 1213.11477203488
0.565 -5.13274336283186 1207.98202867204
0.548 -2.91970802919708 1205.06232064285
0.523 1.7208413001912 1206.78316194304
0.557 0.179533213644524 1206.96269515668
0.591 9.98307952622674 1216.94577468291
0.526 0.380228136882129 1217.32600281979
0.605 5.45454545454545 1222.78054827434
0.535 13.2710280373832 1236.05157631172
0.51 -7.84313725490196 1228.20843905682
0.575 -2.26086956521739 1225.9475694916
0.598 -3.34448160535117 1222.60308788625
0.541 -2.77264325323475 1219.83044463302
0.58 -3.10344827586207 1216.72699635715
0.581 -5.67986230636833 1211.04713405078
0.56 -8.21428571428571 1202.8328483365
0.549 -4.55373406193078 1198.27911427457
0.555 -6.30630630630631 1191.97280796826
0.565 -5.48672566371681 1186.48608230454
0.553 -0.54249547920434 1185.94358682534
0.563 10.8348134991119 1196.77840032445
0.55 0.363636363636364 1197.14203668809
0.58 3.44827586206897 1200.59031255016
0.562 -12.4555160142349 1188.13479653592
0.588 -3.06122448979592 1185.07357204613
0.585 -3.24786324786325 1181.82570879826
0.57 -8.07017543859649 1173.75553335967
0.561 -0.17825311942959 1173.57728024024
0.578 3.11418685121107 1176.69146709145
0.645 2.01550387596899 1178.70697096742
0.603 -5.80431177446103 1172.90265919296
0.576 -2.77777777777778 1170.12488141518
0.614 0 1170.12488141518
0.545 -1.65137614678899 1168.47350526839
0.525 1.71428571428571 1170.18779098268
0.558 -6.45161290322581 1163.73617807945
0.574 3.13588850174216 1166.87206658119
0.538 1.48698884758364 1168.35905542878
0.536 3.73134328358209 1172.09039871236
0.59 1.01694915254237 1173.1073478649
0.556 -5.39568345323741 1167.71166441166
0.556 -1.43884892086331 1166.2728154908
0.647 -2.62751159196291 1163.64530389884
0.616 1.62337662337662 1165.26868052221
0.578 -2.7681660899654 1162.50051443225
0.607 -3.78912685337727 1158.71138757887
0.559 -4.83005366726297 1153.88133391161
0.582 -3.78006872852234 1150.10126518309
0.568 -9.15492957746479 1140.94633560562
0.566 -4.24028268551237 1136.70605292011
0.551 -8.52994555353902 1128.17610736657
0.525 -10.8571428571429 1117.31896450943
0.563 1.9538188277087 1119.27278333713
0.569 -11.4235500878735 1107.84923324926
0.5 -13.2 1094.64923324926
0.513 -4.48343079922027 1090.16580245004
0.551 -7.07803992740472 1083.08776252264
0.572 -2.44755244755245 1080.64021007508
0.54 6.66666666666667 1087.30687674175
0.498 -4.01606425702811 1083.29081248472
0.493 3.44827586206897 1086.73908834679
0.525 2.85714285714286 1089.59623120393
0.552 -3.6231884057971 1085.97304279814
0.583 5.31732418524871 1091.29036698339
0.593 -0.505902192242833 1090.78446479114
0.569 6.85413005272408 1097.63859484387
0.59 -0.677966101694915 1096.96062874217
0.603 5.14096185737977 1102.10159059955
0.458 -11.353711790393 1090.74787880916
0.43 -3.72093023255814 1087.0269485766
0.615 3.08943089430894 1090.11637947091
0.585 5.64102564102564 1095.75740511194
0.584 -2.05479452054795 1093.70261059139
0.593 -6.57672849915683 1087.12588209223
0.577 -0.519930675909879 1086.60595141632
0.606 -2.31023102310231 1084.29572039322
0.606 2.64026402640264 1086.93598441962
0.6 -4.33333333333333 1082.60265108629
0.58 -3.10344827586207 1079.49920281043
0.592 -2.7027027027027 1076.79650010772
0.554 4.33212996389892 1081.12863007162
0.578 4.1522491349481 1085.28087920657
0.575 -2.60869565217391 1082.6721835544
0.482 -2.0746887966805 1080.59749475772
0.573 -0.87260034904014 1079.72489440868
0.602 0 1079.72489440868
0.565 -3.00884955752212 1076.71604485115
0.619 -2.10016155088853 1074.61588330026
0.598 1.00334448160535 1075.61922778187
0.578 -3.11418685121107 1072.50504093066
0.574 -1.74216027874564 1070.76288065191
0.58 -3.10344827586207 1067.65943237605
0.553 -3.43580470162749 1064.22362767442
0.534 0 1064.22362767442
0.534 -7.49063670411985 1056.7329909703
0.584 -2.3972602739726 1054.33573069633
0.599 5.84307178631052 1060.17880248264
0.59 1.35593220338983 1061.53473468603
0.629 -3.97456279809221 1057.56017188794
0.605 -0.495867768595041 1057.06430411934
0.582 -13.0584192439863 1044.00588487536
0.535 4.29906542056075 1048.30495029592
0.599 -14.1903171953255 1034.11463310059
0.593 -7.92580101180438 1026.18883208879
0.592 -2.36486486486486 1023.82396722392
0.592 1.35135135135135 1025.17531857528
0.58 -12.4137931034483 1012.76152547183
0.619 2.10016155088853 1014.86168702272
0.622 4.82315112540193 1019.68483814812
0.542 2.9520295202952 1022.63686766841
0.434 -2.30414746543779 1020.33272020298
0.563 -3.73001776198934 1016.60270244099
0.42 0.952380952380952 1017.55508339337
0.506 -5.13833992094862 1012.41674347242
0.597 -8.87772194304858 1003.53902152937
0.6 -11 992.53902152937
0.611 -2.7823240589198 989.75669747045
0.604 -3.97350993377483 985.783187536675
0.609 -6.07553366174056 979.707653874934
0.606 -5.61056105610561 974.097092818829
0.54 -2.59259259259259 971.504500226236
0.588 -2.38095238095238 969.123547845284
0.576 -10.7638888888889 958.359658956395
0.597 -7.53768844221106 950.821970514184
0.617 -6.96920583468395 943.8527646795
0.599 -1.83639398998331 942.016370689517
0.59 5.08474576271186 947.101116452229
0.601 6.15640599001664 953.257522442245
0.592 -0.675675675675676 952.581846766569
0.607 -3.13014827018122 949.451698496388
0.593 -0.168634064080944 949.283064432307
0.544 1.83823529411765 951.121299726425
0.613 4.40456769983687 955.525867426262
0.553 -2.7124773960217 952.81339003024
0.419 -7.39856801909308 945.414822011147
0.536 5.22388059701493 950.638702608162
0.456 9.21052631578947 959.849228923952
0.568 18.3098591549296 978.159088078881
0.514 -5.44747081712062 972.71161726176
0.621 0.483091787439614 973.1947090492
0.597 -4.52261306532663 968.672095983873
0.536 -0.746268656716418 967.925827327157
0.597 -3.18257956448911 964.743247762668
0.58 -9.31034482758621 955.432902935082
0.587 -3.57751277683135 951.85539015825
0.566 6.36042402826855 958.215814186519
0.569 9.66608084358524 967.881895030104
0.572 1.74825174825175 969.630146778356
0.574 5.22648083623693 974.856627614593
0.578 -0.692041522491349 974.164586092101
0.576 0.347222222222222 974.511808314324
0.59 -0.338983050847458 974.172825263476
0.565 5.48672566371681 979.659550927193
0.581 -1.54905335628227 978.110497570911
0.568 -0.704225352112676 977.406272218798
0.583 -1.88679245283019 975.519479765968
0.582 -4.12371134020619 971.395768425762
0.571 -1.57618213660245 969.819586289159
0.547 3.83912248628885 973.658708775448
0.566 -7.77385159010601 965.884857185342
0.513 -0.974658869395711 964.910198315946
0.559 0.894454382826476 965.804652698773
0.568 -3.52112676056338 962.283525938209
0.566 1.41342756183746 963.696953500047
0.533 4.31519699812383 968.012150498171
0.548 -1.45985401459854 966.552296483572
0.513 -1.75438596491228 964.79791051866
0.51 0.392156862745098 965.190067381405
0.533 -12.1951219512195 952.994945430186
0.567 2.64550264550265 955.640448075688
0.565 -5.84070796460177 949.799740111086
0.59 3.38983050847458 953.189570619561
0.58 4.48275862068965 957.672329240251
0.54 8.88888888888889 966.56121812914
0.579 5.00863557858376 971.569853707723
0.546 -4.76190476190476 966.807948945819
0.588 -5.10204081632653 961.705908129492
0.589 -5.26315789473684 956.442750234755
0.577 -2.25303292894281 954.189717305812
0.551 -7.44101633393829 946.748700971874
0.5 -6 940.748700971874
0.485 -1.03092783505155 939.717773136823
0.528 -11.3636363636364 928.354136773186
0.513 -7.21247563352826 921.141661139658
0.541 -5.73012939001848 915.411531749639
0.527 2.84629981024668 918.257831559886
0.516 0 918.257831559886
0.523 -0.191204588910134 918.066626970976
0.587 9.02896081771721 927.095587788693
0.546 -0.732600732600733 926.362987056092
0.528 -0.757575757575758 925.605411298517
0.534 -2.24719101123596 923.358220287281
0.535 -3.17757009345794 920.180650193823
0.521 -2.11132437619962 918.069325817623
0.513 2.92397660818713 920.99330242581
0.512 5.078125 926.07142742581
0.462 7.35930735930736 933.430734785118
0.545 0.55045871559633 933.981193500714
0.552 2.17391304347826 936.155106544192
0.461 -1.08459869848156 935.070507845711
0.493 -4.25963488843813 930.810872957273
0.442 -4.52488687782805 926.285986079444
0.497 2.61569416498994 928.901680244434
0.526 -1.52091254752852 927.380767696906
0.556 6.11510791366906 933.495875610575
0.575 11.6521739130435 945.148049523618
0.562 5.69395017793594 950.841999701554
0.554 2.88808664259928 953.730086344154
0.602 0.996677740863787 954.726764085017
0.563 -3.37477797513321 951.351986109884
0.617 -4.05186385737439 947.30012225251
0.534 5.61797752808989 952.9180997806
0.576 15.2777777777778 968.195877558377
0.568 1.76056338028169 969.956440938659
0.551 4.53720508166969 974.493646020329
0.573 -3.31588132635253 971.177764693976
0.538 1.85873605947955 973.036500753456
0.524 -3.81679389312977 969.219706860326
0.553 -0.180831826401447 969.038875033925
0.563 8.34813499111901 977.387010025044
0.619 8.88529886914378 986.272308894188
0.596 8.7248322147651 994.997141108953
0.598 2.0066889632107 997.003830072163
0.558 10.0358422939068 1007.03967236607
0.548 6.93430656934307 1013.97397893541
0.58 -4.13793103448276 1009.83604790093
0.536 -7.08955223880597 1002.74649566212
0.549 -7.46812386156648 995.278371800558
0.545 -11.5596330275229 983.718738773035
0.507 -19.9211045364892 963.797634236546
0.506 -15.8102766798419 947.987357556704
0.51 -4.70588235294118 943.281475203763
0.528 -2.65151515151515 940.629960052248
0.569 -9.66608084358524 930.963879208662
0.534 -14.2322097378277 916.731669470835
0.516 -6.97674418604651 909.754925284788
0.564 -53.9007092198582 855.85421606493
0.551 -12.8856624319419 842.968553632988
0.527 -18.0265654648956 824.941988168092
0.539 -18.3673469387755 806.574641229317
0.547 -16.2705667276051 790.304074501712
0.507 -3.35305719921105 786.951017302501
0.562 2.49110320284698 789.442120505348
0.581 -5.33562822719449 784.106492278153
0.595 -0.840336134453782 783.2661561437
0.561 -0.17825311942959 783.08790302427
0.543 -7.18232044198895 775.905582582281
0.574 -10.801393728223 765.104188854058
0.565 -6.19469026548673 758.909498588571
0.574 -8.36236933797909 750.547129250592
0.596 -7.38255033557047 743.164578915022
0.548 -8.02919708029197 735.13538183473
0.587 -0.170357751277683 734.965024083452
0.557 -6.28366247755835 728.681361605894
0.57 0 728.681361605894
0.542 -7.01107011070111 721.670291495192
0.596 -0.335570469798658 721.334721025394
0.578 -9.68858131487889 711.646139710515
0.574 -7.31707317073171 704.329066539783
0.568 -6.33802816901408 697.991038370769
0.568 -12.3239436619718 685.667094708797
0.572 -11.1888111888112 674.478283519986
0.559 -2.68336314847943 671.794920371507
0.545 -6.78899082568807 665.005929545819
0.557 -5.56552962298025 659.440399922838
0.55 -4.36363636363636 655.076763559202
0.549 -6.3752276867031 648.701535872499
0.541 1.29390018484288 649.995436057342
0.52 -5.76923076923077 644.226205288111
0.55 -2.90909090909091 641.31711437902
0.581 -4.64716006884682 636.669954310173
0.557 -1.97486535008977 634.695088960084
0.551 -11.4337568058076 623.261332154276
0.574 -4.8780487804878 618.383283373788
0.517 -16.0541586073501 602.329124766438
0.515 -12.621359223301 589.707765543137
0.502 -7.56972111553785 582.138044427599
0.529 -8.50661625708885 573.63142817051
0.55 -5.81818181818182 567.813246352329
0.561 -0.89126559714795 566.921980755181
0.601 -11.4808652246256 555.441115530555
0.541 -7.94824399260628 547.492871537949
0.58 -0.689655172413793 546.803216365535
0.575 3.30434782608696 550.107564191622
0.548 -11.3138686131387 538.793695578483
0.584 3.76712328767123 542.560818866154
0.56 -3.92857142857143 538.632247437583
0.563 -6.21669626998224 532.415551167601
0.576 -10.4166666666667 521.998884500934
0.587 -1.53321976149915 520.465664739435
0.523 3.25047801147228 523.716142750907
0.533 0.562851782363977 524.278994533271
0.492 -7.31707317073171 516.961921362539
0.546 -10.6227106227106 506.339210739829
0.58 -12.7586206896552 493.580590050174
0.554 0.72202166064982 494.302611710823
0.55 -0.363636363636364 493.938975347187
0.573 -3.31588132635253 490.623094020835
0.558 -1.4336917562724 489.189402264562
0.604 1.98675496688742 491.17615723145
0.55 1.81818181818182 492.994339049631
0.57 2.10526315789474 495.099602207526
0.523 -6.69216061185468 488.407441595672
0.516 -9.30232558139535 479.105116014276
0.492 -4.47154471544715 474.633571298829
0.526 2.28136882129278 476.914940120122
0.558 4.3010752688172 481.216015388939
0.529 9.26275992438563 490.478775313325
0.537 -2.79329608938547 487.685479223939
0.601 -3.16139767054908 484.52408155339
0.569 -4.39367311072056 480.130408442669
0.601 3.49417637271215 483.624584815382
0.557 9.15619389587074 492.780778711252
0.61 3.27868852459016 496.059467235843
0.59 -1.01694915254237 495.0425180833
0.623 1.4446227929374 496.487140876238
0.579 4.31778929188256 500.80493016812
0.604 -1.32450331125828 499.480426856862
0.573 4.71204188481675 504.192468741679
0.537 0.558659217877095 504.751127959556
0.42 4.28571428571429 509.03684224527
0.555 -7.74774774774775 501.289094497522
0.601 -6.82196339434276 494.467131103179
0.645 -5.11627906976744 489.350852033412
0.616 -4.22077922077922 485.130072812633
0.605 -6.44628099173554 478.683791820897
0.584 -3.76712328767123 474.916668533226
0.578 -8.65051903114187 466.266149502084
0.554 1.44404332129964 467.710192823384
0.48 2.08333333333333 469.793526156717
0.475 -1.47368421052632 468.319841946191
0.6 -10.6666666666667 457.653175279524
0.579 -5.35405872193437 452.29911655759
0.593 -2.52951096121417 449.769605596376
0.624 -3.20512820512821 446.564477391247
0.593 -0.168634064080944 446.395843327166
0.617 1.78282009724473 448.178663424411
0.572 0 448.178663424411
0.595 0.168067226890756 448.346730651302
0.559 3.39892665474061 451.745657306043
0.551 -8.8929219600726 442.85273534597
0.493 -0.608519269776876 442.244216076193
0.555 -6.30630630630631 435.937909769887
0.476 0.420168067226891 436.358077837114
0.617 -3.40356564019449 432.954512196919
0.636 -3.14465408805031 429.809858108869
0.621 -2.41545893719807 427.394399171671
0.601 -6.82196339434276 420.572435777328
0.574 -14.2857142857143 406.286721491614
0.577 -12.998266897747 393.288454593867
0.585 0.170940170940171 393.459394764807
0.488 -5.32786885245902 388.131525912348
0.484 -11.1570247933884 376.974501118959
0.507 -10.0591715976331 366.915329521326
0.46 -12.6086956521739 354.306633869152
0.482 -9.95850622406639 344.348127645086
0.548 -8.39416058394161 335.953967061144
0.565 -6.90265486725664 329.051312193888
0.605 -6.11570247933884 322.935609714549
0.527 -0.94876660341556 321.986843111133
0.565 -5.13274336283186 316.854099748302
0.511 -2.5440313111546 314.310068437147
0.524 -13.3587786259542 300.951289811193
0.408 -2.94117647058824 298.010113340605
0.446 -9.86547085201794 288.144642488587
0.551 5.98911070780399 294.133753196391
0.583 0.857632933104631 294.991386129495
0.573 1.57068062827225 296.562066757767
0.575 1.56521739130435 298.127284149072
0.566 -11.660777385159 286.466506763913
0.515 -12.2330097087379 274.233497055175
0.517 5.60928433268859 279.842781387864
0.574 0.348432055749129 280.191213443613
0.592 -4.05405405405405 276.137159389559
0.599 4.17362270450751 280.310782094066
0.585 -0.170940170940171 280.139841923126
0.551 -4.17422867513612 275.96561324799
0.541 -3.14232902033272 272.823284227657
0.553 -8.1374321880651 264.685852039592
0.599 -6.17696160267112 258.508890436921
0.581 -11.5318416523236 246.977048784597
0.582 -10.9965635738832 235.980485210714
0.579 -3.28151986183074 232.698965348883
0.535 -1.68224299065421 231.016722358229
0.549 -7.46812386156648 223.548598496663
0.548 -2.55474452554745 220.993853971115
0.57 3.15789473684211 224.151748707957
0.607 8.73146622734761 232.883214935305
0.631 -2.69413629160063 230.189078643704
0.594 -3.03030303030303 227.158775613401
0.594 7.74410774410774 234.902883357509
0.571 -4.72854640980736 230.174336947702
0.602 -5.98006644518272 224.194270502519
0.59 -11.864406779661 212.329863722858
0.533 -6.56660412757974 205.763259595278
0.558 -5.01792114695341 200.745338448325
0.564 -13.4751773049645 187.27016114336
0.531 -4.33145009416196 182.938711049198
0.535 -12.5233644859813 170.415346563217
0.513 -2.92397660818713 167.49136995503
0.545 -10.8256880733945 156.665681881635
0.578 -7.61245674740484 149.053225134231
0.586 -8.19112627986348 140.862098854367
0.554 -9.38628158844765 131.475817265919
0.57 -6.31578947368421 125.160027792235
0.606 -10.8910891089109 114.268938683324
0.568 -5.98591549295775 108.283023190367
0.559 -14.4901610017889 93.7928621885777
0.55 -7.27272727272727 86.5201349158504
0.583 -12.1783876500858 74.3417472657646
0.547 -2.0109689213894 72.3307783443752
0.588 -5.10204081632653 67.2287375280487
0.56 -12.1428571428571 55.0858803851916
0.569 0.527240773286467 55.613121158478
0.574 -8.71080139372822 46.9023197647498
0.579 -6.39032815198618 40.5119916127636
0.569 -10.7205623901582 29.7914292226055
0.538 -9.66542750929368 20.1260017133118
0.526 -12.1673003802281 7.95870133308364
0.583 -14.9228130360206 -6.96411170293694
0.581 -1.54905335628227 -8.51316505921922
0.585 -9.05982905982906 -17.5729941190483
0.552 -9.78260869565217 -27.3556028147005
0.54 -3.7037037037037 -31.0593065184042
0.591 -14.0439932318105 -45.1032997502146
0.536 -1.11940298507463 -46.2227027352893
0.555 -3.78378378378378 -50.0064865190731
0.534 -2.62172284644195 -52.628209365515
0.496 -3.2258064516129 -55.8540158171279
0.578 -2.42214532871972 -58.2761611458476
0.556 -8.63309352517986 -66.9092546710275
0.598 -4.0133779264214 -70.9226325974489
0.573 -2.96684118673647 -73.8894737841854
0.563 -4.08525754884547 -77.9747313330308
0.516 -1.16279069767442 -79.1375220307053
0.573 -11.3438045375218 -90.4813265682271
0.544 -9.19117647058824 -99.6725030388153
0.558 -9.31899641577061 -108.991499454586
0.519 -1.73410404624277 -110.725603500829
0.532 -7.5187969924812 -118.24440049331
0.521 -8.25335892514395 -126.497759418454
0.54 1.85185185185185 -124.645907566602
0.53 -5.28301886792453 -129.928926434527
0.537 -2.04841713221601 -131.977343566743
0.586 -4.43686006825939 -136.414203635002
0.561 -5.88235294117647 -142.296556576178
0.577 -3.29289428076257 -145.589450856941
0.535 -0.560747663551402 -146.150198520492
0.527 -10.4364326375712 -156.586631158064
0.526 -9.50570342205323 -166.092334580117
0.562 -14.9466192170819 -181.038953797199
0.522 -9.57854406130268 -190.617497858501
0.58 -2.41379310344828 -193.03129096195
0.553 -2.35081374321881 -195.382104705168
0.578 -0.346020761245675 -195.728125466414
0.567 0.529100529100529 -195.199024937314
0.601 -6.82196339434276 -202.020988331656
0.572 -12.5874125874126 -214.608400919069
0.569 -5.09666080843585 -219.705061727505
0.572 -6.64335664335664 -226.348418370861
0.592 1.01351351351351 -225.334904857348
0.55 -6.18181818181818 -231.516723039166
0.613 -3.09951060358891 -234.616233642755
0.548 -6.2043795620438 -240.820613204799
0.559 -6.97674418604651 -247.797357390845
0.588 -5.10204081632653 -252.899398207172
0.537 -8.75232774674116 -261.651725953913
0.566 -6.00706713780919 -267.658793091722
0.619 -5.00807754442649 -272.666870636149
0.619 -4.68497576736672 -277.351846403515
0.621 -0.161030595813205 -277.512876999329
0.586 -9.21501706484642 -286.727894064175
0.546 -5.49450549450549 -292.22239955868
0.526 -1.14068441064639 -293.363083969327
0.616 -2.27272727272727 -295.635811242054
0.593 -1.18043844856661 -296.816249690621
0.596 -5.36912751677852 -302.185377207399
0.606 -0.33003300330033 -302.5154102107
0.521 -2.87907869481766 -305.394488905517
0.598 -12.0401337792642 -317.434622684781
0.579 -6.04490500863558 -323.479527693417
0.608 -3.94736842105263 -327.42689611447
0.573 -5.06108202443281 -332.487978138902
0.589 -5.94227504244482 -338.430253181347
0.584 -7.53424657534247 -345.96449975669
0.567 -6.52557319223986 -352.49007294893
0.568 -3.52112676056338 -356.011199709493
0.535 -2.42990654205607 -358.441106251549
0.496 -6.45161290322581 -364.892719154775
0.54 -7.03703703703704 -371.929756191812
0.553 -4.52079566003617 -376.450551851848
0.606 -15.8415841584158 -392.292136010264
0.589 0.848896434634975 -391.443239575629
0.594 4.37710437710438 -387.066135198525
0.565 -5.48672566371681 -392.552860862241
0.57 -8.07017543859649 -400.623036300838
0.585 -1.88034188034188 -402.50337818118
0.553 -7.41410488245931 -409.917483063639
0.558 -5.01792114695341 -414.935404210592
0.545 -2.75229357798165 -417.687697788574
0.525 -2.0952380952381 -419.782935883812
0.571 -6.47985989492119 -426.262795778733
0.553 -11.0307414104882 -437.293537189222
0.568 -3.87323943661972 -441.166776625841
0.532 -9.3984962406015 -450.565272866443
0.549 -8.92531876138434 -459.490591627827
0.54 -14.4444444444444 -473.935036072272
0.567 -12.1693121693122 -486.104348241584
0.548 -8.02919708029197 -494.133545321876
0.516 -8.91472868217054 -503.048274004046
0.557 -3.41113105924596 -506.459405063292
0.574 -10.1045296167247 -516.563934680017
0.577 -12.3050259965338 -528.868960676551
0.548 0.72992700729927 -528.139033669252
0.517 -5.60928433268859 -533.74831800194
0.508 -10.2362204724409 -543.984538474381
0.497 -2.21327967806841 -546.197818152449
0.537 4.28305400372439 -541.914764148725
0.568 -2.8169014084507 -544.731665557176
0.544 -2.57352941176471 -547.305194968941
0.532 2.25563909774436 -545.049555871196
0.557 -7.00179533213645 -552.051351203333
0.577 4.33275563258232 -547.71859557075
0.573 0.87260034904014 -546.84599522171
0.543 -2.39410681399632 -549.240102035706
0.566 -16.6077738515901 -565.847875887297
0.565 -2.65486725663717 -568.502743143934
0.575 -2.95652173913043 -571.459264883064
0.563 -1.59857904085258 -573.057843923917
0.594 -1.68350168350168 -574.741345607418
0.577 -2.59965337954939 -577.340998986968
0.58 -12.4137931034483 -589.754792090416
0.561 -4.45632798573975 -594.211120076156
0.565 -6.54867256637168 -600.759792642527
0.564 -4.60992907801418 -605.369721720542
0.552 3.98550724637681 -601.384214474165
0.552 -3.6231884057971 -605.007402879962
0.54 -5.18518518518519 -610.192588065147
0.558 -6.45161290322581 -616.644200968373
0.549 -5.28233151183971 -621.926532480213
0.536 -4.85074626865672 -626.777278748869
0.59 2.03389830508475 -624.743380443785
0.576 -5.20833333333333 -629.951713777118
0.604 -4.96688741721854 -634.918601194337
0.59 -5.08474576271186 -640.003346957048
0.616 -0.324675324675325 -640.328022281724
0.555 0.540540540540541 -639.787481741183
0.587 -5.96252129471891 -645.750003035902
0.529 -14.5557655954631 -660.305768631365
0.523 -7.07456978967495 -667.38033842104
0.578 0 -667.38033842104
0.605 -6.44628099173554 -673.826619412776
0.58 -5.17241379310345 -678.999033205879
0.531 -5.83804143126177 -684.837074637141
0.574 2.4390243902439 -682.398050246897
0.582 0.687285223367698 -681.710765023529
0.597 -3.51758793969849 -685.228352963228
0.583 -1.54373927958834 -686.772092242816
0.615 6.66666666666667 -680.10542557615
0.587 -6.64395229982964 -686.749377875979
0.61 -0.983606557377049 -687.732984433356
0.61 -6.22950819672131 -693.962492630077
0.589 -12.3938879456706 -706.356380575748
0.56 -12.1428571428571 -718.499237718605
0.542 -7.01107011070111 -725.510307829306
0.558 -6.81003584229391 -732.3203436716
0.579 -13.2987910189983 -745.619134690599
0.471 -16.7728237791932 -762.391958469792
0.561 -8.02139037433155 -770.413348844123
0.57 -13.3333333333333 -783.746682177457
0.565 -27.0796460176991 -810.826328195156
0.518 -8.49420849420849 -819.320536689364
0.549 -10.3825136612022 -829.703050350566
0.487 -5.95482546201232 -835.657875812579
0.533 -9.19324577861163 -844.85112159119
0.487 -3.49075975359343 -848.341881344784
0.524 -9.54198473282443 -857.883866077608
0.566 -12.7208480565371 -870.604714134145
0.499 -7.01402805611222 -877.618742190258
0.531 -7.72128060263653 -885.340022792894
0.507 -0.19723865877712 -885.537261451671
0.51 -5.88235294117647 -891.419614392848
0.486 -2.05761316872428 -893.477227561572
0.584 -5.47945205479452 -898.956679616367
0.527 -0.569259962049336 -899.525939578416
0.569 4.04217926186292 -895.483760316553
0.556 0.719424460431655 -894.764335856121
0.613 -4.07830342577488 -898.842639281896
0.619 -5.65428109854604 -904.496920380442
0.587 -1.87393526405451 -906.370855644497
0.581 2.92598967297762 -903.444865971519
0.571 0.175131348511384 -903.269734623008
0.551 -8.16696914700544 -911.436703770013
0.535 -9.90654205607477 -921.343245826088
0.59 -5.76271186440678 -927.105957690495
0.586 -8.19112627986348 -935.297083970358
0.587 0.851788756388416 -934.44529521397
0.623 -7.86516853932584 -942.310463753296
0.603 -3.48258706467662 -945.793050817972
0.582 -6.18556701030928 -951.978617828281
0.579 -0.518134715025907 -952.496752543307
0.602 -11.9601328903654 -964.456885433673
0.571 3.32749562171629 -961.129389811957
0.513 -4.48343079922027 -965.612820611177
0.595 -6.89075630252101 -972.503576913698
0.622 0.643086816720257 -971.860490096978
0.547 -10.7861060329068 -982.646596129884
0.565 -1.94690265486726 -984.593498784752
0.508 -5.90551181102362 -990.499010595775
0.57 -6.66666666666667 -997.165677262442
0.562 4.27046263345196 -992.89521462899
0.538 7.43494423791822 -985.460270391072
0.516 3.10077519379845 -982.359495197273
0.557 10.5924596050269 -971.767035592246
0.544 -1.47058823529412 -973.23762382754
0.527 5.88235294117647 -967.355270886364
0.539 2.78293135435993 -964.572339532004
0.606 16.1716171617162 -948.400722370288
0.621 7.2463768115942 -941.154345558694
0.579 6.39032815198618 -934.764017406707
0.564 0 -934.764017406707
0.548 -0.364963503649635 -935.128980910357
0.52 -6.92307692307692 -942.052057833434
0.563 -0.177619893428064 -942.229677726862
0.54 -2.96296296296296 -945.192640689825
0.602 1.32890365448505 -943.86373703534
0.609 -1.14942528735632 -945.013162322696
0.587 4.25894378194208 -940.754218540754
0.581 8.0895008605852 -932.664717680169
0.584 4.45205479452055 -928.212662885649
0.576 0 -928.212662885649
0.59 -7.45762711864407 -935.670290004293
0.467 0.642398286937901 -935.027891717355
0.54 -8.88888888888889 -943.916780606244
0.618 -8.7378640776699 -952.654644683913
0.6 -11.6666666666667 -964.32131135058
0.555 -8.46846846846847 -972.789779819049
0.571 -12.4343257443082 -985.224105563357
0.585 -8.71794871794872 -993.942054281306
0.537 -1.30353817504655 -995.245592456352
0.512 -16.40625 -1011.65184245635
0.509 -4.91159135559921 -1016.56343381195
0.519 5.97302504816956 -1010.59040876378
0.569 -2.63620386643234 -1013.22661263021
0.597 -7.53768844221106 -1020.76430107243
0.592 -2.36486486486486 -1023.12916593729
0.569 -6.50263620386643 -1029.63180214116
0.575 -5.04347826086957 -1034.67528040203
0.561 -8.73440285204991 -1043.40968325408
0.575 -5.73913043478261 -1049.14881368886
0.572 -12.9370629370629 -1062.08587662592
0.544 -9.55882352941176 -1071.64470015533
0.527 -10.4364326375712 -1082.0811327929
0.509 -10.0196463654224 -1092.10077915833
0.534 -13.1086142322097 -1105.20939339054
0.49 -36.3265306122449 -1141.53592400278
0.556 -15.8273381294964 -1157.36326213228
0.514 -17.5097276264591 -1174.87298975874
0.537 -21.0428305400372 -1195.91582029877
0.541 -17.5600739371534 -1213.47589423593
0.48 -23.3333333333333 -1236.80922756926
0.519 -5.97302504816956 -1242.78225261743
0.545 2.38532110091743 -1240.39693151651
0.494 2.83400809716599 -1237.56292341935
0.574 -2.78745644599303 -1240.35037986534
0.555 -10.6306306306306 -1250.98101049597
0.609 -0.821018062397373 -1251.80202855837
0.554 -6.85920577617328 -1258.66123433454
0.562 -1.42348754448399 -1260.08472187903
0.61 -0.983606557377049 -1261.0683284364
0.571 1.22591943957968 -1259.84240899682
0.534 -8.61423220973783 -1268.45664120656
0.604 -14.5695364238411 -1283.0261776304
0.591 0.50761421319797 -1282.5185634172
0.6 5.33333333333333 -1277.18523008387
0.604 1.65562913907285 -1275.5296009448
0.598 -9.03010033444816 -1284.55970127925
0.607 -4.44810543657331 -1289.00780671582
0.604 -5.62913907284768 -1294.63694578867
0.624 -1.28205128205128 -1295.91899707072
0.606 -5.61056105610561 -1301.52955812682
0.633 -5.21327014218009 -1306.742828269
0.54 -5.92592592592593 -1312.66875419493
0.557 -5.2064631956912 -1317.87521739062
0.607 -11.6968698517298 -1329.57208724235
0.537 -10.2420856610801 -1339.81417290343
0.597 -0.50251256281407 -1340.31668546624
0.55 -9.09090909090909 -1349.40759455715
0.545 -7.15596330275229 -1356.56355785991
0.558 -17.2043010752688 -1373.76785893517
0.553 -7.77576853526221 -1381.54362747044
0.52 2.69230769230769 -1378.85131977813
0.581 -3.95869191049914 -1382.81001168863
0.579 -7.08117443868739 -1389.89118612732
0.596 -7.04697986577181 -1396.93816599309
0.608 -5.26315789473684 -1402.20132388782
0.571 -11.0332749562172 -1413.23459884404
0.568 -7.04225352112676 -1420.27685236517
0.568 -2.8169014084507 -1423.09375377362
0.592 -4.72972972972973 -1427.82348350335
0.59 -1.69491525423729 -1429.51839875759
0.517 -4.06189555125725 -1433.58029430884
0.571 -10.3327495621716 -1443.91304387102
0.548 -4.37956204379562 -1448.29260591481
0.538 0.743494423791822 -1447.54911149102
0.596 -7.04697986577181 -1454.59609135679
0.623 -0.160513643659711 -1454.75660500045
0.58 -1.37931034482759 -1456.13591534528
0.565 -8.67256637168142 -1464.80848171696
0.604 -15.5629139072848 -1480.37139562424
0.588 -13.6054421768707 -1493.97683780112
0.475 -10.7368421052632 -1504.71367990638
0.465 -7.95698924731183 -1512.67066915369
0.473 -19.2389006342495 -1531.90956978794
0.514 -13.2295719844358 -1545.13914177238
0.558 5.73476702508961 -1539.40437474729
0.588 5.10204081632653 -1534.30233393096
0.649 14.6379044684129 -1519.66442946255
0.67 15.5223880597015 -1504.14204140284
0.651 12.7496159754224 -1491.39242542742
0.676 11.5384615384615 -1479.85396388896
0.674 16.6172106824926 -1463.23675320647
0.591 6.26057529610829 -1456.97617791036
0.532 -7.89473684210526 -1464.87091475247
0.552 -10.1449275362319 -1475.0158422887
0.582 -10.6529209621993 -1485.6687632509
0.526 -7.60456273764259 -1493.27332598854
0.481 -15.5925155925156 -1508.86584158105
0.485 -15.0515463917526 -1523.91738797281
0.537 -18.8081936685289 -1542.72558164134
0.615 -4.0650406504065 -1546.79062229174
0.581 -9.46643717728055 -1556.25705946902
0.536 -4.47761194029851 -1560.73467140932
0.539 -3.8961038961039 -1564.63077530543
0.552 -1.81159420289855 -1566.44236950832
0.572 -5.94405594405594 -1572.38642545238
0.542 -8.85608856088561 -1581.24251401327
0.596 -4.36241610738255 -1585.60493012065
0.592 -7.43243243243243 -1593.03736255308
0.596 -7.38255033557047 -1600.41991288865
0.587 -5.28109028960818 -1605.70100317826
0.557 -1.25673249551167 -1606.95773567377
0.527 -7.02087286527514 -1613.97860853905
0.574 -13.2404181184669 -1627.21902665751
0.587 -2.89608177172061 -1630.11510842923
0.574 -7.66550522648084 -1637.78061365571
0.6 -14.3333333333333 -1652.11394698905
0.565 -7.61061946902655 -1659.72456645807
0.567 -14.2857142857143 -1674.01028074379
0.485 -8.04123711340206 -1682.05151785719
0.504 -12.6984126984127 -1694.7499305556
0.487 -23.2032854209446 -1717.95321597655
0.487 -19.5071868583162 -1737.46040283486
0.503 -15.3081510934394 -1752.7685539283
0.519 -15.606936416185 -1768.37549034449
0.476 -13.0252100840336 -1781.40070042852
0.472 -17.3728813559322 -1798.77358178445
0.457 -21.2253829321663 -1819.99896471662
0.476 -12.1848739495798 -1832.1838386662
0.474 -9.70464135021097 -1841.88848001641
0.462 -9.52380952380952 -1851.41228954022
0.468 -5.55555555555556 -1856.96784509578
0.512 -13.28125 -1870.24909509578
0.516 0.387596899224806 -1869.86149819655
0.549 -2.00364298724954 -1871.8651411838
0.569 2.63620386643234 -1869.22893731737
0.558 -9.31899641577061 -1878.54793373314
0.572 -1.3986013986014 -1879.94653513174
0.563 -4.79573712255773 -1884.7422722543
0.58 -6.20689655172414 -1890.94916880602
0.588 -2.38095238095238 -1893.33012118698
0.567 -5.11463844797178 -1898.44475963495
0.532 -8.27067669172932 -1906.71543632668
0.553 0.54249547920434 -1906.17294084747
0.544 -0.367647058823529 -1906.5405879063
0.581 -0.516351118760757 -1907.05693902506
0.587 -2.21465076660988 -1909.27158979167
0.56 1.42857142857143 -1907.84301836309
0.573 0.174520069808028 -1907.66849829329
0.576 3.125 -1904.54349829329
0.578 1.3840830449827 -1903.1594152483
0.593 -3.54131534569983 -1906.700730594
0.541 -6.46950092421442 -1913.17023151822
0.491 -5.4989816700611 -1918.66921318828
0.574 -16.3763066202091 -1935.04551980849
0.537 -10.9869646182495 -1946.03248442674
0.54 -9.62962962962963 -1955.66211405637
0.482 -12.448132780083 -1968.11024683645
0.464 -3.01724137931034 -1971.12748821576
0.506 -5.92885375494071 -1977.0563419707
0.515 -4.46601941747573 -1981.52236138818
0.566 -2.12014134275618 -1983.64250273093
0.559 -3.7567084078712 -1987.3992111388
0.594 -2.69360269360269 -1990.09281383241
0.562 -2.84697508896797 -1992.93978892138
0.558 5.01792114695341 -1987.92186777442
0.566 -0.706713780918728 -1988.62858155534
0.565 -4.7787610619469 -1993.40734261729
0.593 -5.22765598650927 -1998.6349986038
0.498 -5.62248995983936 -2004.25748856364
0.528 -20.8333333333333 -2025.09082189697
0.557 -11.310592459605 -2036.40141435657
0.545 -10.0917431192661 -2046.49315747584
0.556 -12.2302158273381 -2058.72337330318
0.592 -9.45945945945946 -2068.18283276264
0.561 -6.59536541889483 -2074.77819818153
0.526 -14.4486692015209 -2089.22686738305
0.515 -1.35922330097087 -2090.58609068402
0.569 4.04217926186292 -2086.54391142216
0.61 -9.83606557377049 -2096.37997699593
0.631 -6.81458003169572 -2103.19455702763
0.583 0.171526586620926 -2103.02303044101
0.58 -10 -2113.02303044101
0.544 -8.45588235294118 -2121.47891279395
0.545 -4.22018348623853 -2125.69909628019
0.617 -9.56239870340357 -2135.26149498359
0.619 -4.36187399030695 -2139.6233689739
0.618 -4.53074433656958 -2144.15411331047
0.617 -8.58995137763371 -2152.7440646881
0.53 -11.3207547169811 -2164.06481940508
0.539 -6.12244897959184 -2170.18726838467
0.576 -4.51388888888889 -2174.70115727356
0.626 -1.59744408945687 -2176.29860136302
0.521 -2.11132437619962 -2178.40992573922
0.576 -2.77777777777778 -2181.187703517
0.561 -1.96078431372549 -2183.14848783072
0.537 -5.02793296089385 -2188.17642079162
0.573 5.75916230366492 -2182.41725848795
0.578 -4.84429065743945 -2187.26154914539
0.597 1.50753768844221 -2185.75401145695
0.578 3.46020761245675 -2182.29380384449
0.55 2.18181818181818 -2180.11198566267
0.593 4.21585160202361 -2175.89613406065
0.596 6.04026845637584 -2169.85586560427
0.646 12.6934984520124 -2157.16236715226
0.517 -8.31721470019342 -2165.47958185245
0.462 -8.22510822510823 -2173.70469007756
0.566 -8.48056537102473 -2182.18525544859
0.555 -13.8738738738739 -2196.05912932246
0.462 -9.95670995670996 -2206.01583927917
0.541 -6.46950092421442 -2212.48534020339
0.509 -8.84086444007858 -2221.32620464346
0.569 -2.98769771528998 -2224.31390235875
0.599 -6.51085141903172 -2230.82475377779
0.579 -9.49913644214162 -2240.32389021993
0.573 -4.3630017452007 -2244.68689196513
0.58 -5.17241379310345 -2249.85930575823
0.587 -5.28109028960818 -2255.14039604784
0.574 -8.36236933797909 -2263.50276538582
0.573 -7.5043630017452 -2271.00712838756
0.605 1.48760330578512 -2269.51952508178
0.56 -2.85714285714286 -2272.37666793892
0.551 -11.7967332123412 -2284.17340115126
0.509 2.94695481335953 -2281.2264463379
0.548 -8.02919708029197 -2289.2556434182
0.579 -2.93609671848014 -2292.19174013668
0.544 4.77941176470588 -2287.41232837197
0.541 -3.51201478743068 -2290.9243431594
0.566 4.24028268551237 -2286.68406047389
0.555 -10.990990990991 -2297.67505146488
0.556 -5.03597122302158 -2302.7110226879
0.597 0.837520938023451 -2301.87350174988
0.542 -0.738007380073801 -2302.61150912995
0.569 -11.0720562390158 -2313.68356536897
0.598 -7.02341137123746 -2320.7069767402
0.605 -5.45454545454545 -2326.16152219475
0.586 -4.77815699658703 -2330.93967919134
0.513 -5.26315789473684 -2336.20283708607
0.474 -8.86075949367089 -2345.06359657975
0.525 -14.2857142857143 -2359.34931086546
0.536 7.08955223880597 -2352.25975862665
0.551 -8.8929219600726 -2361.15268058673
0.522 -1.53256704980843 -2362.68524763653
0.564 -1.06382978723404 -2363.74907742377
0.562 -8.18505338078292 -2371.93413080455
0.584 -0.684931506849315 -2372.6190623114
0.578 -7.95847750865052 -2380.57753982005
0.567 -7.2310405643739 -2387.80858038443
0.555 -5.22522522522523 -2393.03380560965
0.573 -11.6928446771379 -2404.72665028679
0.572 -6.64335664335664 -2411.37000693014
0.583 -6.00343053173242 -2417.37343746188
0.569 -13.1810193321617 -2430.55445679404
0.555 -2.34234234234234 -2432.89679913638
0.504 -5.55555555555556 -2438.45235469194
0.568 -2.11267605633803 -2440.56503074827
0.603 -3.81426202321725 -2444.37929277149
0.526 -3.04182509505703 -2447.42111786655
0.472 -1.69491525423729 -2449.11603312079
0.543 -1.65745856353591 -2450.77349168432
0.484 -9.91735537190083 -2460.69084705622
0.599 -1.1686143572621 -2461.85946141349
0.582 -8.24742268041237 -2470.1068840939
0.541 -16.4510166358595 -2486.55790072976
0.519 -5.58766859344894 -2492.14556932321
0.512 -6.25 -2498.39556932321
0.467 -10.0642398286938 -2508.4598091519
0.577 -9.8786828422877 -2518.33849199419
0.556 -7.55395683453237 -2525.89244882872
0.532 -7.14285714285714 -2533.03530597158
0.559 1.25223613595707 -2531.78306983562
0.621 -5.63607085346216 -2537.41914068908
0.586 -2.04778156996587 -2539.46692225905
0.558 -7.52688172043011 -2546.99380397948
0.539 -1.66975881261596 -2548.66356279209
0.581 -2.23752151462995 -2550.90108430672
0.566 -8.12720848056537 -2559.02829278729
0.588 1.36054421768707 -2557.6677485696
0.573 -9.59860383944154 -2567.26635240904
0.494 2.42914979757085 -2564.83720261147
0.602 -12.9568106312292 -2577.7940132427
0.591 -19.1201353637902 -2596.91414860649
0.574 -8.01393728222997 -2604.92808588872
0.576 -15.625 -2620.55308588872
0.523 -13.1931166347992 -2633.74620252352
0.546 0.366300366300366 -2633.37990215722
0.544 -11.0294117647059 -2644.40931392193
0.575 -8.17391304347826 -2652.58322696541
0.565 -7.61061946902655 -2660.19384643443
0.53 -16.2264150943396 -2676.42026152877
0.531 -11.4877589453861 -2687.90802047416
0.525 -14.2857142857143 -2702.19373475987
0.526 -10.2661596958175 -2712.45989445569
0.522 -6.51340996168582 -2718.97330441738
0.545 -18.1651376146789 -2737.13844203205
0.49 -21.6326530612245 -2758.77109509328
0.505 -6.93069306930693 -2765.70178816259
0.461 -16.2689804772234 -2781.97076863981
0.434 0.460829493087558 -2781.50993914672
0.468 -5.12820512820513 -2786.63814427493
0.532 -0.37593984962406 -2787.01408412455
0.556 3.59712230215827 -2783.41696182239
0.569 0.175746924428823 -2783.24121489796
0.549 -3.09653916211293 -2786.33775406008
0.543 -6.07734806629834 -2792.41510212637
0.549 -6.01092896174863 -2798.42603108812
0.539 -16.1410018552876 -2814.56703294341
0.554 -8.30324909747292 -2822.87028204088
0.534 -17.9775280898876 -2840.84781013077
0.561 -5.16934046345811 -2846.01715059423
0.54 -1.48148148148148 -2847.49863207571
0.539 -7.23562152133581 -2854.73425359705
0.556 -5.03597122302158 -2859.77022482007
0.48 1.66666666666667 -2858.1035581534
0.521 3.26295585412668 -2854.84060229928
0.556 -8.27338129496403 -2863.11398359424
0.539 -5.00927643784787 -2868.12326003209
0.541 -2.77264325323475 -2870.89590328532
0.531 -0.188323917137476 -2871.08422720246
0.575 -4 -2875.08422720246
0.582 3.09278350515464 -2871.9914436973
0.581 -8.77796901893287 -2880.76941271624
0.592 -5.40540540540541 -2886.17481812164
0.569 -1.23022847100176 -2887.40504659264
0.618 -6.47249190938511 -2893.87753850203
0.596 -4.36241610738255 -2898.23995460941
0.582 1.03092783505155 -2897.20902677436
0.6 -10 -2907.20902677436
0.566 -7.06713780918728 -2914.27616458355
0.594 -4.71380471380471 -2918.98996929735
0.522 -1.91570881226054 -2920.90567810961
0.517 -2.90135396518375 -2923.8070320748
0.58 -7.58620689655172 -2931.39323897135
0.587 -5.62180579216354 -2937.01504476351
0.587 -4.94037478705281 -2941.95541955057
0.536 0.373134328358209 -2941.58228522221
0.578 -0.692041522491349 -2942.2743267447
0.512 -3.125 -2945.3993267447
0.556 -1.07913669064748 -2946.47846343535
0.561 -11.9429590017825 -2958.42142243713
0.597 -12.2278056951424 -2970.64922813227
0.599 -4.17362270450751 -2974.82285083678
0.578 -5.5363321799308 -2980.35918301671
0.57 -4.56140350877193 -2984.92058652548
0.584 0 -2984.92058652548
0.607 4.77759472817133 -2980.14299179731
0.585 -0.170940170940171 -2980.31393196825
0.592 -8.10810810810811 -2988.42204007636
0.582 -1.03092783505155 -2989.45296791141
0.58 -3.44827586206897 -2992.90124377348
0.604 -11.9205298013245 -3004.8217735748
0.575 -9.56521739130435 -3014.38699096611
0.564 -2.4822695035461 -3016.86926046965
0.505 -4.15841584158416 -3021.02767631124
0.561 -4.81283422459893 -3025.84051053584
0.533 -15.5722326454034 -3041.41274318124
0.546 -8.05860805860806 -3049.47135123985
0.575 -3.65217391304348 -3053.12352515289
0.527 -2.46679316888046 -3055.59031832177
0.534 -5.61797752808989 -3061.20829584986
0.534 2.62172284644195 -3058.58657300342
0.592 -16.8918918918919 -3075.47846489531
0.573 -8.55148342059337 -3084.02994831591
0.543 -14.9171270718232 -3098.94707538773
0.528 -11.3636363636364 -3110.31071175136
0.562 -14.5907473309609 -3124.90145908233
0.538 -5.20446096654275 -3130.10592004887
0.509 -7.26915520628684 -3137.37507525516
0.563 -5.50621669626998 -3142.88129195143
0.567 -8.28924162257496 -3151.170533574
0.552 -6.88405797101449 -3158.05459154501
0.573 -6.45724258289703 -3164.51183412791
0.559 -6.26118067978533 -3170.7730148077
0.485 -13.4020618556701 -3184.17507666337
0.453 -12.5827814569536 -3196.75785812032
0.509 -9.23379174852652 -3205.99164986885
0.476 -19.327731092437 -3225.31938096128
0.487 -13.347022587269 -3238.66640354855
0.511 -11.545988258317 -3250.21239180687
0.498 -12.0481927710843 -3262.26058457795
0.571 -12.4343257443082 -3274.69491032226
0.541 -12.0147874306839 -3286.70969775295
0.526 -14.828897338403 -3301.53859509135
0.533 -9.9437148217636 -3311.48230991311
0.559 -10.912343470483 -3322.3946533836
0.562 -0.355871886120996 -3322.75052526972
0.55 -3.27272727272727 -3326.02325254244
0.551 -13.9745916515426 -3339.99784419399
0.514 -14.3968871595331 -3354.39473135352
0.518 -12.7413127413127 -3367.13604409483
0.546 -8.42490842490843 -3375.56095251974
0.543 -11.6022099447514 -3387.16316246449
0.578 -2.7681660899654 -3389.93132855446
0.57 -1.05263157894737 -3390.98396013341
0.586 -5.46075085324232 -3396.44471098665
0.529 1.32325141776938 -3395.12145956888
0.534 -4.8689138576779 -3399.99037342656
0.549 -8.92531876138434 -3408.91569218794
0.548 -2.55474452554745 -3411.47043671349
0.574 -6.27177700348432 -3417.74221371697
0.597 -5.52763819095477 -3423.26985190793
0.596 -2.3489932885906 -3425.61884519652
0.56 -8.57142857142857 -3434.19027376795
0.6 -4.66666666666667 -3438.85694043461
0.553 -9.58408679927667 -3448.44102723389
0.571 -9.28196147110333 -3457.72298870499
0.595 -3.19327731092437 -3460.91626601592
0.564 -7.80141843971631 -3468.71768445563
0.566 -5.30035335689046 -3474.01803781252
0.577 -10.2253032928943 -3484.24334110542
0.588 -2.72108843537415 -3486.96442954079
0.545 -2.01834862385321 -3488.98277816465
0.608 -1.97368421052632 -3490.95646237517
0.573 -1.57068062827225 -3492.52714300344
0.584 -8.21917808219178 -3500.74632108564
0.536 -6.71641791044776 -3507.46273899608
0.607 -11.6968698517298 -3519.15960884781
0.619 -2.74636510500808 -3521.90597395282
0.601 -16.4725457570715 -3538.37851970989
0.604 -21.523178807947 -3559.90169851784
0.594 3.03030303030303 -3556.87139548754
0.635 2.04724409448819 -3554.82415139305
0.63 -2.53968253968254 -3557.36383393273
0.627 -4.94417862838915 -3562.30801256112
0.607 -6.09555189456343 -3568.40356445568
0.62 -1.29032258064516 -3569.69388703633
0.533 -5.44090056285178 -3575.13478759918
0.514 1.16731517509728 -3573.96747242408
0.658 -8.81458966565349 -3582.78206208974
0.628 -12.1019108280255 -3594.88397291776
0.608 -9.86842105263158 -3604.75239397039
0.572 -8.04195804195804 -3612.79435201235
0.56 -4.28571428571429 -3617.08006629807
0.57 -9.12280701754386 -3626.20287331561
0.583 -7.37564322469983 -3633.57851654031
0.545 -6.05504587155963 -3639.63356241187
0.57 -2.10526315789474 -3641.73882556977
0.561 -1.24777183600713 -3642.98659740577
0.604 -2.98013245033113 -3645.9667298561
0.59 -5.08474576271186 -3651.05147561881
0.648 5.8641975308642 -3645.18727808795
0.541 -4.62107208872458 -3649.80835017668
0.593 -22.4283305227656 -3672.23668069944
0.658 -5.77507598784195 -3678.01175668728
0.627 -3.66826156299841 -3681.68001825028
0.639 -3.91236306729264 -3685.59238131757
0.471 -12.1019108280255 -3697.6942921456
0.57 4.91228070175439 -3692.78201144385
0.609 9.0311986863711 -3683.75081275747
0.613 7.66721044045677 -3676.08360231702
0.496 5.24193548387097 -3670.84166683315
0.447 -6.93512304250559 -3677.77678987565
0.557 -2.69299820466786 -3680.46978808032
0.583 -9.7770154373928 -3690.24680351771
0.613 -8.64600326264274 -3698.89280678036
0.61 -9.50819672131148 -3708.40100350167
0.613 -4.73083197389886 -3713.13183547557
0.61 -4.26229508196721 -3717.39413055753
0.596 -9.39597315436242 -3726.7901037119
0.612 -0.326797385620915 -3727.11690109752
0.602 -0.664451827242525 -3727.78135292476
0.564 -9.9290780141844 -3737.71043093894
0.576 -3.125 -3740.83543093894
0.535 -6.16822429906542 -3747.00365523801
0.542 -10.3321033210332 -3757.33575855904
0.602 -5.98006644518272 -3763.31582500422
0.561 -5.88235294117647 -3769.1981779454
0.575 0.521739130434783 -3768.67643881497
0.599 -1.5025041736227 -3770.17894298859
0.536 -1.49253731343284 -3771.67148030202
0.586 -3.07167235494881 -3774.74315265697
0.564 6.38297872340426 -3768.36017393357
0.555 3.78378378378378 -3764.57639014978
0.603 18.407960199005 -3746.16842995078
0.55 -6.54545454545455 -3752.71388449623
0.614 18.5667752442997 -3734.14710925193
0.566 0.353356890459364 -3733.79375236147
0.592 -6.41891891891892 -3740.21267128039
0.621 -17.8743961352657 -3758.08706741566
0.58 -14.4827586206897 -3772.56982603635
0.588 -9.18367346938776 -3781.75349950573
0.579 -6.39032815198618 -3788.14382765772
0.598 -8.36120401337793 -3796.5050316711
0.611 -1.47299509001637 -3797.97802676112
0.596 -5.03355704697987 -3803.0115838081
0.577 -7.10571923743501 -3810.11730304553
0.589 -8.31918505942275 -3818.43648810495
0.555 -1.26126126126126 -3819.69774936621
0.551 -3.44827586206897 -3823.14602522828
0.544 2.20588235294118 -3820.94014287534
0.558 -0.716845878136201 -3821.65698875348
0.525 -0.571428571428571 -3822.22841732491
0.525 4.76190476190476 -3817.466512563
0.491 -11.2016293279022 -3828.6681418909
0.544 -1.83823529411765 -3830.50637718502
0.519 -9.44123314065511 -3839.94761032568
0.545 -11.9266055045872 -3851.87421583026
0.546 -10.2564102564103 -3862.13062608667
0.538 -6.69144981412639 -3868.8220759008
0.521 1.34357005758157 -3867.47850584322
0.505 -11.6831683168317 -3879.16167416005
0.572 1.74825174825175 -3877.4134224118
0.567 -0.881834215167548 -3878.29525662697
0.518 -0.386100386100386 -3878.68135701307
0.49 -0.816326530612245 -3879.49768354368
0.478 11.7154811715481 -3867.78220237213
0.52 20.3846153846154 -3847.39758698752
0.588 12.2448979591837 -3835.15268902833
0.597 5.19262981574539 -3829.96005921259
0.597 5.19262981574539 -3824.76742939684
0.573 10.9947643979058 -3813.77266499894
0.575 8.17391304347826 -3805.59875195546
0.592 6.75675675675676 -3798.8419951987
0.581 6.36833046471601 -3792.47366473399
0.553 1.62748643761302 -3790.84617829637
0.573 5.41012216404887 -3785.43605613232
0.611 4.09165302782324 -3781.3444031045
0.622 8.68167202572347 -3772.66273107878
0.594 9.42760942760943 -3763.23512165117
0.593 11.2984822934233 -3751.93663935774
0.587 11.7546848381601 -3740.18195451958
0.524 -4.58015267175572 -3744.76210719134
0.478 2.51046025104602 -3742.25164694029
0.605 -7.10743801652893 -3749.35908495682
0.554 -1.44404332129964 -3750.80312827812
0.602 -1.99335548172757 -3752.79648375985
0.561 -0.17825311942959 -3752.97473687928
0.498 4.81927710843374 -3748.15545977085
0.56 3.21428571428571 -3744.94117405656
0.585 5.64102564102564 -3739.30014841553
0.569 -2.98769771528998 -3742.28784613082
0.535 5.42056074766355 -3736.86728538316
0.586 5.11945392491468 -3731.74783145825
0.58 12.0689655172414 -3719.678865941
0.578 8.99653979238754 -3710.68232614862
0.585 6.32478632478632 -3704.35753982383
0.574 6.27177700348432 -3698.08576282035
0.571 2.62697022767075 -3695.45879259268
0.57 8.07017543859649 -3687.38861715408
0.615 14.1463414634146 -3673.24227569066
0.629 7.79014308426073 -3665.4521326064
0.588 9.86394557823129 -3655.58818702817
0.583 -0.857632933104631 -3656.44581996128
0.568 15.4929577464789 -3640.9528622148
0.549 8.19672131147541 -3632.75614090332
0.512 8.59375 -3624.16239090332
0.545 2.01834862385321 -3622.14404227947
0.568 3.87323943661972 -3618.27080284285
0.596 5.70469798657718 -3612.56610485627
0.566 4.24028268551237 -3608.32582217076
0.549 16.9398907103825 -3591.38593146038
0.584 5.82191780821918 -3585.56401365216
0.562 -7.11743772241993 -3592.68145137458
0.504 6.34920634920635 -3586.33224502537
0.611 -9.65630114566285 -3595.98854617103
0.568 -2.11267605633803 -3598.10122222737
0.559 -1.61001788908766 -3599.71124011646
0.522 -4.59770114942529 -3604.30894126589
0.537 -1.67597765363128 -3605.98491891952
0.544 0.367647058823529 -3605.61727186069
0.523 -5.54493307839388 -3611.16220493909
0.531 -0.564971751412429 -3611.7271766905
0.557 3.41113105924596 -3608.31604563125
0.515 6.01941747572816 -3602.29662815553
0.528 12.5 -3589.79662815553
0.557 7.71992818671454 -3582.07669996881
0.489 6.74846625766871 -3575.32823371114
0.585 3.58974358974359 -3571.7384901214
0.572 7.69230769230769 -3564.04618242909
0.546 2.1978021978022 -3561.84838023129
0.533 -3.56472795497186 -3565.41310818626
0.543 4.97237569060773 -3560.44073249565
0.514 3.50194552529183 -3556.93878697036
0.511 8.02348336594912 -3548.91530360441
0.467 14.3468950749465 -3534.56840852947
0.475 12.8421052631579 -3521.72630326631
0.477 8.17610062893082 -3513.55020263738
0.493 19.2697768762677 -3494.28042576111
0.534 12.7340823970037 -3481.54634336411
0.552 11.5942028985507 -3469.95214046555
0.538 15.6133828996283 -3454.33875756593
0.532 5.6390977443609 -3448.69965982157
0.539 13.1725417439703 -3435.5271180776
0.548 15.6934306569343 -3419.83368742066
0.53 5.28301886792453 -3414.55066855274
0.539 0.927643784786642 -3413.62302476795
0.512 10.15625 -3403.46677476795
0.531 7.72128060263653 -3395.74549416531
0.511 6.0665362035225 -3389.67895796179
0.497 6.63983903420523 -3383.03911892759
0.504 3.57142857142857 -3379.46769035616
0.497 2.61569416498994 -3376.85199619117
0.482 7.05394190871369 -3369.79805428245
0.44 14.0909090909091 -3355.70714519154
0.5 17.2 -3338.50714519154
0.512 5.859375 -3332.64777019154
0.532 17.2932330827068 -3315.35453710884
0.576 -9.72222222222222 -3325.07675933106
0.526 9.1254752851711 -3315.95128404589
0.513 2.92397660818713 -3313.0273074377
0.526 4.18250950570342 -3308.844797932
0.506 6.71936758893281 -3302.12543034307
0.538 2.60223048327138 -3299.52319985979
0.534 7.86516853932584 -3291.65803132047
0.482 2.4896265560166 -3289.16840476445
0.51 1.96078431372549 -3287.20762045073
0.513 6.82261208576998 -3280.38500836496
0.471 8.70488322717622 -3271.68012513778
0.499 7.81563126252505 -3263.86449387525
0.455 7.69230769230769 -3256.17218618295
0.554 5.05415162454874 -3251.1180345584
0.517 9.47775628626692 -3241.64027827213
0.525 10.8571428571429 -3230.78313541499
0.533 0.562851782363977 -3230.22028363262
0.556 14.0287769784173 -3216.19150665421
0.502 11.5537848605578 -3204.63772179365
0.575 7.82608695652174 -3196.81163483713
0.529 -0.56710775047259 -3197.3787425876
0.539 5.38033395176252 -3191.99840863584
0.523 5.54493307839388 -3186.45347555744
0.514 3.11284046692607 -3183.34063509052
0.513 10.7212475633528 -3172.61938752716
0.544 11.0294117647059 -3161.58997576246
0.536 2.61194029850746 -3158.97803546395
0.552 7.2463768115942 -3151.73165865236
0.526 -1.14068441064639 -3152.872343063
0.55 1.81818181818182 -3151.05416124482
0.528 12.8787878787879 -3138.17537336603
0.577 15.7712305025997 -3122.40414286343
0.583 12.5214408233276 -3109.88270204011
0.562 2.49110320284698 -3107.39159883726
0.546 13.9194139194139 -3093.47218491785
0.514 2.33463035019455 -3091.13755456765
0.498 9.23694779116466 -3081.90060677649
0.508 26.3779527559055 -3055.52265402058
0.447 13.1991051454139 -3042.32354887517
0.472 21.6101694915254 -3020.71337938364
0.452 8.4070796460177 -3012.30629973762
0.434 8.75576036866359 -3003.55053936896
0.402 8.45771144278607 -2995.09282792617
0.393 9.4147582697201 -2985.67806965645
0.413 16.2227602905569 -2969.4553093659
0.386 6.73575129533679 -2962.71955807056
0.388 18.0412371134021 -2944.67832095716
0.419 16.4677804295943 -2928.21054052756
0.386 8.29015544041451 -2919.92038508715
0.414 13.5265700483092 -2906.39381503884
0.418 13.3971291866029 -2892.99668585224
0.364 17.5824175824176 -2875.41426826982
0.42 13.3333333333333 -2862.08093493649
0.412 -2.42718446601942 -2864.50811940251
0.434 0.921658986175115 -2863.58646041633
0.457 19.9124726477024 -2843.67398776863
0.411 14.3552311435523 -2829.31875662508
0.431 10.4408352668213 -2818.87792135826
0.442 16.7420814479638 -2802.13583991029
0.461 16.2689804772234 -2785.86685943307
0.481 12.2661122661123 -2773.60074716696
0.433 7.62124711316397 -2765.97950005379
0.423 16.7848699763593 -2749.19463007743
0.431 17.8654292343387 -2731.32920084309
0.435 20.4597701149425 -2710.86943072815
0.458 24.0174672489083 -2686.85196347924
0.467 19.0578158458244 -2667.79414763342
0.389 15.681233933162 -2652.11291370026
0.417 24.220623501199 -2627.89229019906
0.507 14.792899408284 -2613.09939079077
0.53 11.6981132075472 -2601.40127758323
0.578 11.4186851211073 -2589.98259246212
0.585 9.05982905982906 -2580.92276340229
0.584 5.13698630136986 -2575.78577710092
0.535 6.54205607476636 -2569.24372102615
0.57 6.66666666666667 -2562.57705435949
0.566 10.9540636042403 -2551.62299075525
0.599 11.1853088480801 -2540.43768190717
0.603 8.7893864013267 -2531.64829550584
0.572 8.39160839160839 -2523.25668711423
0.57 16.140350877193 -2507.11633623704
0.551 1.63339382940109 -2505.48294240764
0.502 10.3585657370518 -2495.12437667059
0.486 6.99588477366255 -2488.12849189692
0.52 6.92307692307692 -2481.20541497385
0.545 7.52293577981651 -2473.68247919403
0.538 8.17843866171004 -2465.50404053232
0.544 4.41176470588235 -2461.09227582644
0.564 8.51063829787234 -2452.58163752856
0.559 -4.11449016100179 -2456.69612768957
0.517 1.74081237911025 -2454.95531531046
0.482 2.0746887966805 -2452.88062651378
0.508 2.36220472440945 -2450.51842178937
0.519 5.97302504816956 -2444.5453967412
0.525 -8.19047619047619 -2452.73587293167
0.505 -0.198019801980198 -2452.93389273365
0.53 7.92452830188679 -2445.00936443177
0.547 0.182815356489945 -2444.82654907528
0.545 3.85321100917431 -2440.9733380661
0.506 0.790513833992095 -2440.18282423211
0.584 -0.684931506849315 -2440.86775573896
0.554 3.6101083032491 -2437.25764743571
0.581 10.4991394148021 -2426.75850802091
0.537 2.04841713221601 -2424.71009088869
0.535 10.2803738317757 -2414.42971705692
0.519 -4.04624277456647 -2418.47595983148
0.553 13.5623869801085 -2404.91357285137
0.605 7.76859504132231 -2397.14497781005
0.591 3.8917089678511 -2393.2532688422
0.573 6.80628272251309 -2386.44698611969
0.565 4.42477876106195 -2382.02220735863
0.552 11.231884057971 -2370.79032330066
0.513 8.38206627680312 -2362.40825702385
0.531 9.6045197740113 -2352.80373724984
0.504 15.0793650793651 -2337.72437217048
0.563 1.59857904085258 -2336.12579312962
0.496 8.46774193548387 -2327.65805119414
0.551 9.25589836660617 -2318.40215282753
0.52 19.6153846153846 -2298.78676821215
0.502 8.76494023904382 -2290.0218279731
0.495 -1.81818181818182 -2291.84000979129
0.483 0.62111801242236 -2291.21889177886
0.459 -5.44662309368192 -2296.66551487255
0.497 0.201207243460765 -2296.46430762908
0.574 2.4390243902439 -2294.02528323884
0.548 2.18978102189781 -2291.83550221694
0.498 9.63855421686747 -2282.19694800008
0.49 18.7755102040816 -2263.42143779599
0.435 11.7241379310345 -2251.69729986496
0.507 4.14201183431953 -2247.55528803064
0.522 11.8773946360153 -2235.67789339462
0.532 7.89473684210526 -2227.78315655252
0.559 15.2057245080501 -2212.57743204447
0.549 8.92531876138434 -2203.65211328309
0.54 -3.7037037037037 -2207.35581698679
0.57 6.31578947368421 -2201.0400275131
0.595 9.57983193277311 -2191.46019558033
0.54 11.8518518518519 -2179.60834372848
0.578 6.57439446366782 -2173.03394926481
0.546 8.79120879120879 -2164.2427404736
0.609 7.06075533661741 -2157.18198513699
0.623 6.26003210272873 -2150.92195303426
0.602 2.32558139534884 -2148.59637163891
0.612 0.65359477124183 -2147.94277686767
0.59 3.38983050847458 -2144.55294635919
0.589 -4.58404074702886 -2149.13698710622
0.61 3.27868852459016 -2145.85829858163
0.585 2.90598290598291 -2142.95231567565
0.587 4.94037478705281 -2138.01194088859
0.6 0.666666666666667 -2137.34527422193
0.579 3.97236614853195 -2133.3729080734
0.604 10.2649006622517 -2123.10800741114
0.621 13.6876006441224 -2109.42040676702
0.627 11.9617224880383 -2097.45868427898
0.584 -1.02739726027397 -2098.48608153926
0.609 1.80623973727422 -2096.67984180198
0.597 -1.17252931323283 -2097.85237111522
0.562 0.355871886120996 -2097.4964992291
0.519 6.35838150289017 -2091.13811772621
0.543 11.6022099447514 -2079.53590778145
0.538 13.3828996282528 -2066.1530081532
0.537 11.3594040968343 -2054.79360405637
0.54 8.51851851851852 -2046.27508553785
0.502 5.97609561752988 -2040.29898992032
0.631 5.22979397781299 -2035.06919594251
0.58 12.4137931034483 -2022.65540283906
0.471 -2.76008492569002 -2025.41548776475
0.535 0.560747663551402 -2024.8547401012
0.513 4.87329434697856 -2019.98144575422
0.561 6.59536541889483 -2013.38608033532
0.546 9.52380952380952 -2003.86227081151
0.547 4.20475319926874 -1999.65751761224
0.555 2.34234234234234 -1997.3151752699
0.597 9.21273031825796 -1988.10244495164
0.58 5.17241379310345 -1982.93003115854
0.58 2.75862068965517 -1980.17141046889
0.578 1.3840830449827 -1978.7873274239
0.589 8.31918505942275 -1970.46814236448
0.557 3.05206463195691 -1967.41607773252
0.606 10.5610561056106 -1956.85502162691
0.594 11.4478114478114 -1945.4072101791
0.535 0.186915887850467 -1945.22029429125
0.558 5.73476702508961 -1939.48552726616
0.573 5.75916230366492 -1933.7263649625
0.552 -0.72463768115942 -1934.45100264366
0.51 5.49019607843137 -1928.96080656522
0.561 -19.0730837789661 -1948.03389034419
0.593 3.20404721753794 -1944.82984312665
0.593 3.87858347386172 -1940.95125965279
0.59 5.08474576271186 -1935.86651389008
0.615 4.0650406504065 -1931.80147323967
0.608 8.55263157894737 -1923.24884166072
0.628 11.7834394904459 -1911.46540217028
0.643 5.44323483670296 -1906.02216733358
0.615 -1.13821138211382 -1907.16037871569
0.631 -0.475435816164818 -1907.63581453185
0.552 4.71014492753623 -1902.92566960432
0.545 6.78899082568807 -1896.13667877863
0.568 0 -1896.13667877863
0.584 3.42465753424658 -1892.71202124438
0.597 11.892797319933 -1880.81922392445
0.587 6.98466780238501 -1873.83455612207
0.59 4.06779661016949 -1869.7667595119
0.589 8.65874363327674 -1861.10801587862
0.593 3.54131534569983 -1857.56670053292
0.612 2.94117647058824 -1854.62552406233
0.53 8.67924528301887 -1845.94627877931
0.498 4.41767068273092 -1841.52860809658
0.592 -4.72972972972973 -1846.25833782631
0.57 6.66666666666667 -1839.59167115964
0.564 1.41843971631206 -1838.17323144333
0.519 5.97302504816956 -1832.20020639516
0.53 10.188679245283 -1822.01152714988
0.584 2.3972602739726 -1819.61426687591
0.574 6.96864111498258 -1812.64562576092
0.59 3.72881355932203 -1808.9168122016
0.545 1.65137614678899 -1807.26543605481
0.519 4.81695568400771 -1802.44848037081
0.501 2.59481037924152 -1799.85366999156
0.513 16.9590643274854 -1782.89460566408
0.511 20.1565557729941 -1762.73804989108
0.511 14.6771037181996 -1748.06094617289
0.527 8.91840607210626 -1739.14254010078
0.571 6.83012259194396 -1732.31241750884
0.535 5.42056074766355 -1726.89185676117
0.525 5.90476190476191 -1720.98709485641
0.528 8.71212121212121 -1712.27497364429
0.536 3.35820895522388 -1708.91676468906
0.538 14.1263940520446 -1694.79037063702
0.572 6.29370629370629 -1688.49666434331
0.565 6.90265486725664 -1681.59400947606
0.577 3.98613518197574 -1677.60787429408
0.51 12.156862745098 -1665.45101154898
0.527 -1.70777988614801 -1667.15879143513
0.578 16.6089965397924 -1650.54979489534
0.541 8.31792975970425 -1642.23186513563
0.55 8 -1634.23186513563
0.586 7.16723549488055 -1627.06462964075
0.573 2.61780104712042 -1624.44682859363
0.544 11.7647058823529 -1612.68212271128
0.521 7.86948176583493 -1604.81264094545
0.55 7.27272727272727 -1597.53991367272
0.565 9.73451327433628 -1587.80540039838
0.568 17.6056338028169 -1570.19976659557
0.547 4.57038391224863 -1565.62938268332
0.565 11.1504424778761 -1554.47894020544
0.565 1.23893805309735 -1553.24000215234
0.557 4.12926391382406 -1549.11073823852
0.53 4.52830188679245 -1544.58243635173
0.546 15.018315018315 -1529.56412133341
0.575 9.21739130434783 -1520.34673002906
0.578 14.1868512110727 -1506.15987881799
0.604 6.29139072847682 -1499.86848808951
0.592 13.5135135135135 -1486.354974576
0.518 6.56370656370656 -1479.79126801229
0.538 0.743494423791822 -1479.0477735885
0.547 -0.182815356489945 -1479.23058894499
0.608 -0.657894736842105 -1479.88848368183
0.559 1.96779964221825 -1477.92068403962
0.581 -0.860585197934596 -1478.78126923755
0.587 -2.21465076660988 -1480.99592000416
0.537 5.77281191806332 -1475.2231080861
0.53 15.4716981132075 -1459.75140997289
0.581 2.92598967297762 -1456.82542029991
0.58 13.1034482758621 -1443.72197202405
0.562 0.355871886120996 -1443.36610013793
0.544 3.30882352941176 -1440.05727660852
0.562 8.54092526690391 -1431.51635134161
0.553 8.86075949367089 -1422.65559184794
0.545 7.15596330275229 -1415.49962854519
0.607 9.71993410214168 -1405.77969444305
0.609 4.10509031198686 -1401.67460413106
0.61 5.9016393442623 -1395.7729647868
0.574 8.71080139372822 -1387.06216339307
0.531 6.96798493408663 -1380.09417845898
0.574 10.801393728223 -1369.29278473076
0.503 8.15109343936382 -1361.1416912914
0.575 -6.08695652173913 -1367.22864781314
0.581 7.40103270223752 -1359.8276151109
0.581 6.71256454388984 -1353.11505056701
0.604 0.993377483443709 -1352.12167308357
0.562 5.33807829181495 -1346.78359479175
0.54 1.11111111111111 -1345.67248368064
0.554 6.49819494584838 -1339.17428873479
0.546 6.59340659340659 -1332.58088214139
0.569 2.98769771528998 -1329.59318442609
0.577 2.59965337954939 -1326.99353104655
0.607 4.11861614497529 -1322.87491490157
0.564 5.31914893617021 -1317.5557659654
0.517 12.5725338491296 -1304.98323211627
0.63 6.66666666666667 -1298.3165654496
0.661 2.57186081694402 -1295.74470463266
0.627 3.66826156299841 -1292.07644306966
0.601 4.49251247920133 -1287.58393059046
0.603 -10.1160862354892 -1297.70001682595
0.589 13.4125636672326 -1284.28745315872
0.595 4.53781512605042 -1279.74963803267
0.603 -0.829187396351575 -1280.57882542902
0.578 6.9204152249135 -1273.6584102041
0.552 -1.81159420289855 -1275.470004407
0.568 7.04225352112676 -1268.42775088588
0.606 15.5115511551155 -1252.91619973076
0.625 11.68 -1241.23619973076
0.623 1.4446227929374 -1239.79157693782
0.621 11.4331723027375 -1228.35840463509
0.633 4.2654028436019 -1224.09300179148
0.618 0.647249190938511 -1223.44575260055
0.506 -5.92885375494071 -1229.37460635549
0.552 -2.53623188405797 -1231.91083823954
0.571 1.22591943957968 -1230.68491879996
0.563 -1.59857904085258 -1232.28349784082
0.572 13.6363636363636 -1218.64713420445
0.536 8.58208955223881 -1210.06504465221
0.507 9.27021696252466 -1200.79482768969
0.511 11.1545988258317 -1189.64022886386
0.532 7.5187969924812 -1182.12143187138
0.61 0.327868852459016 -1181.79356301892
0.537 -7.26256983240223 -1189.05613285132
0.509 2.94695481335953 -1186.10917803796
0.542 -0.3690036900369 -1186.478181728
0.554 4.69314079422383 -1181.78504093377
0.566 9.54063604240283 -1172.24440489137
0.531 11.4877589453861 -1160.75664594598
0.499 10.2204408817635 -1150.53620506422
0.551 4.90018148820327 -1145.63602357602
0.553 1.62748643761302 -1144.00853713841
0.566 7.06713780918728 -1136.94139932922
0.58 5.17241379310345 -1131.76898553611
0.534 3.74531835205992 -1128.02366718405
0.443 2.48306997742664 -1125.54059720663
0.53 8.30188679245283 -1117.23871041417
0.529 -0.56710775047259 -1117.80581816465
0.545 3.85321100917431 -1113.95260715547
0.506 1.58102766798419 -1112.37157948749
0.543 -0.920810313075506 -1113.29238980056
0.502 4.38247011952191 -1108.90991968104
0.416 7.69230769230769 -1101.21761198873
0.445 -3.37078651685393 -1104.58839850559
0.397 18.3879093198992 -1086.20048918569
0.423 -2.60047281323877 -1088.80096199893
0.542 -0.738007380073801 -1089.538969379
0.533 -1.68855534709193 -1091.22752472609
0.528 -3.78787878787879 -1095.01540351397
0.53 -3.39622641509434 -1098.41162992907
0.5 8 -1090.41162992907
0.496 3.2258064516129 -1087.18582347745
0.501 -2.19560878243513 -1089.38143225989
0.511 8.41487279843444 -1080.96655946145
0.509 -5.69744597249509 -1086.66400543395
0.522 8.04597701149425 -1078.61802842246
0.459 -11.1111111111111 -1089.72913953357
0.492 -6.50406504065041 -1096.23320457422
0.403 5.21091811414392 -1091.02228646007
0.454 0 -1091.02228646007
0.468 -9.4017094017094 -1100.42399586178
0.46 3.91304347826087 -1096.51095238352
0.418 5.26315789473684 -1091.24779448879
0.57 0 -1091.24779448879
0.569 0.878734622144112 -1090.36905986664
0.573 -3.66492146596859 -1094.03398133261
0.585 3.24786324786325 -1090.78611808475
0.561 2.67379679144385 -1088.1123212933
0.507 -4.53648915187377 -1092.64881044518
0.562 -0.711743772241993 -1093.36055421742
0.556 2.15827338129496 -1091.20228083612
0.581 7.05679862306368 -1084.14548221306
0.559 5.90339892665474 -1078.2420832864
0.575 4.69565217391304 -1073.54643111249
0.564 7.09219858156028 -1066.45423253093
0.531 7.34463276836158 -1059.10959976257
0.529 8.88468809073724 -1050.22491167183
0.556 11.8705035971223 -1038.35440807471
0.584 9.93150684931507 -1028.4229012254
0.535 8.03738317757009 -1020.38551804783
0.549 15.4826958105647 -1004.90282223726
0.602 2.32558139534884 -1002.57724084191
0.589 3.56536502546689 -999.011875816445
0.582 10.9965635738832 -988.015312242562
0.568 4.57746478873239 -983.437847453829
0.543 1.65745856353591 -981.780388890293
0.538 15.6133828996283 -966.167005990665
0.451 18.8470066518847 -947.31999933878
0.487 1.43737166324435 -945.882627675536
0.521 8.63723608445298 -937.245391591083
0.506 5.92885375494071 -931.316537836142
0.53 4.90566037735849 -926.410877458784
0.512 6.640625 -919.770252458784
0.622 10.2893890675241 -909.48086339126
0.598 8.36120401337793 -901.119659377882
0.63 14.6031746031746 -886.516484774707
0.62 9.35483870967742 -877.16164606503
0.602 4.65116279069767 -872.510483274332
0.587 1.87393526405451 -870.636548010278
0.612 1.96078431372549 -868.675763696552
0.588 8.84353741496599 -859.832226281586
0.591 10.321489001692 -849.510737279894
0.545 4.22018348623853 -845.290553793655
0.562 5.33807829181495 -839.952475501841
0.597 -1.84254606365159 -841.795021565492
0.545 -4.22018348623853 -846.015205051731
0.551 -1.99637023593466 -848.011575287665
0.53 1.50943396226415 -846.502141325401
0.529 11.1531190926276 -835.349022232774
0.535 5.04672897196262 -830.302293260811
0.494 7.28744939271255 -823.014843868098
0.523 13.9579349904398 -809.056908877659
0.523 14.7227533460803 -794.334155531578
0.531 9.98116760828625 -784.352987923292
0.571 7.53064798598949 -776.822339937303
0.586 3.07167235494881 -773.750667582354
0.573 7.5043630017452 -766.246304580609
0.524 9.54198473282443 -756.704319847784
0.577 0.519930675909879 -756.184389171874
0.581 -3.6144578313253 -759.7988470032
0.6 0.666666666666667 -759.132180336533
0.564 4.9645390070922 -754.167641329441
0.505 8.11881188118812 -746.048829448253
0.57 8.7719298245614 -737.276899623691
0.58 16.2068965517241 -721.070003071967
0.599 1.83639398998331 -719.233609081984
0.518 3.86100386100386 -715.37260522098
0.513 13.4502923976608 -701.922312823319
0.473 6.553911205074 -695.368401618245
0.529 11.531190926276 -683.837210691969
0.564 -4.25531914893617 -688.092529840905
0.558 6.81003584229391 -681.282493998611
0.59 0.338983050847458 -680.943510947764
0.576 -3.125 -684.068510947764
0.595 1.17647058823529 -682.892040359529
0.576 -0.347222222222222 -683.239262581751
0.573 -1.91972076788831 -685.158983349639
0.546 3.2967032967033 -681.862280052936
0.448 -2.23214285714286 -684.094422910079
0.491 13.2382892057026 -670.856133704376
0.498 19.6787148594378 -651.177418844938
0.504 23.015873015873 -628.161545829065
0.519 19.8458574181118 -608.315688410953
0.494 10.5263157894737 -597.78937262148
0.507 20.3155818540434 -577.473790767436
0.502 14.7410358565737 -562.732754910863
0.564 10.2836879432624 -552.4490669676
0.549 7.10382513661202 -545.345241830988
0.521 19.0019193857965 -526.343322445192
0.523 7.83938814531549 -518.503934299876
0.605 14.0495867768595 -504.454347523017
0.586 -2.73037542662116 -507.184722949638
0.586 14.3344709897611 -492.850251959877
0.594 8.41750841750842 -484.432743542368
0.622 4.18006430868167 -480.252679233687
0.609 4.43349753694581 -475.819181696741
0.586 9.55631399317406 -466.262867703567
0.57 9.82456140350877 -456.438306300058
0.55 4.72727272727273 -451.711033572785
0.537 8.0074487895717 -443.703584783214
0.577 3.63951473136915 -440.064070051845
0.569 7.20562390158172 -432.858446150263
0.568 6.33802816901408 -426.520417981249
0.587 1.53321976149915 -424.98719821975
0.586 2.38907849829352 -422.598119721456
0.6 5.33333333333333 -417.264786388123
0.54 3.33333333333333 -413.931453054789
0.573 -5.75916230366492 -419.690615358454
0.557 5.56552962298025 -414.125085735474
0.57 5.6140350877193 -408.511050647755
0.584 -1.02739726027397 -409.538447908029
0.598 -3.01003344481605 -412.548481352845
0.573 1.91972076788831 -410.628760584956
0.569 0.175746924428823 -410.453013660528
0.521 7.10172744721689 -403.351286213311
0.518 15.0579150579151 -388.293371155396
0.556 10.7913669064748 -377.502004248921
0.616 10.3896103896104 -367.11239385931
0.572 5.24475524475525 -361.867638614555
0.522 17.2413793103448 -344.62625930421
0.477 12.7882599580713 -331.837999346139
0.585 15.5555555555556 -316.282443790584
0.537 4.28305400372439 -311.999389786859
0.544 6.61764705882353 -305.381742728036
0.574 5.57491289198606 -299.80682983605
0.669 0.747384155455904 -299.059445680594
0.541 -3.14232902033272 -302.201774700926
0.529 3.96975425330813 -298.232020447618
0.488 12.7049180327869 -285.527102414831
0.509 14.7347740667976 -270.792328348034
0.536 9.32835820895522 -261.463970139079
0.543 13.4438305709024 -248.020139568176
0.576 1.38888888888889 -246.631250679287
0.538 0.371747211895911 -246.259503467391
0.553 5.24412296564195 -241.015380501749
0.535 13.6448598130841 -227.370520688665
0.545 2.01834862385321 -225.352172064812
0.558 5.37634408602151 -219.975827978791
0.553 9.94575045207957 -210.030077526711
0.569 1.93321616871705 -208.096861357994
0.514 -0.778210116731518 -208.875071474725
0.526 4.94296577946768 -203.932105695258
0.526 -4.56273764258555 -208.494843337843
0.566 3.18021201413428 -205.314631323709
0.596 1.67785234899329 -203.636778974716
0.544 6.25 -197.386778974716
0.507 12.0315581854043 -185.355220789311
0.555 10.2702702702703 -175.084950519041
0.511 -0.195694716242661 -175.280645235284
0.584 8.56164383561644 -166.719001399667
0.54 11.8518518518519 -154.867149547816
0.511 3.71819960861057 -151.148949939205
0.521 19.7696737044146 -131.37927623479
0.494 12.1457489878543 -119.233527246936
0.484 10.7438016528926 -108.489725594044
0.545 8.62385321100918 -99.8658723830344
0.543 4.23572744014733 -95.630144942887
0.562 7.47330960854093 -88.1568353343461
0.584 -0.684931506849315 -88.8417668411954
0.502 0.398406374501992 -88.4433604666934
0.507 3.35305719921105 -85.0903032674824
0.535 -2.05607476635514 -87.1463780338375
0.529 12.6654064272212 -74.4809716066164
0.546 14.2857142857143 -60.1952573209021
0.529 10.3969754253308 -49.7982818955713
0.534 16.8539325842697 -32.9443493113016
0.532 12.0300751879699 -20.9142741233317
0.586 3.41296928327645 -17.5013048400552
0.587 -4.25894378194208 -21.7602486219973
0.567 16.7548500881834 -5.00539853381389
0.543 5.70902394106814 0.703625407254255
0.59 6.44067796610169 7.14430337335595
0.623 3.69181380417335 10.8361171775293
0.506 1.97628458498024 12.8124017625095
0.493 1.01419878296146 13.826600545471
0.554 9.74729241877256 23.5738929642436
0.623 10.4333868378812 34.0072798021248
0.609 1.80623973727422 35.813519539399
0.607 9.71993410214168 45.5334536415407
0.629 0.158982511923688 45.6924361534644
0.591 7.27580372250423 52.9682398759686
0.534 8.61423220973783 61.5824720857064
0.542 4.4280442804428 66.0105163661492
0.566 -2.47349823321555 63.5370181329337
0.54 0.740740740740741 64.2777588736744
0.555 1.62162162162162 65.8993804952961
0.52 15.7692307692308 81.6686112645268
0.541 -0.184842883548983 81.4837683809778
0.544 2.94117647058824 84.4249448515661
0.605 -1.15702479338843 83.2679200581776
0.596 -3.35570469798658 79.9122153601911
0.62 3.54838709677419 83.4606024569653
0.623 7.54414125200642 91.0047437089717
0.614 4.56026058631922 95.5650042952909
0.602 2.99003322259136 98.5550375178823
0.576 4.51388888888889 103.068926406771
0.569 -7.20562390158172 95.8633025051894
0.547 7.12979890310786 102.993101408297
0.533 2.81425891181989 105.807360320117
0.577 0.866551126516464 106.673911446634
0.568 5.63380281690141 112.307714263535
0.523 10.5162523900574 122.823966653592
0.524 8.77862595419847 131.602592607791
0.485 13.4020618556701 145.004654463461
0.562 2.84697508896797 147.851629552429
0.554 10.1083032490975 157.959932801526
0.511 17.0254403131115 174.985373114638
0.533 8.81801125703565 183.803384371674
0.594 8.41750841750842 192.220892789182
0.566 7.77385159010601 199.994744379288
0.563 8.70337477797513 208.698119157263
0.53 10.188679245283 218.886798402546
0.573 3.31588132635253 222.202679728899
0.559 9.12343470483005 231.326114433729
0.568 3.16901408450704 234.495128518236
0.556 13.3093525179856 247.804481036221
0.548 19.3430656934307 267.147546729652
0.597 -9.21273031825796 257.934816411394
0.584 -8.56164383561644 249.373172575778
0.615 1.13821138211382 250.511383957892
0.56 8.21428571428571 258.725669672177
0.532 9.02255639097744 267.748226063155
0.551 6.71506352087114 274.463289584026
0.53 11.6981132075472 286.161402791573
0.551 4.17422867513612 290.335631466709
0.573 0.523560209424084 290.859191676133
0.563 16.8738898756661 307.733081551799
0.623 15.8908507223114 323.623932274111
0.605 6.77685950413223 330.400791778243
0.559 1.25223613595707 331.6530279142
0.546 -0.732600732600733 330.920427181599
0.572 11.5384615384615 342.458888720061
0.589 4.24448217317487 346.703370893236
0.572 3.4965034965035 350.199874389739
0.548 6.93430656934307 357.134180959082
0.552 0 357.134180959082
0.541 6.83918669131238 363.973367650395
0.508 5.51181102362205 369.485178674017
0.519 5.20231213872832 374.687490812745
0.542 0 374.687490812745
0.505 14.8514851485149 389.53897596126
0.522 3.83141762452107 393.370393585781
0.509 5.69744597249509 399.067839558276
0.489 7.97546012269939 407.043299680975
0.578 4.49826989619377 411.541569577169
0.591 4.90693739424704 416.448506971416
0.583 3.2590051457976 419.707512117214
0.571 0.875656742556918 420.583168859771
0.534 -2.62172284644195 417.961446013329
0.522 13.7931034482759 431.754549461605
0.541 7.20887245841035 438.963421920015
0.504 13.0952380952381 452.058660015253
0.512 4.6875 456.746160015253
0.612 -7.18954248366013 449.556617531593
0.601 -10.1497504159734 439.40686711562
0.609 -5.09031198686371 434.316555128756
0.511 9.98043052837573 444.296985657132
0.523 -6.30975143403442 437.987234223097
0.559 2.68336314847943 440.670597371577
0.555 10.990990990991 451.661588362568
0.541 6.09981515711645 457.761403519684
0.527 -0.569259962049336 457.192143557635
0.516 13.1782945736434 470.370438131278
0.565 11.858407079646 482.228845210924
0.56 6.42857142857143 488.657416639496
0.559 7.3345259391771 495.991942578673
0.607 13.0148270181219 509.006769596795
0.565 -0.176991150442478 508.829778446352
0.561 13.3689839572193 522.198762403571
0.587 6.64395229982964 528.842714703401
0.561 6.95187165775401 535.794586361155
0.583 1.20068610634648 536.995272467501
0.548 5.47445255474453 542.469725022246
0.525 16.1904761904762 558.660201212722
0.601 18.801996672213 577.462197884935
0.599 5.50918196994992 582.971379854885
0.585 7.69230769230769 590.663687547193
0.57 3.85964912280702 594.52333667
0.568 4.57746478873239 599.100801458732
0.59 12.2033898305085 611.304191289241
0.539 5.00927643784787 616.313467727089
0.507 4.93096646942801 621.244434196517
0.595 -0.840336134453782 620.404098062063
0.616 -2.92207792207792 617.482020139985
0.57 9.12280701754386 626.604827157529
0.604 0.33112582781457 626.935952985343
0.575 2.95652173913043 629.892474724474
0.55 6.90909090909091 636.801565633565
0.547 2.37659963436929 639.178165267934
0.563 3.37477797513321 642.552943243067
0.562 13.1672597864769 655.720203029544
0.558 0.716845878136201 656.43704890768
0.544 -12.8676470588235 643.569401848857
0.586 -7.16723549488055 636.402166353976
0.581 -0.860585197934596 635.541581156042
0.607 -0.494233937397035 635.047347218644
0.554 -4.33212996389892 630.715217254746
0.559 -1.96779964221825 628.747417612527
0.56 4.64285714285714 633.390274755384
0.588 3.06122448979592 636.45149924518
0.51 -0.392156862745098 636.059342382435
0.534 0.374531835205993 636.433874217641
0.536 4.1044776119403 640.538351829582
0.5 22 662.538351829582
0.468 8.54700854700855 671.08536037659
0.436 10.5504587155963 681.635819092186
0.506 5.53359683794466 687.169415930131
0.544 11.0294117647059 698.198827694837
0.572 2.0979020979021 700.296729792739
0.563 5.50621669626998 705.802946489009
0.535 9.90654205607477 715.709488545084
0.581 3.6144578313253 719.323946376409
0.546 4.76190476190476 724.085851138314
0.565 -0.176991150442478 723.908859987871
0.542 10.3321033210332 734.240963308905
0.61 8.52459016393443 742.765553472839
0.597 4.52261306532663 747.288166538166
0.588 4.08163265306122 751.369799191227
0.596 7.38255033557047 758.752349526797
0.543 4.97237569060773 763.724725217405
0.558 12.1863799283154 775.911105145721
0.535 8.03738317757009 783.948488323291
0.57 10.1754385964912 794.123926919782
0.553 11.754068716094 805.877995635876
0.559 3.39892665474061 809.276922290616
0.597 4.85762144053601 814.134543731152
0.553 14.2857142857143 828.420258016867
0.524 6.48854961832061 834.908807635187
0.533 5.81613508442777 840.724942719615
0.557 16.3375224416517 857.062465161267
0.549 7.46812386156648 864.530589022833
0.611 14.5662847790507 879.096873801884
0.546 12.0879120879121 891.184785889796
0.533 -2.06378986866792 889.120996021128
0.58 -1.03448275862069 888.086513262508
0.557 -3.41113105924596 884.675382203262
0.558 2.5089605734767 887.184342776738
0.519 2.11946050096339 889.303803277702
0.499 -3.40681362725451 885.896989650447
0.512 -14.0625 871.834489650447
0.571 -5.07880910683012 866.755680543617
0.489 5.52147239263804 872.277152936255
0.539 6.86456400742115 879.141716943676
0.555 9.90990990990991 889.051626853586
0.498 10.8433734939759 899.895000347562
0.484 9.50413223140496 909.399132578967
0.513 7.99220272904483 917.391335308012
0.503 14.1153081510934 931.506643459105
0.53 -13.9622641509434 917.544379308162
0.528 -0.757575757575758 916.786803550586
0.524 -3.05343511450382 913.733368436082
0.54 8.51851851851852 922.251886954601
0.551 -13.6116152450091 908.640271709592
0.526 -7.60456273764259 901.035708971949
0.465 -0.645161290322581 900.390547681627
0.507 -1.38067061143984 899.009877070187
0.495 5.85858585858586 904.868462928773
0.496 0.806451612903226 905.674914541676
0.461 6.72451193058568 912.399426472262
0.0714285714285714 100 1012.39942647226
