gc_content gc_skew gc_culm
0.423 4.9645390070922 4.9645390070922
0.483 8.48861283643892 13.4531518435311
0.462 12.1212121212121 25.5743639647432
0.431 11.8329466357309 37.4073106004741
0.438 5.93607305936073 43.3433836598348
0.454 -7.04845814977974 36.2949255100551
0.479 -0.208768267223382 36.0861572428317
0.421 6.41330166270784 42.4994589055396
0.463 15.7667386609071 58.2661975664467
0.409 5.13447432762836 63.400671894075
0.371 2.42587601078167 65.8265479048567
0.431 -0.696055684454756 65.130492220402
0.442 3.16742081447964 68.2979130348816
0.453 -7.28476821192053 61.0131448229611
0.461 8.89370932754881 69.9068541505099
0.422 12.7962085308057 82.7030626813156
0.434 0 82.7030626813156
0.41 23.4146341463415 106.117696827657
0.411 16.7883211678832 122.90601799554
0.48 17.0833333333333 139.989351328874
0.466 9.01287553648069 149.002226865354
0.432 6.01851851851852 155.020745383873
0.423 1.18203309692671 156.202778480799
0.424 -4.24528301886792 151.957495461932
0.488 9.83606557377049 161.793561035702
0.459 8.93246187363834 170.72602290934
0.476 15.9663865546218 186.692409463962
0.467 16.4882226980728 203.180632162035
0.429 10.4895104895105 213.670142651546
0.431 9.04872389791183 222.718866549457
0.461 7.15835140997831 229.877217959436
0.42 10 239.877217959436
0.45 3.11111111111111 242.988329070547
0.444 10.3603603603604 253.348689430907
0.45 9.33333333333333 262.68202276424
0.476 6.30252100840336 268.984543772644
0.447 13.6465324384787 282.631076211123
0.457 11.1597374179431 293.790813629066
0.483 -1.0351966873706 292.755616941695
0.478 3.34728033472803 296.102897276423
0.475 10.7368421052632 306.839739381686
0.447 8.7248322147651 315.564571596451
0.456 10.5263157894737 326.090887385925
0.483 8.48861283643892 334.579500222364
0.491 13.6456211812627 348.225121403627
0.442 9.95475113122172 358.179872534848
0.42 17.6190476190476 375.798920153896
0.432 10.1851851851852 385.984105339081
0.464 6.89655172413793 392.880657063219
0.499 7.41482965931864 400.295486722538
0.463 16.6306695464363 416.926156268974
0.48 11.6666666666667 428.592822935641
0.61 6.55737704918033 435.150199984821
0.646 5.57275541795666 440.722955402778
0.71 -4.22535211267606 436.497603290102
0.422 16.1137440758294 452.611347365931
0.48 3.75 456.361347365931
0.49 7.3469387755102 463.708286141441
0.497 6.63983903420523 470.348125175647
0.489 7.97546012269939 478.323585298346
0.425 4.47058823529412 482.79417353364
0.478 10.0418410041841 492.836014537824
0.481 -0.207900207900208 492.628114329924
0.443 2.48306997742664 495.111184307351
0.445 7.41573033707865 502.526914644429
0.495 5.45454545454545 507.981460098975
0.496 16.5322580645161 524.513718163491
0.486 14.8148148148148 539.328532978306
0.437 5.26315789473684 544.591690873042
0.468 11.965811965812 556.557502838854
0.503 10.1391650099404 566.696667848795
0.513 7.60233918128655 574.299007030081
0.456 5.70175438596491 580.000761416046
0.481 4.78170478170478 584.782466197751
0.49 17.9591836734694 602.74164987122
0.481 6.86070686070686 609.602356731927
0.47 9.78723404255319 619.38959077448
0.467 12.2055674518201 631.595158226301
0.474 11.3924050632911 642.987563289592
0.48 8.75 651.737563289592
0.45 3.11111111111111 654.848674400703
0.464 21.551724137931 676.400398538634
0.518 -6.94980694980695 669.450591588827
0.527 -3.2258064516129 666.224785137214
0.452 7.52212389380531 673.746909031019
0.495 7.07070707070707 680.817616101726
0.486 11.1111111111111 691.928727212838
0.46 14.7826086956522 706.71133590849
0.457 4.15754923413567 710.868885142625
0.471 2.76008492569002 713.628970068315
0.464 10.3448275862069 723.973797654522
0.516 5.81395348837209 729.787751142894
0.491 0.610997963340122 730.398749106235
0.482 3.7344398340249 734.133188940259
0.459 7.18954248366013 741.32273142392
0.49 12.6530612244898 753.975792648409
0.493 13.184584178499 767.160376826908
0.47 5.95744680851064 773.117823635419
0.481 12.6819126819127 785.799736317332
0.476 2.10084033613445 787.900576653466
0.522 5.3639846743295 793.264561327796
0.491 12.8309572301426 806.095518557938
0.443 3.38600451467269 809.481523072611
0.461 5.85683297180043 815.338356044411
0.407 7.61670761670762 822.955063661119
0.504 4.76190476190476 827.716968423024
0.471 11.2526539278132 838.969622350837
0.468 6.41025641025641 845.379878761093
0.455 16.4835164835165 861.86339524461
0.461 5.42299349240781 867.286388737018
0.475 2.31578947368421 869.602178210702
0.474 -0.843881856540084 868.758296354162
0.481 -5.61330561330561 863.144990740856
0.422 13.2701421800948 876.415132920951
0.482 4.5643153526971 880.979448273648
0.512 13.671875 894.651323273648
0.522 1.91570881226054 896.567032085908
0.506 15.8102766798419 912.37730876575
0.502 8.76494023904382 921.142249004794
0.488 2.45901639344262 923.601265398237
0.512 3.125 926.726265398237
0.497 -3.82293762575453 922.903327772482
0.5 -8.4 914.503327772482
0.465 2.79569892473118 917.299026697213
0.508 11.4173228346457 928.716349531859
0.504 13.8888888888889 942.605238420748
0.482 2.9045643153527 945.509802736101
0.502 9.56175298804781 955.071555724149
0.538 0 955.071555724149
0.505 12.0792079207921 967.150763644941
0.482 7.46887966804979 974.61964331299
0.45 -1.77777777777778 972.841865535213
0.497 9.85915492957746 982.70102046479
0.495 -0.202020202020202 982.49900026277
0.51 12.9411764705882 995.440176733358
0.536 10.0746268656716 1005.51480359903
0.524 7.63358778625954 1013.14839138529
0.471 11.2526539278132 1024.4010453131
0.469 3.62473347547974 1028.02577878858
0.495 -1.01010101010101 1027.01567777848
0.501 0.998003992015968 1028.0136817705
0.448 -8.48214285714286 1019.53153891335
0.471 -0.212314225053079 1019.3192246883
0.497 -5.03018108651911 1014.28904360178
0.485 5.15463917525773 1019.44368277704
0.476 11.7647058823529 1031.20838865939
0.437 7.55148741418764 1038.75987607358
0.481 -2.7027027027027 1036.05717337088
0.446 -1.34529147982063 1034.71188189106
0.447 4.69798657718121 1039.40986846824
0.453 0.22075055187638 1039.63061902011
0.464 10.7758620689655 1050.40648108908
0.447 6.93512304250559 1057.34160413159
0.456 0.43859649122807 1057.78020062281
0.437 9.38215102974828 1067.16235165256
0.428 -7.00934579439252 1060.15300585817
0.434 -3.68663594470046 1056.46636991347
0.431 6.26450116009281 1062.73087107356
0.448 9.375 1072.10587107356
0.456 3.50877192982456 1075.61464300339
0.424 -6.13207547169811 1069.48256753169
0.46 2.60869565217391 1072.09126318386
0.429 -8.15850815850816 1063.93275502535
0.445 -6.51685393258427 1057.41590109277
0.444 -4.95495495495495 1052.46094613781
0.485 2.2680412371134 1054.72898737493
0.496 2.01612903225806 1056.74511640719
0.574 -8.01393728222997 1048.73117912496
0.589 -5.94227504244482 1042.78890408251
0.541 11.275415896488 1054.064319979
0.57 1.40350877192982 1055.46782875093
0.585 7.69230769230769 1063.16013644324
0.497 -1.81086519114688 1061.34927125209
0.473 4.0169133192389 1065.36618457133
0.459 9.80392156862745 1075.17010613996
0.465 13.1182795698925 1088.28838570985
0.439 16.628701594533 1104.91708730438
0.399 6.265664160401 1111.18275146478
0.47 -2.12765957446809 1109.05509189031
0.521 -2.11132437619962 1106.94376751412
0.482 0.4149377593361 1107.35870527345
0.517 18.7620889748549 1126.12079424831
0.493 6.69371196754564 1132.81450621585
0.485 8.45360824742268 1141.26811446327
0.462 -2.16450216450216 1139.10361229877
0.528 -1.13636363636364 1137.96724866241
0.495 5.45454545454545 1143.42179411695
0.453 6.84326710816777 1150.26506122512
0.468 1.70940170940171 1151.97446293452
0.505 -8.11881188118812 1143.85565105334
0.493 -5.88235294117647 1137.97329811216
0.457 -6.78336980306346 1131.1899283091
0.543 11.6022099447514 1142.79213825385
0.513 6.04288499025341 1148.8350232441
0.54 7.03703703703704 1155.87206028114
0.509 0.589390962671906 1156.46145124381
0.47 -6.80851063829787 1149.65294060551
0.449 -6.45879732739421 1143.19414327812
0.495 -4.64646464646465 1138.54767863165
0.484 -12.396694214876 1126.15098441678
0.421 5.93824228028504 1132.08922669706
0.428 3.73831775700935 1135.82754445407
0.494 -7.69230769230769 1128.13523676176
0.492 0 1128.13523676176
0.472 -7.20338983050847 1120.93184693125
0.462 -4.76190476190476 1116.16994216935
0.45 -9.33333333333333 1106.83660883602
0.451 6.87361419068736 1113.7102230267
0.46 4.78260869565217 1118.49283172236
0.433 -14.5496535796767 1103.94317814268
0.448 -11.1607142857143 1092.78246385697
0.451 -4.65631929046563 1088.1261445665
0.436 3.6697247706422 1091.79586933714
0.484 -7.02479338842975 1084.77107594871
0.465 -6.23655913978495 1078.53451680893
0.45 -4.88888888888889 1073.64562792004
0.449 -5.12249443207127 1068.52313348797
0.459 2.39651416122004 1070.91964764919
0.444 -3.15315315315315 1067.76649449603
0.523 -7.07456978967495 1060.69192470636
0.468 -8.54700854700855 1052.14491615935
0.47 -4.68085106382979 1047.46406509552
0.464 -1.72413793103448 1045.73992716449
0.411 -10.4622871046229 1035.27764005986
0.386 -12.9533678756477 1022.32427218422
0.407 -10.0737100737101 1012.25056211051
0.414 -10.6280193236715 1001.62254278683
0.415 -6.98795180722892 994.634590979605
0.469 -4.47761194029851 990.156979039307
0.427 -6.79156908665105 983.365409952656
0.432 -7.40740740740741 975.958002545248
0.439 -7.97266514806378 967.985337397185
0.41 -11.219512195122 956.765825202063
0.412 -12.621359223301 944.144465978762
0.426 -7.51173708920188 936.63272888956
0.42 -4.28571428571429 932.347014603845
0.434 -8.75576036866359 923.591254235182
0.43 -4.18604651162791 919.405207723554
0.486 -11.1111111111111 908.294096612443
0.495 -6.66666666666667 901.627429945776
0.399 -7.76942355889724 893.858006386879
0.477 -11.9496855345912 881.908320852288
0.441 -14.7392290249433 867.169091827344
0.383 -2.34986945169713 864.819222375647
0.413 -7.50605326876513 857.313169106882
0.434 -15.2073732718894 842.105795834993
0.468 0 842.105795834993
0.493 -0.608519269776876 841.497276565216
0.479 -7.72442588726514 833.772850677951
0.473 1.90274841437632 835.675599092327
0.481 -2.7027027027027 832.972896389624
0.459 -14.5969498910675 818.375946498557
0.457 -9.84682713347921 808.529119365078
0.468 -8.97435897435897 799.554760390719
0.494 -12.9554655870445 786.599294803674
0.474 -12.2362869198312 774.363007883843
0.503 -11.7296222664016 762.633385617441
0.443 -12.8668171557562 749.766568461685
0.428 -12.1495327102804 737.617035751405
0.454 -5.2863436123348 732.33069213907
0.461 -14.0997830802603 718.23090905881
0.481 -9.77130977130977 708.4595992875
0.486 -6.5843621399177 701.875237147582
0.475 -9.89473684210526 691.980500305477
0.463 -14.902807775378 677.077692530099
0.475 3.15789473684211 680.235587266941
0.49 -7.75510204081633 672.480485226125
0.499 -0.200400801603206 672.280084424522
0.466 -15.450643776824 656.829440647697
0.452 -11.5044247787611 645.325015868936
0.464 -4.74137931034483 640.583636558592
0.474 -6.75105485232068 633.832581706271
0.483 -11.8012422360248 622.031339470246
0.482 0.829875518672199 622.861214988918
0.484 -11.9834710743802 610.877743914538
0.495 -0.606060606060606 610.271683308477
0.419 1.19331742243437 611.465000730912
0.366 -6.01092896174863 605.454071769163
0.451 -17.960088691796 587.493983077367
0.472 -8.05084745762712 579.44313561974
0.423 -5.91016548463357 573.532970135107
0.47 -0.851063829787234 572.681906305319
0.464 -4.74137931034483 567.940526994974
0.476 -2.94117647058824 564.999350524386
0.412 -13.1067961165049 551.892554407881
0.437 -16.7048054919908 535.187748915891
0.428 -14.018691588785 521.169057327106
0.445 -13.7078651685393 507.461192158566
0.461 -15.4013015184382 492.059890640128
0.47 -11.063829787234 480.996060852894
0.435 -9.88505747126437 471.11100338163
0.482 -10.7883817427386 460.322621638891
0.524 -14.8854961832061 445.437125455685
0.466 -7.29613733905579 438.140988116629
0.48 -12.9166666666667 425.224321449962
0.465 -9.24731182795699 415.977009622005
0.451 -24.6119733924612 391.365036229544
0.421 -13.0641330166271 378.300903212917
0.425 -3.52941176470588 374.771491448211
0.521 -2.11132437619962 372.660167072012
0.577 -7.10571923743501 365.554447834577
0.617 -3.72771474878444 361.826733085792
0.464 -14.2241379310345 347.602595154758
0.444 -4.05405405405405 343.548541100704
0.447 -13.6465324384787 329.902008662225
0.542 6.64206642066421 336.544075082889
0.526 11.787072243346 348.331147326235
0.506 1.97628458498024 350.307431911215
0.483 -9.73084886128364 340.576583049932
0.484 -0.413223140495868 340.163359909436
0.485 -5.56701030927835 334.596349600158
0.452 -4.86725663716814 329.729092962989
0.517 -5.22243713733075 324.506655825659
0.498 6.82730923694779 331.333965062606
0.424 -7.07547169811321 324.258493364493
0.458 -11.353711790393 312.9047815741
0.503 -6.16302186878728 306.741759705313
0.528 -1.89393939393939 304.847820311373
0.479 -2.71398747390397 302.13383283747
0.521 -2.11132437619962 300.02250846127
0.522 -4.59770114942529 295.424807311845
0.493 -9.53346855983773 285.891338752007
0.506 -3.95256916996047 281.938769582046
0.47 -1.27659574468085 280.662173837366
0.469 4.90405117270789 285.566225010073
0.461 -3.25379609544469 282.312428914629
0.445 1.12359550561798 283.436024420247
0.474 -2.53164556962025 280.904378850626
0.414 -11.5942028985507 269.310175952076
0.408 -8.82352941176471 260.486646540311
0.458 -10.4803493449782 250.006297195333
0.471 -2.76008492569002 247.246212269643
0.459 -5.88235294117647 241.363859328466
0.493 -3.85395537525355 237.509903953213
0.452 -6.19469026548673 231.315213687726
0.464 -6.89655172413793 224.418661963588
0.415 -6.50602409638554 217.912637867203
0.458 1.31004366812227 219.222681535325
0.457 -8.53391684901532 210.68876468631
0.45 -12.4444444444444 198.244320241865
0.436 -7.79816513761468 190.44615510425
0.435 -1.14942528735632 189.296729816894
0.472 -2.96610169491525 186.330628121979
0.465 -1.93548387096774 184.395144251011
0.439 -0.683371298405467 183.711772952606
0.467 -8.35117773019272 175.360595222413
0.451 -3.76940133037694 171.591193892036
0.458 -8.29694323144105 163.294250660595
0.427 -10.0702576112412 153.223993049354
0.444 1.35135135135135 154.575344400705
0.48 -5.83333333333333 148.742011067372
0.459 -3.26797385620915 145.474037211163
0.473 0.211416490486258 145.685453701649
0.478 -6.69456066945607 138.990893032193
0.489 -0.204498977505112 138.786394054688
0.474 2.10970464135021 140.896098696038
0.501 -2.19560878243513 138.700489913603
0.45 2.66666666666667 141.367156580269
0.475 -11.5789473684211 129.788209211848
0.505 -4.95049504950495 124.837714162343
0.478 5.43933054393305 130.277044706277
0.476 -7.56302521008403 122.714019496192
0.507 -4.14201183431953 118.572007661873
0.514 -10.5058365758755 108.066171085997
0.544 -4.41176470588235 103.654406380115
0.489 -2.24948875255624 101.404917627559
0.446 -3.58744394618834 97.8174736813705
0.462 -3.8961038961039 93.9213697852666
0.466 -12.0171673819742 81.9042024032924
0.472 -8.89830508474576 73.0058973185466
0.464 -11.2068965517241 61.7990007668225
0.446 -6.2780269058296 55.5209738609929
0.449 -10.913140311804 44.6078335491889
0.459 -5.44662309368192 39.161210455507
0.459 -18.9542483660131 20.2069620894939
0.485 1.85567010309278 22.0626321925867
0.455 -14.7252747252747 7.33735746731196
0.442 -6.33484162895928 1.00251583835268
0.496 -19.758064516129 -18.7555486777763
0.492 -6.50406504065041 -25.2596137184268
0.428 -24.2990654205607 -49.5586791389875
0.441 -6.12244897959184 -55.6811281185793
0.494 -8.90688259109312 -64.5880107096725
0.475 -2.31578947368421 -66.9038001833567
0.456 -12.280701754386 -79.1845019377426
0.463 -2.37580993520518 -81.5603118729478
0.499 -6.61322645290581 -88.1735383258536
0.462 -15.5844155844156 -103.757953910269
0.455 -3.73626373626374 -107.494217646533
0.481 -1.87110187110187 -109.365319517635
0.475 -1.89473684210526 -111.26005635974
0.491 -6.72097759674134 -117.981033956481
0.444 -13.963963963964 -131.944997920445
0.445 -7.86516853932584 -139.810166459771
0.474 -8.43881856540084 -148.248985025172
0.445 -3.37078651685393 -151.619771542026
0.453 -1.54525386313466 -153.165025405161
0.451 -5.98669623059867 -159.151721635759
0.459 1.52505446623094 -157.626667169528
0.434 0.460829493087558 -157.165837676441
0.483 4.76190476190476 -152.403932914536
0.479 3.54906054279749 -148.854872371739
0.42 -8.09523809523809 -156.950110466977
0.438 -2.73972602739726 -159.689836494374
0.472 -7.6271186440678 -167.316955138442
0.518 7.72200772200772 -159.594947416434
0.531 8.47457627118644 -151.120371145248
0.5 1.2 -149.920371145248
0.484 4.13223140495868 -145.788139740289
0.461 -2.38611713665944 -148.174256876948
0.554 -32.129963898917 -180.304220775865
0.48 -8.33333333333333 -188.637554109199
0.457 -5.90809628008753 -194.545650389286
0.44 -1.81818181818182 -196.363832207468
0.453 5.07726269315673 -191.286569514311
0.453 8.60927152317881 -182.677297991132
0.436 -12.3853211009174 -195.06261909205
0.458 -7.4235807860262 -202.486199878076
0.431 2.08816705336427 -200.398032824712
0.478 4.18410041841004 -196.213932406302
0.457 -3.7199124726477 -199.933844878949
0.508 -9.44881889763779 -209.382663776587
0.531 -5.46139359698682 -214.844057373574
0.464 -0.431034482758621 -215.275091856333
0.523 1.7208413001912 -213.554250556141
0.48 0.416666666666667 -213.137583889475
0.48 -6.66666666666667 -219.804250556141
0.468 -5.98290598290598 -225.787156539047
0.473 0.634249471458774 -225.152907067589
0.513 -15.009746588694 -240.162653656283
0.485 -6.80412371134021 -246.966777367623
0.482 -7.05394190871369 -254.020719276337
0.468 -16.6666666666667 -270.687385943003
0.439 -7.51708428246014 -278.204470225463
0.442 -11.7647058823529 -289.969176107816
0.432 -8.33333333333333 -298.30250944115
0.473 -12.8964059196617 -311.198915360811
0.496 -16.9354838709677 -328.134399231779
0.48 -7.5 -335.634399231779
0.473 -13.3192389006343 -348.953638132413
0.483 -10.1449275362319 -359.098565668645
0.486 -1.23456790123457 -360.33313356988
0.463 -9.71922246220302 -370.052356032083
0.467 -9.63597430406852 -379.688330336151
0.478 -11.2970711297071 -390.985401465859
0.485 -6.80412371134021 -397.789525177199
0.48 -6.66666666666667 -404.456191843865
0.466 -8.58369098712446 -413.03988283099
0.456 1.31578947368421 -411.724093357306
0.453 -8.60927152317881 -420.333364880484
0.459 -11.5468409586057 -431.88020583909
0.422 -17.0616113744076 -448.941817213498
0.429 -10.02331002331 -458.965127236808
0.417 -7.43405275779376 -466.399179994601
0.482 -2.0746887966805 -468.473868791282
0.442 -4.07239819004525 -472.546266981327
0.494 -5.26315789473684 -477.809424876064
0.487 -8.82956878850103 -486.638993664565
0.458 -14.410480349345 -501.04947401391
0.462 -10.3896103896104 -511.43908440352
0.456 -10.5263157894737 -521.965400192994
0.471 -9.55414012738854 -531.519540320383
0.494 -2.42914979757085 -533.948690117953
0.432 5.55555555555556 -528.393134562398
0.426 -7.51173708920188 -535.9048716516
0.444 4.95495495495495 -530.949916696645
0.443 -2.03160270880361 -532.981519405448
0.47 3.40425531914894 -529.5772640863
0.444 6.75675675675676 -522.820507329543
0.483 -2.27743271221532 -525.097940041758
0.473 -10.3594080338266 -535.457348075585
0.486 -8.23045267489712 -543.687800750482
0.476 -7.56302521008403 -551.250825960566
0.436 -13.302752293578 -564.553578254144
0.484 -11.5702479338843 -576.123826188028
0.481 -19.3347193347193 -595.458545522747
0.433 -11.3163972286374 -606.774942751385
0.428 4.67289719626168 -602.102045555123
0.463 2.37580993520518 -599.726235619918
0.399 -4.76190476190476 -604.488140381823
0.386 -3.62694300518135 -608.115083387004
0.417 -2.6378896882494 -610.752973075254
0.441 -2.04081632653061 -612.793789401784
0.44 -5 -617.793789401784
0.485 -12.1649484536082 -629.958737855392
0.458 1.74672489082969 -628.212012964563
0.454 -7.48898678414097 -635.700999748704
0.483 -8.07453416149068 -643.775533910194
0.459 1.08932461873638 -642.686209291458
0.466 -6.86695278969957 -649.553162081158
0.442 -3.16742081447964 -652.720582895637
0.452 -6.19469026548673 -658.915273161124
0.521 8.25335892514395 -650.66191423598
0.51 -3.92156862745098 -654.583482863431
0.5 6.4 -648.183482863431
0.485 -1.85567010309278 -650.039152966524
0.481 -3.95010395010395 -653.989256916628
0.442 2.71493212669683 -651.274324789931
0.485 -6.39175257731959 -657.66607736725
0.457 2.40700218818381 -655.259075179067
0.406 -6.40394088669951 -661.663016065766
0.453 -10.3752759381898 -672.038292003956
0.463 2.80777537796976 -669.230516625986
0.473 -13.3192389006343 -682.549755526621
0.487 -8.0082135523614 -690.557969078982
0.475 -2.73684210526316 -693.294811184245
0.565 -6.54867256637168 -699.843483750617
0.596 1.00671140939597 -698.836772341221
0.496 4.43548387096774 -694.401288470253
0.466 -5.15021459227468 -699.551503062528
0.476 -10.5042016806723 -710.0557047432
0.499 -10.2204408817635 -720.276145624964
0.488 -15.5737704918033 -735.849916116767
0.498 -4.01606425702811 -739.865980373795
0.503 -5.36779324055666 -745.233773614352
0.465 -8.81720430107527 -754.050977915427
0.507 -17.1597633136095 -771.210741229036
0.468 -0.854700854700855 -772.065442083737
0.487 -8.0082135523614 -780.073655636098
0.437 -6.63615560640732 -786.709811242506
0.491 -1.83299389002037 -788.542805132526
0.437 -13.0434782608696 -801.586283393396
0.443 -4.74040632054176 -806.326689713938
0.461 -1.08459869848156 -807.411288412419
0.47 -17.0212765957447 -824.432565008164
0.475 -16.6315789473684 -841.064143955532
0.455 -9.89010989010989 -850.954253845642
0.475 -2.31578947368421 -853.270043319326
0.437 -4.34782608695652 -857.617869406283
0.39 -5.12820512820513 -862.746074534488
0.405 3.20987654320988 -859.536197991278
0.454 -5.2863436123348 -864.822541603613
0.394 -3.55329949238579 -868.375841095999
0.37 -12.4324324324324 -880.808273528431
0.428 -5.60747663551402 -886.415750163945
0.434 -4.14746543778802 -890.563215601733
0.44 -5.45454545454545 -896.017761056279
0.488 -5.32786885245902 -901.345629908738
0.407 -0.737100737100737 -902.082730645838
0.451 -5.09977827050998 -907.182508916348
0.468 -9.4017094017094 -916.584218318058
0.474 -10.126582278481 -926.710800596539
0.472 -7.6271186440678 -934.337919240607
0.484 -7.02479338842975 -941.362712629036
0.481 -10.6029106029106 -951.965623231947
0.46 -4.78260869565217 -956.748231927599
0.469 -13.4328358208955 -970.181067748495
0.481 -1.03950103950104 -971.220568787996
0.429 -7.69230769230769 -978.912876480303
0.486 2.05761316872428 -976.855263311579
0.485 -13.4020618556701 -990.257325167249
0.46 -12.1739130434783 -1002.43123821073
0.464 -7.75862068965517 -1010.18985890038
0.463 -0.215982721382289 -1010.40584162176
0.483 -11.8012422360248 -1022.20708385779
0.487 -9.24024640657084 -1031.44733026436
0.464 -6.03448275862069 -1037.48181302298
0.509 -6.8762278978389 -1044.35804092082
0.503 -3.37972166998012 -1047.7377625908
0.459 -4.13943355119826 -1051.877196142
0.463 -1.51187904967603 -1053.38907519167
0.464 -2.1551724137931 -1055.54424760547
0.425 -17.6470588235294 -1073.191306429
0.453 -12.1412803532009 -1085.3325867822
0.442 -14.4796380090498 -1099.81222479125
0.435 -20.4597701149425 -1120.27199490619
0.434 -8.75576036866359 -1129.02775527485
0.468 -10.2564102564103 -1139.28416553126
0.464 -9.05172413793103 -1148.3358896692
0.468 -8.11965811965812 -1156.45554778885
0.505 -10.0990099009901 -1166.55455768984
0.464 -4.31034482758621 -1170.86490251743
0.482 -1.6597510373444 -1172.52465355477
0.497 -9.05432595573441 -1181.57897951051
0.412 -14.0776699029126 -1195.65664941342
0.443 -10.1580135440181 -1205.81466295744
0.476 -13.8655462184874 -1219.68020917593
0.483 0.62111801242236 -1219.0590911635
0.399 -11.2781954887218 -1230.33728665223
0.408 -16.6666666666667 -1247.00395331889
0.417 -17.0263788968825 -1264.03033221577
0.439 -9.79498861047836 -1273.82532082625
0.462 -3.46320346320346 -1277.28852428946
0.424 -2.35849056603774 -1279.64701485549
0.446 -5.38116591928251 -1285.02818077478
0.453 -7.28476821192053 -1292.3129489867
0.407 -6.63390663390663 -1298.9468556206
0.437 -2.97482837528604 -1301.92168399589
0.42 -12.3809523809524 -1314.30263637684
0.447 -4.25055928411633 -1318.55319566096
0.451 -5.98669623059867 -1324.53989189156
0.426 2.8169014084507 -1321.72299048311
0.408 -7.35294117647059 -1329.07593165958
0.405 -8.14814814814815 -1337.22407980773
0.429 -7.69230769230769 -1344.91638750003
0.452 -3.53982300884956 -1348.45621050888
0.405 -11.6049382716049 -1360.06114878049
0.408 -10.7843137254902 -1370.84546250598
0.424 9.90566037735849 -1360.93980212862
0.416 0.480769230769231 -1360.45903289785
0.397 5.2896725440806 -1355.16936035377
0.435 10.8045977011494 -1344.36476265262
0.406 -1.97044334975369 -1346.33520600237
0.392 -8.6734693877551 -1355.00867539013
0.415 -19.5180722891566 -1374.52674767929
0.412 -10.6796116504854 -1385.20635932977
0.369 -20.8672086720867 -1406.07356800186
0.325 -10.1538461538462 -1416.2274141557
0.308 -0.649350649350649 -1416.87676480505
0.313 -7.98722044728435 -1424.86398525234
0.362 -7.73480662983425 -1432.59879188217
0.377 -1.3262599469496 -1433.92505182912
0.377 -10.3448275862069 -1444.26987941533
0.37 -6.48648648648649 -1450.75636590182
0.469 -8.31556503198294 -1459.0719309338
0.506 -11.4624505928854 -1470.53438152668
0.465 -8.38709677419355 -1478.92147830088
0.458 -4.80349344978166 -1483.72497175066
0.482 -9.95850622406639 -1493.68347797473
0.472 -7.20338983050847 -1500.88686780523
0.432 -1.85185185185185 -1502.73871965709
0.477 -9.43396226415094 -1512.17268192124
0.462 -2.5974025974026 -1514.77008451864
0.461 -15.4013015184382 -1530.17138603708
0.469 -11.3006396588486 -1541.47202569593
0.429 -20.2797202797203 -1561.75174597565
0.47 -10.6382978723404 -1572.39004384799
0.486 -18.1069958847737 -1590.49703973276
0.435 -10.8045977011494 -1601.30163743391
0.473 -6.553911205074 -1607.85554863898
0.457 -14.2231947483589 -1622.07874338734
0.457 -8.09628008752735 -1630.17502347487
0.474 -4.21940928270042 -1634.39443275757
0.497 -4.22535211267606 -1638.61978487025
0.494 -5.26315789473684 -1643.88294276498
0.468 1.70940170940171 -1642.17354105558
0.506 -4.74308300395257 -1646.91662405954
0.501 -7.78443113772455 -1654.70105519726
0.492 -5.69105691056911 -1660.39211210783
0.503 -11.3320079522863 -1671.72412006011
0.425 -2.58823529411765 -1674.31235535423
0.47 -5.95744680851064 -1680.26980216274
0.498 -1.20481927710843 -1681.47462143985
0.533 -6.94183864915572 -1688.41646008901
0.486 -6.99588477366255 -1695.41234486267
0.466 -15.450643776824 -1710.86298863949
0.461 -14.0997830802603 -1724.96277171975
0.464 -9.48275862068965 -1734.44553034044
0.458 6.11353711790393 -1728.33199322254
0.452 11.0619469026549 -1717.27004631989
0.444 10.3603603603604 -1706.90968595952
0.434 -5.06912442396313 -1711.97881038349
0.354 -7.34463276836158 -1719.32344315185
0.464 -14.2241379310345 -1733.54758108288
0.466 -10.3004291845494 -1743.84801026743
0.491 -12.4236252545825 -1756.27163552202
0.484 -2.89256198347107 -1759.16419750549
0.511 -0.195694716242661 -1759.35989222173
0.521 -12.4760076775432 -1771.83589989927
0.493 -1.01419878296146 -1772.85009868223
0.513 -11.1111111111111 -1783.96120979335
0.492 -10.5691056910569 -1794.5303154844
0.496 -3.62903225806452 -1798.15934774247
0.479 -7.30688935281837 -1805.46623709529
0.484 -16.5289256198347 -1821.99516271512
0.473 -7.82241014799154 -1829.81757286311
0.461 6.29067245119306 -1823.52690041192
0.477 -3.9832285115304 -1827.51012892345
0.463 2.37580993520518 -1825.13431898824
0.438 -15.0684931506849 -1840.20281213893
0.445 -10.1123595505618 -1850.31517168949
0.439 -11.1617312072893 -1861.47690289678
0.49 -11.4285714285714 -1872.90547432535
0.476 -11.3445378151261 -1884.25001214048
0.439 -7.51708428246014 -1891.76709642294
0.452 -11.5044247787611 -1903.2715212017
0.457 -12.472647702407 -1915.74416890411
0.475 -10.3157894736842 -1926.05995837779
0.468 -4.27350427350427 -1930.33346265129
0.458 -21.3973799126638 -1951.73084256396
0.469 -14.2857142857143 -1966.01655684967
0.464 -11.2068965517241 -1977.2234534014
0.463 -14.0388768898488 -1991.26233029124
0.472 -10.5932203389831 -2001.85555063023
0.474 -13.9240506329114 -2015.77960126314
0.425 -18.1176470588235 -2033.89724832196
0.447 -6.04026845637584 -2039.93751677834
0.442 -5.88235294117647 -2045.81986971952
0.459 -13.7254901960784 -2059.54535991559
0.471 -9.97876857749469 -2069.52412849309
0.468 -12.3931623931624 -2081.91729088625
0.459 -5.88235294117647 -2087.79964382743
0.475 -4.84210526315789 -2092.64174909059
0.45 -0.888888888888889 -2093.53063797947
0.432 -13.4259259259259 -2106.9565639054
0.475 -4.84210526315789 -2111.79866916856
0.473 -16.2790697674419 -2128.077738936
0.478 -11.2970711297071 -2139.37481006571
0.496 -8.87096774193548 -2148.24577780764
0.449 -3.34075723830735 -2151.58653504595
0.468 -11.5384615384615 -2163.12499658441
0.46 -6.52173913043478 -2169.64673571485
0.484 -8.26446280991735 -2177.91119852476
0.427 -0.234192037470726 -2178.14539056223
0.471 -7.43099787685775 -2185.57638843909
0.483 -9.73084886128364 -2195.30723730038
0.467 1.9271948608137 -2193.38004243956
0.469 -1.06609808102345 -2194.44614052058
0.482 14.5228215767635 -2179.92331894382
0.459 -5.44662309368192 -2185.3699420375
0.451 -4.21286031042129 -2189.58280234792
0.449 -7.34966592427617 -2196.9324682722
0.495 -9.09090909090909 -2206.02337736311
0.48 -10 -2216.02337736311
0.473 -5.28541226215645 -2221.30878962527
0.428 -10.7476635514019 -2232.05645317667
0.404 -17.8217821782178 -2249.87823535489
0.466 -12.8755364806867 -2262.75377183557
0.488 -6.14754098360656 -2268.90131281918
0.466 -11.1587982832618 -2280.06011110244
0.488 -7.37704918032787 -2287.43716028277
0.46 -3.47826086956522 -2290.91542115233
0.487 -6.36550308008214 -2297.28092423242
0.478 -8.36820083682008 -2305.64912506924
0.492 -19.5121951219512 -2325.16132019119
0.448 -9.82142857142857 -2334.98274876262
0.458 -21.3973799126638 -2356.38012867528
0.454 -7.9295154185022 -2364.30964409378
0.501 -1.79640718562874 -2366.10605127941
0.479 -1.46137787056367 -2367.56742914997
0.484 -9.09090909090909 -2376.65833824088
0.454 -6.6079295154185 -2383.2662677563
0.486 -13.1687242798354 -2396.43499203614
0.463 -14.0388768898488 -2410.47386892599
0.498 -8.83534136546185 -2419.30921029145
0.484 -15.702479338843 -2435.01168963029
0.454 -11.4537444933921 -2446.46543412368
0.457 -13.7855579868709 -2460.25099211055
0.472 -14.8305084745763 -2475.08150058513
0.46 -9.1304347826087 -2484.21193536774
0.465 0.645161290322581 -2483.56677407742
0.495 -0.606060606060606 -2484.17283468348
0.44 -8.18181818181818 -2492.3546528653
0.452 -11.9469026548673 -2504.30155552016
0.464 -13.3620689655172 -2517.66362448568
0.485 -9.27835051546392 -2526.94197500114
0.506 -6.32411067193676 -2533.26608567308
0.486 -6.17283950617284 -2539.43892517925
0.458 -13.9737991266376 -2553.41272430589
0.446 -8.07174887892377 -2561.48447318481
0.41 -7.80487804878049 -2569.2893512336
0.423 -10.1654846335697 -2579.45483586717
0.488 7.37704918032787 -2572.07778668684
0.483 -3.93374741200828 -2576.01153409885
0.451 -2.4390243902439 -2578.45055848909
0.515 9.90291262135922 -2568.54764586773
0.429 -20.2797202797203 -2588.82736614745
0.488 2.04918032786885 -2586.77818581958
0.491 7.53564154786151 -2579.24254427172
0.503 2.98210735586481 -2576.26043691586
0.455 -9.45054945054945 -2585.7109863664
0.416 -6.73076923076923 -2592.44175559717
0.424 -6.13207547169811 -2598.57383106887
0.385 -10.1298701298701 -2608.70370119874
0.444 -9.00900900900901 -2617.71271020775
0.456 3.50877192982456 -2614.20393827793
0.447 7.38255033557047 -2606.82138794236
0.525 0.19047619047619 -2606.63091175188
0.548 0.72992700729927 -2605.90098474458
0.518 3.86100386100386 -2602.03998088358
0.514 -0.389105058365759 -2602.42908594194
0.502 -5.1792828685259 -2607.60836881047
0.455 -5.93406593406593 -2613.54243474453
0.452 -8.84955752212389 -2622.39199226666
0.424 -12.2641509433962 -2634.65614321005
0.417 -3.59712230215827 -2638.25326551221
0.45 -14.6666666666667 -2652.91993217888
0.42 2.85714285714286 -2650.06278932174
0.452 0.442477876106195 -2649.62031144563
0.455 -9.89010989010989 -2659.51042133574
0.449 6.01336302895323 -2653.49705830679
0.42 1.42857142857143 -2652.06848687822
0.461 -7.15835140997831 -2659.22683828819
0.42 7.14285714285714 -2652.08398114534
0.442 -5.88235294117647 -2657.96633408651
0.431 2.55220417633411 -2655.41412991018
0.433 -3.00230946882217 -2658.416439379
0.445 -6.51685393258427 -2664.93329331159
0.446 -1.34529147982063 -2666.27858479141
0.449 -14.9220489977728 -2681.20063378918
0.43 16.2790697674419 -2664.92156402174
0.435 -12.183908045977 -2677.10547206771
0.494 -16.1943319838057 -2693.29980405152
0.468 -6.83760683760684 -2700.13741088913
0.458 -4.36681222707424 -2704.5042231162
0.438 -3.65296803652968 -2708.15719115273
0.504 0 -2708.15719115273
0.486 -14.8148148148148 -2722.97200596755
0.5 -8.4 -2731.37200596755
0.499 -6.2124248496994 -2737.58443081724
0.49 -2.44897959183673 -2740.03341040908
0.495 -5.45454545454545 -2745.48795586363
0.483 -3.51966873706004 -2749.00762460069
0.455 -5.05494505494505 -2754.06256965563
0.438 4.10958904109589 -2749.95298061454
0.459 -5.88235294117647 -2755.83533355571
0.47 3.40425531914894 -2752.43107823656
0.465 2.36559139784946 -2750.06548683871
0.457 3.7199124726477 -2746.34557436607
0.46 7.39130434782609 -2738.95427001824
0.448 -3.57142857142857 -2742.52569858967
0.499 -9.81963927855711 -2752.34533786823
0.442 -5.42986425339367 -2757.77520212162
0.463 -3.23974082073434 -2761.01494294235
0.469 -1.91897654584222 -2762.9339194882
0.471 -8.28025477707006 -2771.21417426527
0.446 4.93273542600897 -2766.28143883926
0.474 7.17299578059072 -2759.10844305867
0.473 0.634249471458774 -2758.47419358721
0.473 -3.17124735729387 -2761.6454409445
0.456 -5.26315789473684 -2766.90859883924
0.413 -5.56900726392252 -2772.47760610316
0.482 -7.46887966804979 -2779.94648577121
0.463 3.23974082073434 -2776.70674495048
0.444 -5.85585585585586 -2782.56260080633
0.49 0.408163265306122 -2782.15443754103
0.418 -7.17703349282297 -2789.33147103385
0.431 -0.232018561484919 -2789.56348959533
0.434 7.37327188940092 -2782.19021770593
0.427 -1.17096018735363 -2783.36117789329
0.428 -4.67289719626168 -2788.03407508955
0.465 -0.645161290322581 -2788.67923637987
0.515 -4.07766990291262 -2792.75690628278
0.455 1.97802197802198 -2790.77888430476
0.409 4.15647921760391 -2786.62240508716
0.506 3.16205533596838 -2783.46034975119
0.481 1.87110187110187 -2781.58924788009
0.453 2.42825607064018 -2779.16099180945
0.466 10.3004291845494 -2768.8605626249
0.505 -2.97029702970297 -2771.8308596546
0.504 5.95238095238095 -2765.87847870222
0.524 -1.90839694656489 -2767.78687564879
0.485 -2.2680412371134 -2770.0549168859
0.491 -1.42566191446029 -2771.48057880036
0.481 2.7027027027027 -2768.77787609766
0.483 -1.44927536231884 -2770.22715145997
0.5 -3.2 -2773.42715145997
0.47 -2.5531914893617 -2775.98034294934
0.436 8.71559633027523 -2767.26474661906
0.473 6.13107822410148 -2761.13366839496
0.472 3.8135593220339 -2757.32010907293
0.486 -5.76131687242798 -2763.08142594535
0.488 1.22950819672131 -2761.85191774863
0.509 2.55402750491159 -2759.29789024372
0.487 2.6694045174538 -2756.62848572627
0.455 2.85714285714286 -2753.77134286912
0.445 -10.1123595505618 -2763.88370241969
0.489 -5.52147239263804 -2769.40517481232
0.466 -3.00429184549356 -2772.40946665782
0.44 -4.54545454545455 -2776.95492120327
0.501 8.98203592814371 -2767.97288527513
0.447 5.14541387024609 -2762.82747140488
0.465 5.37634408602151 -2757.45112731886
0.452 1.76991150442478 -2755.68121581444
0.447 6.48769574944072 -2749.193520065
0.497 10.6639839034205 -2738.52953616157
0.461 14.0997830802603 -2724.42975308131
0.457 7.22100656455142 -2717.20874651676
0.448 7.14285714285714 -2710.06588937391
0.509 4.12573673870334 -2705.9401526352
0.481 -1.87110187110187 -2707.8112545063
0.511 -0.195694716242661 -2708.00694922255
0.417 -3.59712230215827 -2711.60407152471
0.454 3.08370044052863 -2708.52037108418
0.467 -0.214132762312634 -2708.73450384649
0.45 -9.33333333333333 -2718.06783717982
0.504 0 -2718.06783717982
0.446 3.58744394618834 -2714.48039323363
0.475 4.42105263157895 -2710.05934060206
0.477 -4.40251572327044 -2714.46185632533
0.428 10.7476635514019 -2703.71419277392
0.479 -2.71398747390397 -2706.42818024783
0.479 4.80167014613779 -2701.62651010169
0.457 7.65864332603939 -2693.96786677565
0.471 9.55414012738854 -2684.41372664826
0.487 -3.08008213552361 -2687.49380878379
0.483 1.0351966873706 -2686.45861209642
0.483 -0.20703933747412 -2686.66565143389
0.458 0.436681222707424 -2686.22897021118
0.496 9.2741935483871 -2676.9547766628
0.466 -2.57510729613734 -2679.52988395893
0.466 6.86695278969957 -2672.66293116923
0.432 6.94444444444444 -2665.71848672479
0.445 16.4044943820225 -2649.31399234277
0.454 2.6431718061674 -2646.6708205366
0.475 0.210526315789474 -2646.46029422081
0.43 8.37209302325581 -2638.08820119755
0.452 5.75221238938053 -2632.33598880817
0.458 3.49344978165939 -2628.84253902651
0.488 0.819672131147541 -2628.02286689537
0.497 -1.00603621730382 -2629.02890311267
0.473 0.211416490486258 -2628.81748662218
0.471 -5.30785562632696 -2634.12534224851
0.477 -1.46750524109015 -2635.5928474896
0.478 -5.43933054393305 -2641.03217803353
0.405 1.23456790123457 -2639.7976101323
0.486 4.52674897119342 -2635.27086116111
0.478 2.51046025104602 -2632.76040091006
0.466 -2.14592274678112 -2634.90632365684
0.452 4.86725663716814 -2630.03906701967
0.449 3.34075723830735 -2626.69830978137
0.495 10.7070707070707 -2615.99123907429
0.489 -0.613496932515337 -2616.60473600681
0.499 7.01402805611222 -2609.5907079507
0.429 3.03030303030303 -2606.56040492039
0.489 10.4294478527607 -2596.13095706763
0.488 -0.409836065573771 -2596.54079313321
0.504 2.77777777777778 -2593.76301535543
0.492 6.09756097560976 -2587.66545437982
0.504 8.73015873015873 -2578.93529564966
0.502 0 -2578.93529564966
0.507 5.32544378698225 -2573.60985186268
0.516 3.10077519379845 -2570.50907666888
0.471 2.33545647558386 -2568.1736201933
0.461 8.45986984815618 -2559.71375034514
0.482 -0.4149377593361 -2560.12868810448
0.466 3.86266094420601 -2556.26602716027
0.519 4.04624277456647 -2552.2197843857
0.517 5.22243713733075 -2546.99734724837
0.47 4.25531914893617 -2542.74202809944
0.494 -5.26315789473684 -2548.00518599417
0.454 8.37004405286344 -2539.63514194131
0.481 0.623700623700624 -2539.01144131761
0.495 4.24242424242424 -2534.76901707519
0.466 2.14592274678112 -2532.6230943284
0.472 10.1694915254237 -2522.45360280298
0.458 3.49344978165939 -2518.96015302132
0.462 3.8961038961039 -2515.06404912522
0.393 4.32569974554707 -2510.73834937967
0.424 -1.88679245283019 -2512.6251418325
0.489 -3.47648261758691 -2516.10162445009
0.396 -8.58585858585859 -2524.68748303595
0.402 -0.497512437810945 -2525.18499547376
0.444 0.900900900900901 -2524.28409457286
0.536 -7.46268656716418 -2531.74678114002
0.482 6.22406639004149 -2525.52271474998
0.454 -12.3348017621145 -2537.85751651209
0.457 -0.218818380743982 -2538.07633489284
0.438 -2.28310502283105 -2540.35943991567
0.43 -7.90697674418605 -2548.26641665985
0.412 3.39805825242718 -2544.86835840743
0.476 -4.20168067226891 -2549.0700390797
0.529 -13.421550094518 -2562.49158917421
0.48 2.08333333333333 -2560.40825584088
0.446 2.69058295964126 -2557.71767288124
0.472 -4.66101694915254 -2562.37868983039
0.452 7.07964601769912 -2555.29904381269
0.585 11.7948717948718 -2543.50417201782
0.566 2.82685512367491 -2540.67731689415
0.464 -2.1551724137931 -2542.83248930794
0.499 -7.81563126252505 -2550.64812057046
0.482 0 -2550.64812057046
0.463 4.96760259179266 -2545.68051797867
0.476 7.14285714285714 -2538.53766083581
0.465 8.38709677419355 -2530.15056406162
0.455 12.5274725274725 -2517.62309153415
0.538 -6.69144981412639 -2524.31454134828
0.481 -4.78170478170478 -2529.09624612998
0.485 11.7525773195876 -2517.34366881039
0.477 2.30607966457023 -2515.03758914582
0.451 1.55210643015521 -2513.48548271567
0.449 -1.11358574610245 -2514.59906846177
0.484 7.02479338842975 -2507.57427507334
0.502 6.77290836653386 -2500.80136670681
0.509 8.44793713163065 -2492.35342957518
0.488 4.0983606557377 -2488.25506891944
0.522 -0.383141762452107 -2488.63821068189
0.462 12.5541125541126 -2476.08409812778
0.475 6.52631578947368 -2469.5577823383
0.553 3.43580470162749 -2466.12197763668
0.539 2.41187384044527 -2463.71010379623
0.534 -1.49812734082397 -2465.20823113705
0.478 3.76569037656904 -2461.44254076049
0.511 -2.93542074363992 -2464.37796150413
0.512 8.59375 -2455.78421150413
0.493 4.25963488843813 -2451.52457661569
0.485 3.91752577319588 -2447.60705084249
0.413 -2.17917675544794 -2449.78622759794
0.489 7.56646216768916 -2442.21976543025
0.468 0 -2442.21976543025
0.484 4.54545454545455 -2437.6743108848
0.526 12.5475285171103 -2425.12678236769
0.498 -0.401606425702811 -2425.52838879339
0.492 -3.2520325203252 -2428.78042131371
0.471 8.28025477707006 -2420.50016653664
0.473 7.82241014799154 -2412.67775638865
0.485 0.618556701030928 -2412.05919968762
0.494 17.004048582996 -2395.05515110462
0.482 0.829875518672199 -2394.22527558595
0.466 6.43776824034335 -2387.78750734561
0.48 2.91666666666667 -2384.87084067894
0.51 5.49019607843137 -2379.38064460051
0.476 2.52100840336134 -2376.85963619715
0.468 0.427350427350427 -2376.4322857698
0.46 8.26086956521739 -2368.17141620458
0.483 5.59006211180124 -2362.58135409278
0.429 17.016317016317 -2345.56503707646
0.444 4.05405405405405 -2341.51098302241
0.465 -2.36559139784946 -2343.87657442026
0.463 0.215982721382289 -2343.66059169888
0.485 3.09278350515464 -2340.56780819372
0.471 2.76008492569002 -2337.80772326803
0.479 6.88935281837161 -2330.91837044966
0.513 4.09356725146199 -2326.8248031982
0.454 1.3215859030837 -2325.50321729512
0.514 5.05836575875486 -2320.44485153636
0.489 5.52147239263804 -2314.92337914372
0.436 10.5504587155963 -2304.37292042813
0.428 10.2803738317757 -2294.09254659635
0.414 -0.966183574879227 -2295.05873017123
0.448 8.92857142857143 -2286.13015874266
0.499 4.20841683366733 -2281.92174190899
0.487 -1.84804928131417 -2283.7697911903
0.412 -1.94174757281553 -2285.71153876312
0.43 5.58139534883721 -2280.13014341428
0.38 -6.84210526315789 -2286.97224867744
0.389 16.1953727506427 -2270.7768759268
0.491 -2.64765784114053 -2273.42453376794
0.492 -2.03252032520325 -2275.45705409314
0.48 -5.41666666666667 -2280.87372075981
0.429 -4.42890442890443 -2285.30262518871
0.431 -3.94431554524362 -2289.24694073396
0.455 -4.61538461538461 -2293.86232534934
0.498 -9.63855421686747 -2303.50087956621
0.561 -0.17825311942959 -2303.67913268564
0.441 3.40136054421769 -2300.27777214142
0.497 -8.24949698189135 -2308.52726912331
0.456 -5.26315789473684 -2313.79042701805
0.534 -1.49812734082397 -2315.28855435887
0.514 3.50194552529183 -2311.78660883358
0.46 2.60869565217391 -2309.17791318141
0.462 -0.432900432900433 -2309.61081361431
0.479 -4.38413361169102 -2313.994947226
0.48 2.08333333333333 -2311.91161389267
0.462 3.8961038961039 -2308.01550999656
0.496 -0.806451612903226 -2308.82196160946
0.478 -3.34728033472803 -2312.16924194419
0.514 0 -2312.16924194419
0.478 14.6443514644351 -2297.52489047976
0.459 14.161220043573 -2283.36367043618
0.463 16.1987041036717 -2267.16496633251
0.449 -7.79510022271715 -2274.96006655523
0.447 3.35570469798658 -2271.60436185724
0.471 -1.06157112526539 -2272.66593298251
0.492 -4.0650406504065 -2276.73097363292
0.507 6.90335305719921 -2269.82762057572
0.489 8.79345603271984 -2261.034164543
0.506 3.16205533596838 -2257.87210920703
0.479 8.1419624217119 -2249.73014678532
0.486 0.823045267489712 -2248.90710151783
0.46 5.65217391304348 -2243.25492760478
0.426 6.10328638497653 -2237.15164121981
0.433 6.69745958429561 -2230.45418163551
0.485 6.39175257731959 -2224.06242905819
0.496 7.66129032258065 -2216.40113873561
0.442 5.88235294117647 -2210.51878579443
0.482 7.88381742738589 -2202.63496836705
0.487 2.6694045174538 -2199.96556384959
0.502 5.57768924302789 -2194.38787460657
0.455 7.69230769230769 -2186.69556691426
0.506 5.53359683794466 -2181.16197007631
0.476 -1.68067226890756 -2182.84264234522
0.445 3.82022471910112 -2179.02241762612
0.473 6.13107822410148 -2172.89133940202
0.497 5.43259557344064 -2167.45874382858
0.492 7.72357723577236 -2159.73516659281
0.475 9.05263157894737 -2150.68253501386
0.394 6.09137055837563 -2144.59116445548
0.476 8.82352941176471 -2135.76763504372
0.491 8.35030549898167 -2127.41732954474
0.476 11.3445378151261 -2116.07279172961
0.46 9.1304347826087 -2106.942356947
0.49 6.12244897959184 -2100.81990796741
0.504 5.15873015873016 -2095.66117780868
0.436 -1.37614678899083 -2097.03732459767
0.434 11.9815668202765 -2085.05575777739
0.461 12.3644251626898 -2072.6913326147
0.468 7.26495726495726 -2065.42637534975
0.473 14.5877378435518 -2050.8386375062
0.463 11.8790496760259 -2038.95958783017
0.466 10.7296137339056 -2028.22997409626
0.47 17.4468085106383 -2010.78316558563
0.454 14.0969162995595 -1996.68624928607
0.446 16.5919282511211 -1980.09432103494
0.439 8.88382687927107 -1971.21049415567
0.437 9.38215102974828 -1961.82834312593
0.462 8.65800865800866 -1953.17033446792
0.491 12.8309572301426 -1940.33937723777
0.509 19.056974459725 -1921.28240277805
0.471 4.88322717622081 -1916.39917560183
0.476 19.7478991596639 -1896.65127644216
0.493 7.09939148073022 -1889.55188496143
0.479 11.0647181628392 -1878.4871667986
0.5 2.8 -1875.6871667986
0.547 3.47349177330896 -1872.21367502529
0.55 4.36363636363636 -1867.85003866165
0.45 9.33333333333333 -1858.51670532832
0.511 18.9823874755382 -1839.53431785278
0.461 13.6659436008677 -1825.86837425191
0.495 8.68686868686869 -1817.18150556504
0.493 4.25963488843813 -1812.9218706766
0.444 5.85585585585586 -1807.06601482075
0.456 2.63157894736842 -1804.43443587338
0.45 5.33333333333333 -1799.10110254005
0.486 8.23045267489712 -1790.87064986515
0.468 3.84615384615385 -1787.024496019
0.459 11.9825708061002 -1775.0419252129
0.423 15.3664302600473 -1759.67549495285
0.471 8.70488322717622 -1750.97061172567
0.466 9.01287553648069 -1741.95773618919
0.437 6.63615560640732 -1735.32158058278
0.473 4.86257928118393 -1730.4590013016
0.458 9.17030567685589 -1721.28869562474
0.45 15.1111111111111 -1706.17758451363
0.44 -1.36363636363636 -1707.54122087727
0.449 18.4855233853007 -1689.05569749197
0.424 9.43396226415094 -1679.62173522782
0.417 8.87290167865707 -1670.74883354916
0.443 15.5756207674944 -1655.17321278167
0.435 6.66666666666667 -1648.506546115
0.448 6.69642857142857 -1641.81011754357
0.431 20.6496519721578 -1621.16046557141
0.432 19.9074074074074 -1601.25305816401
0.48 10 -1591.25305816401
0.458 8.29694323144105 -1582.95611493256
0.435 16.7816091954023 -1566.17450573716
0.483 13.4575569358178 -1552.71694880134
0.442 7.69230769230769 -1545.02464110904
0.472 2.11864406779661 -1542.90599704124
0.467 4.92505353319058 -1537.98094350805
0.451 13.0820399113082 -1524.89890359674
0.444 5.40540540540541 -1519.49349819134
0.473 9.93657505285412 -1509.55692313848
0.445 9.21348314606742 -1500.34343999241
0.452 9.29203539823009 -1491.05140459418
0.475 8.63157894736842 -1482.41982564682
0.446 4.93273542600897 -1477.48709022081
0.426 3.28638497652582 -1474.20070524428
0.478 2.51046025104602 -1471.69024499323
0.473 13.7420718816068 -1457.94817311163
0.458 20.9606986899563 -1436.98747442167
0.441 13.8321995464853 -1423.15527487519
0.444 17.5675675675676 -1405.58770730762
0.446 13.9013452914798 -1391.68636201614
0.419 9.78520286396181 -1381.90115915218
0.43 15.8139534883721 -1366.08720566381
0.51 10.1960784313725 -1355.89112723243
0.504 15.8730158730159 -1340.01811135942
0.468 20.9401709401709 -1319.07794041925
0.444 15.7657657657658 -1303.31217465348
0.451 11.7516629711752 -1291.56051168231
0.452 23.4513274336283 -1268.10918424868
0.412 13.5922330097087 -1254.51695123897
0.459 8.93246187363834 -1245.58448936533
0.48 7.08333333333333 -1238.501156032
0.457 8.97155361050328 -1229.52960242149
0.448 11.1607142857143 -1218.36888813578
0.46 19.5652173913043 -1198.80367074447
0.451 9.09090909090909 -1189.71276165357
0.457 12.472647702407 -1177.24011395116
0.526 8.36501901140684 -1168.87509493975
0.469 10.8742004264392 -1158.00089451331
0.476 12.6050420168067 -1145.39585249651
0.446 11.6591928251121 -1133.73665967139
0.494 0 -1133.73665967139
0.48 0 -1133.73665967139
0.458 6.98689956331878 -1126.74976010807
0.491 11.6089613034623 -1115.14079880461
0.447 1.56599552572707 -1113.57480327889
0.471 9.97876857749469 -1103.59603470139
0.484 9.50413223140496 -1094.09190246999
0.489 21.0633946830266 -1073.02850778696
0.439 17.0842824601367 -1055.94422532682
0.453 7.28476821192053 -1048.6594571149
0.491 12.0162932790224 -1036.64316383588
0.48 18.3333333333333 -1018.30983050255
0.462750716332378 14.5510835913313 -1003.75874691121
