gc_content gc_skew gc_culm
0.46 2.60869565217391 2.60869565217391
0.47 0.425531914893617 3.03422756706753
0.485 -3.91752577319588 -0.883298206128346
0.473 -9.09090909090909 -9.97420729703744
0.37 -11.3513513513514 -21.3255586483888
0.547 0.914076782449726 -20.4114818659391
0.468 -6.41025641025641 -26.8217382761955
0.504 -1.19047619047619 -28.0122144666717
0.483 -10.5590062111801 -38.5712206778518
0.512 0 -38.5712206778518
0.503 7.75347912524851 -30.8177415526033
0.51 -12.156862745098 -42.9746042977013
0.485 -12.1649484536082 -55.1395527513096
0.449 -11.358574610245 -66.4981273615546
0.504 -3.96825396825397 -70.4663813298085
0.466 -7.29613733905579 -77.7625186688643
0.489 -3.06748466257669 -80.830003331441
0.513 -10.3313840155945 -91.1613873470355
0.518 -6.17760617760618 -97.3389935246417
0.481 2.7027027027027 -94.636290821939
0.483 -10.5590062111801 -105.195297033119
0.522 -2.29885057471264 -107.494147607832
0.503 -0.99403578528827 -108.48818339312
0.525 -2.85714285714286 -111.345326250263
0.516 -3.10077519379845 -114.446101444061
0.512 -11.71875 -126.164851444061
0.518 2.7027027027027 -123.462148741359
0.513 5.26315789473684 -118.198990846622
0.499 2.60521042084168 -115.59378042578
0.473 -12.0507399577167 -127.644520383497
0.499 -6.61322645290581 -134.257746836403
0.443 -6.54627539503386 -140.804022231437
0.494 -8.90688259109312 -149.71090482253
0.486 -8.23045267489712 -157.941357497427
0.481 -6.44490644490644 -164.386263942333
0.512 2.34375 -162.042513942333
0.491 2.64765784114053 -159.394856101193
0.507 5.32544378698225 -154.06941231421
0.506 -3.95256916996047 -158.021981484171
0.485 1.85567010309278 -156.166311381078
0.513 2.53411306042885 -153.632198320649
0.491 5.09164969450102 -148.540548626148
0.509 -8.05500982318271 -156.595558449331
0.499 -4.60921843687375 -161.204776886205
0.5 -9.2 -170.404776886205
0.511 -12.3287671232877 -182.733544009492
0.478 -2.92887029288703 -185.662414302379
0.492 -8.13008130081301 -193.792495603192
0.507 0.591715976331361 -193.200779626861
0.511 -17.8082191780822 -211.008998804943
0.517 -7.93036750483559 -218.939366309779
0.503 -4.57256461232604 -223.511930922105
0.472 -6.77966101694915 -230.291591939054
0.483 1.0351966873706 -229.256395251683
0.494 0 -229.256395251683
0.478 -1.25523012552301 -230.511625377206
0.503 -14.1153081510934 -244.6269335283
0.45 -2.66666666666667 -247.293600194967
0.47 -7.23404255319149 -254.527642748158
0.505 -0.594059405940594 -255.121702154099
0.517 0.967117988394584 -254.154584165704
0.504 -3.17460317460317 -257.329187340307
0.49 -8.16326530612245 -265.49245264643
0.533 -5.81613508442777 -271.308587730857
0.525 -18.8571428571429 -290.165730588
0.547 -0.914076782449726 -291.07980737045
0.509 -4.91159135559921 -295.991398726049
0.497 -4.62776659959759 -300.619165325647
0.485 -2.2680412371134 -302.88720656276
0.515 -10.2912621359223 -313.178468698683
0.492 -0.40650406504065 -313.584972763723
0.508 1.18110236220472 -312.403870401518
0.507 -5.71992110453649 -318.123791506055
0.527 -0.569259962049336 -318.693051468104
0.504 -1.98412698412698 -320.677178452231
0.479 -7.30688935281837 -327.98406780505
0.473 -9.51374207188161 -337.497809876931
0.49 0 -337.497809876931
0.507 -6.11439842209073 -343.612208299022
0.489 -19.8364008179959 -363.448609117018
0.499 -11.8236472945892 -375.272256411607
0.49 -7.3469387755102 -382.619195187117
0.501 -4.59081836327345 -387.210013550391
0.509 -5.69744597249509 -392.907459522886
0.484 -4.95867768595041 -397.866137208836
0.492 -4.8780487804878 -402.744185989324
0.502 -9.56175298804781 -412.305938977372
0.513 -6.04288499025341 -418.348823967625
0.474 -8.86075949367089 -427.209583461296
0.457 3.28227571115974 -423.927307750136
0.572 -3.4965034965035 -427.42381124664
0.514 -5.44747081712062 -432.871282063761
0.552 3.98550724637681 -428.885774817384
0.543 1.65745856353591 -427.228316253848
0.545 3.85321100917431 -423.375105244673
0.566 -12.7208480565371 -436.095953301211
0.452 1.32743362831858 -434.768519672892
0.553 4.88245931283906 -429.886060360053
0.509 3.7328094302554 -426.153250929798
0.501 -1.79640718562874 -427.949658115426
0.522 1.53256704980843 -426.417091065618
0.534 2.24719101123596 -424.169900054382
0.506 -0.395256916996047 -424.565156971378
0.507 -8.87573964497041 -433.440896616348
0.501 -9.78043912175649 -443.221335738105
0.475 -7.36842105263158 -450.589756790736
0.512 -8.203125 -458.792881790736
0.481 -5.1975051975052 -463.990386988242
0.511 0.587084148727984 -463.403302839514
0.446 -6.72645739910314 -470.129760238617
0.476 -7.98319327731092 -478.112953515928
0.482 -7.88381742738589 -485.996770943314
0.524 -11.4503816793893 -497.447152622703
0.538 -11.1524163568773 -508.59956897958
0.534 -8.23970037453184 -516.839269354112
0.515 -7.96116504854369 -524.800434402656
0.528 -12.8787878787879 -537.679222281444
0.509 -5.69744597249509 -543.376668253939
0.497 -7.84708249496982 -551.223750748909
0.501 -3.39321357285429 -554.616964321763
0.545 -6.05504587155963 -560.672010193322
0.487 -6.36550308008214 -567.037513273405
0.519 -8.67052023121387 -575.708033504618
0.523 -0.573613766730402 -576.281647271349
0.502 -0.398406374501992 -576.680053645851
0.523 -4.01529636711281 -580.695350012964
0.525 -8.95238095238095 -589.647730965345
0.455 -1.97802197802198 -591.625752943367
0.434 -0.460829493087558 -592.086582436454
0.501 -10.9780439121756 -603.06462634863
0.512 -0.390625 -603.45525134863
0.52 -4.23076923076923 -607.686020579399
0.512 -5.078125 -612.764145579399
0.499 -8.21643286573146 -620.980578445131
0.499 -11.0220440881764 -632.002622533307
0.496 -9.67741935483871 -641.680041888146
0.5 -12 -653.680041888146
0.431 -8.12064965197216 -661.800691540118
0.473 1.05708245243129 -660.743609087686
0.495 -5.45454545454545 -666.198154542232
0.499 -3.80761523046092 -670.005769772693
0.513 0.974658869395711 -669.031110903297
0.465 4.08602150537634 -664.945089397921
0.524 -6.87022900763359 -671.815318405554
0.522 -9.96168582375479 -681.777004229309
0.532 -17.6691729323308 -699.44617716164
0.524 -7.63358778625954 -707.0797649479
0.522 4.21455938697318 -702.865205560926
0.526 -2.66159695817491 -705.526802519101
0.562 2.49110320284698 -703.035699316254
0.475 -1.05263157894737 -704.088330895202
0.515 2.9126213592233 -701.175709535978
0.508 -3.54330708661417 -704.719016622593
0.479 -5.63674321503132 -710.355759837624
0.512 -9.375 -719.730759837624
0.486 -2.88065843621399 -722.611418273838
0.482 -10.7883817427386 -733.399800016576
0.463 -8.42332613390929 -741.823126150486
0.504 2.38095238095238 -739.442173769533
0.499 -10.2204408817635 -749.662614651297
0.467 3.21199143468951 -746.450623216607
0.483 -8.07453416149068 -754.525157378098
0.526 -8.74524714828897 -763.270404526387
0.419 -5.96658711217184 -769.236991638559
0.423 -3.07328605200946 -772.310277690568
0.495 -3.83838383838384 -776.148661528952
0.501 -10.5788423153693 -786.727503844321
0.499 -8.61723446893788 -795.344738313259
0.508 -11.0236220472441 -806.368360360503
0.526 -5.32319391634981 -811.691554276853
0.509 -7.66208251473477 -819.353636791588
0.531 0.188323917137476 -819.16531287445
0.508 -12.992125984252 -832.157438858702
0.529 -4.34782608695652 -836.505264945659
0.505 -1.38613861386139 -837.89140355952
0.514 -9.33852140077821 -847.229924960298
0.525 -3.61904761904762 -850.848972579346
0.542 -5.90405904059041 -856.753031619937
0.57 -12.280701754386 -869.033733374323
0.576 -6.94444444444444 -875.978177818767
0.545 1.28440366972477 -874.693774149042
0.56 -5.35714285714286 -880.050917006185
0.568 -9.15492957746479 -889.20584658365
0.52 -4.61538461538461 -893.821231199035
0.513 0.194931773879142 -893.626299425155
0.493 -17.6470588235294 -911.273358248685
0.499 -7.41482965931864 -918.688187908003
0.505 -4.15841584158416 -922.846603749588
0.502 -7.96812749003984 -930.814731239627
0.506 -7.90513833992095 -938.719869579548
0.535 -2.80373831775701 -941.523607897305
0.51 -2.74509803921569 -944.268705936521
0.528 -1.13636363636364 -945.405069572885
0.496 -7.66129032258065 -953.066359895465
0.455 2.41758241758242 -950.648777477883
0.5 4 -946.648777477883
0.522 -7.27969348659004 -953.928470964473
0.519 -6.35838150289017 -960.286852467363
0.497 10.6639839034205 -949.622868563943
0.503 5.36779324055666 -944.255075323386
0.497 -5.03018108651911 -949.285256409905
0.5 -6.4 -955.685256409905
0.528 -0.378787878787879 -956.064044288693
0.465 -1.0752688172043 -957.139313105897
0.514 -5.44747081712062 -962.586783923018
0.535 -8.78504672897196 -971.37183065199
0.525 -10.4761904761905 -981.84802112818
0.475 1.05263157894737 -980.795389549233
0.522 1.53256704980843 -979.262822499424
0.55 -5.81818181818182 -985.081004317606
0.531 -3.2015065913371 -988.282510908943
0.477 1.88679245283019 -986.395718456113
0.443 -3.83747178329571 -990.233190239409
0.527 -0.189753320683112 -990.422943560092
0.458 -6.55021834061135 -996.973161900703
0.503 4.57256461232604 -992.400597288377
0.497 4.22535211267606 -988.175245175701
0.55 -4 -992.175245175701
0.529 0.56710775047259 -991.608137425229
0.546 -5.12820512820513 -996.736342553434
0.47 5.95744680851064 -990.778895744923
0.499 -7.01402805611222 -997.792923801035
0.541 0.55452865064695 -997.238395150388
0.524 -0.763358778625954 -998.001753929014
0.519 15.606936416185 -982.394817512829
0.512 -8.59375 -990.988567512829
0.524 -6.10687022900763 -997.095437741837
0.486 -6.99588477366255 -1004.0913225155
0.466 -4.72103004291846 -1008.81235255842
0.515 -11.0679611650485 -1019.88031372347
0.485 -13.4020618556701 -1033.28237557914
0.501 -0.598802395209581 -1033.88117797435
0.546 -5.86080586080586 -1039.74198383515
0.535 -12.8971962616822 -1052.63918009683
0.442 -10.4072398190045 -1063.04641991584
0.499 -6.2124248496994 -1069.25884476554
0.557 -4.48833034111311 -1073.74717510665
0.512 5.859375 -1067.88780010665
0.512 -7.8125 -1075.70030010665
0.545 -3.85321100917431 -1079.55351111583
0.454 -7.48898678414097 -1087.04249789997
0.508 -0.78740157480315 -1087.82989947477
0.52 -8.07692307692308 -1095.90682255169
0.48 -5.83333333333333 -1101.74015588503
0.478 -12.5523012552301 -1114.29245714026
0.523 -14.7227533460803 -1129.01521048634
0.494 -14.9797570850202 -1143.99496757136
0.504 -15.4761904761905 -1159.47115804755
0.493 -17.6470588235294 -1177.11821687108
0.468 -8.11965811965812 -1185.23787499074
0.506 -5.53359683794466 -1190.77147182868
0.526 -8.36501901140684 -1199.13649084009
0.478 -14.2259414225941 -1213.36243226268
0.509 -12.37721021611 -1225.73964247879
0.493 -16.0243407707911 -1241.76398324958
0.497 -8.24949698189135 -1250.01348023147
0.533 -8.44277673545966 -1258.45625696693
0.493 -6.28803245436105 -1264.74428942129
0.467 -4.06852248394004 -1268.81281190523
0.447 -5.59284116331096 -1274.40565306854
0.517 -10.2514506769826 -1284.65710374553
0.516 -9.68992248062015 -1294.34702622615
0.518 -9.26640926640927 -1303.61343549256
0.536 -12.3134328358209 -1315.92686832838
0.554 -8.30324909747292 -1324.23011742585
0.558 2.1505376344086 -1322.07957979144
0.485 -11.340206185567 -1333.41978597701
0.447 -11.8568232662192 -1345.27660924323
0.508 -3.54330708661417 -1348.81991632984
0.561 -4.09982174688057 -1352.91973807672
0.527 -2.46679316888046 -1355.3865312456
0.526 -2.66159695817491 -1358.04812820378
0.516 -11.2403100775194 -1369.2884382813
0.514 -1.94552529182879 -1371.23396357313
0.513 -3.7037037037037 -1374.93766727683
0.508 -3.54330708661417 -1378.48097436344
0.524 -10.6870229007634 -1389.16799726421
0.526 -11.4068441064639 -1400.57484137067
0.48 -6.25 -1406.82484137067
0.498 -5.22088353413655 -1412.04572490481
0.524 8.01526717557252 -1404.03045772924
0.498 -13.6546184738956 -1417.68507620313
0.491 -15.2749490835031 -1432.96002528663
0.496 -9.2741935483871 -1442.23421883502
0.469 -15.5650319829424 -1457.79925081796
0.5 -2.8 -1460.59925081796
0.523 -7.07456978967495 -1467.67382060764
0.545 -11.1926605504587 -1478.8664811581
0.512 -5.859375 -1484.7258561581
0.496 12.0967741935484 -1472.62908196455
0.548 1.09489051094891 -1471.5341914536
0.527 -8.15939278937381 -1479.69358424297
0.502 -16.3346613545817 -1496.02824559756
0.506 -11.8577075098814 -1507.88595310744
0.457 -5.0328227571116 -1512.91877586455
0.413 -15.2542372881356 -1528.17301315268
0.506 -9.09090909090909 -1537.26392224359
0.527 -11.1954459203036 -1548.4593681639
0.487 -6.77618069815195 -1555.23554886205
0.502 -3.58565737051793 -1558.82120623257
0.525 -5.14285714285714 -1563.96406337542
0.471 -7.85562632696391 -1571.81968970239
0.516 -14.7286821705426 -1586.54837187293
0.516 -20.1550387596899 -1606.70341063262
0.485 -11.340206185567 -1618.04361681819
0.512 -2.734375 -1620.77799181819
0.481 -5.1975051975052 -1625.97549701569
0.492 -3.2520325203252 -1629.22752953602
0.472 -13.5593220338983 -1642.78685156992
0.479 -7.72442588726514 -1650.51127745718
0.529 -6.23818525519849 -1656.74946271238
0.517 -17.2147001934236 -1673.9641629058
0.574 -4.52961672473868 -1678.49377963054
0.587 0.851788756388416 -1677.64199087415
0.553 -8.86075949367089 -1686.50275036782
0.483 -5.59006211180124 -1692.09281247963
0.555 -5.58558558558559 -1697.67839806521
0.492 -3.65853658536585 -1701.33693465058
0.524 -4.19847328244275 -1705.53540793302
0.518 -9.26640926640927 -1714.80181719943
0.455 -14.7252747252747 -1729.5270919247
0.486 -6.17283950617284 -1735.69993143088
0.49 -7.3469387755102 -1743.04687020639
0.506 -0.395256916996047 -1743.44212712338
0.572 -1.3986013986014 -1744.84072852198
0.518 -9.65250965250965 -1754.49323817449
0.522 -11.1111111111111 -1765.60434928561
0.534 -11.9850187265918 -1777.5893680122
0.463 -3.67170626349892 -1781.2610742757
0.463 -5.39956803455724 -1786.66064231025
0.493 -5.47667342799189 -1792.13731573824
0.541 -2.03327171903882 -1794.17058745728
0.506 4.34782608695652 -1789.82276137033
0.475 -1.89473684210526 -1791.71749821243
0.498 -17.2690763052209 -1808.98657451765
0.474 -8.43881856540084 -1817.42539308305
0.508 -13.3858267716535 -1830.81121985471
0.494 -9.31174089068826 -1840.1229607454
0.483 -14.2857142857143 -1854.40867503111
0.465 -11.8279569892473 -1866.23663202036
0.488 4.50819672131148 -1861.72843529905
0.502 -12.7490039840637 -1874.47743928311
0.487 -12.1149897330595 -1886.59242901617
0.481 -6.44490644490644 -1893.03733546108
0.447 -5.14541387024609 -1898.18274933132
0.497 1.81086519114688 -1896.37188414018
0.471 -7.43099787685775 -1903.80288201703
0.471 -8.28025477707006 -1912.0831367941
0.471 -2.33545647558386 -1914.41859326969
0.514 -9.72762645914397 -1924.14621972883
0.495 -9.09090909090909 -1933.23712881974
0.511 2.93542074363992 -1930.3017080761
0.49 -0.816326530612245 -1931.11803460671
0.496 -5.64516129032258 -1936.76319589703
0.484 -3.71900826446281 -1940.4822041615
0.452 -1.32743362831858 -1941.80963778982
0.493 -9.93914807302231 -1951.74878586284
0.454 -1.3215859030837 -1953.07037176592
0.478 -13.8075313807531 -1966.87790314668
0.428 -7.47663551401869 -1974.35453866069
0.479 -9.39457202505219 -1983.74911068575
0.512 -11.328125 -1995.07723568575
0.514 -9.33852140077821 -2004.41575708652
0.467 -8.77944325481799 -2013.19520034134
0.477 -6.49895178197065 -2019.69415212331
0.467 -8.35117773019272 -2028.04532985351
0.473 -16.2790697674419 -2044.32439962095
0.5 -11.2 -2055.52439962095
0.513 -4.09356725146199 -2059.61796687241
0.474 -8.86075949367089 -2068.47872636608
0.475 -6.10526315789474 -2074.58398952398
0.486 -18.5185185185185 -2093.10250804249
0.482 -12.0331950207469 -2105.13570306324
0.499 -17.434869739479 -2122.57057280272
0.509 -17.0923379174853 -2139.6629107202
0.49 -9.79591836734694 -2149.45882908755
0.478 -14.6443514644351 -2164.10318055199
0.492 -13.8211382113821 -2177.92431876337
0.517 -7.54352030947776 -2185.46783907285
0.506 -16.600790513834 -2202.06862958668
0.507 -6.90335305719921 -2208.97198264388
0.496 -9.67741935483871 -2218.64940199872
0.5 -6.4 -2225.04940199872
0.519 -11.7533718689788 -2236.8027738677
0.51 -12.5490196078431 -2249.35179347554
0.467 -6.20985010706638 -2255.56164358261
0.461 -11.4967462039046 -2267.05838978651
0.449 3.34075723830735 -2263.7176325482
0.464 -4.74137931034483 -2268.45901185855
0.487 -8.0082135523614 -2276.46722541091
0.507 -1.77514792899408 -2278.2423733399
0.482 -9.12863070539419 -2287.3710040453
0.507 -17.1597633136095 -2304.53076735891
0.447 -13.1991051454139 -2317.72987250432
0.442 -1.35746606334842 -2319.08733856767
0.493 -11.5618661257606 -2330.64920469343
0.501 -14.9700598802395 -2345.61926457367
0.448 -10.2678571428571 -2355.88712171653
0.465 -14.8387096774194 -2370.72583139395
0.386 -12.4352331606218 -2383.16106455457
0.457 1.53172866520788 -2381.62933588936
0.409 7.09046454767726 -2374.53887134168
0.481 -2.7027027027027 -2377.24157404439
0.433 -8.08314087759815 -2385.32471492198
0.427 -11.4754098360656 -2396.80012475805
0.439 -12.0728929384966 -2408.87301769655
0.412 -10.6796116504854 -2419.55262934703
0.428 -10.2803738317757 -2429.83300317881
0.44 -12.7272727272727 -2442.56027590608
0.466 -11.587982832618 -2454.1482587387
0.471 -1.91082802547771 -2456.05908676418
0.489 -9.20245398773006 -2465.26154075191
0.521 -1.72744721689059 -2466.9889879688
0.485 -4.32989690721649 -2471.31888487601
0.492 -2.84552845528455 -2474.1644133313
0.483 -4.76190476190476 -2478.9263180932
0.458 -3.05676855895197 -2481.98308665215
0.481 -9.35550935550935 -2491.33859600766
0.485 -10.9278350515464 -2502.26643105921
0.466 -14.1630901287554 -2516.42952118797
0.478 -15.4811715481172 -2531.91069273608
0.435 -6.20689655172414 -2538.11758928781
0.496 -0.806451612903226 -2538.92404090071
0.458 -11.353711790393 -2550.2777526911
0.466 -11.587982832618 -2561.86573552372
0.427 -16.1592505854801 -2578.0249861092
0.475 -12.8421052631579 -2590.86709137236
0.445 -16.8539325842697 -2607.72102395663
0.463 -2.80777537796976 -2610.5287993346
0.465 -12.258064516129 -2622.78686385073
0.473 -1.47991543340381 -2624.26677928413
0.528 -5.68181818181818 -2629.94859746595
0.503 -16.10337972167 -2646.05197718762
0.485 -14.2268041237113 -2660.27878131133
0.483 -8.90269151138716 -2669.18147282272
0.486 -16.0493827160494 -2685.23085553877
0.485 -17.5257731958763 -2702.75662873464
0.45 -13.7777777777778 -2716.53440651242
0.459 -1.52505446623094 -2718.05946097865
0.489 -0.204498977505112 -2718.26395995616
0.487 -4.72279260780287 -2722.98675256396
0.507 -0.986193293885602 -2723.97294585785
0.512 -10.15625 -2734.12919585785
0.453 -6.40176600441501 -2740.53096186226
0.471 -6.15711252653928 -2746.6880743888
0.485 -14.639175257732 -2761.32724964653
0.501 -5.38922155688623 -2766.71647120342
0.502 -15.5378486055777 -2782.254319809
0.504 -9.12698412698413 -2791.38130393598
0.495 -8.28282828282828 -2799.66413221881
0.497 -14.6881287726358 -2814.35226099144
0.5 -10.8 -2825.15226099145
0.467 -15.203426124197 -2840.35568711564
0.467 -13.4903640256959 -2853.84605114134
0.449 -13.5857461024499 -2867.43179724379
0.45 -10.2222222222222 -2877.65401946601
0.452 -6.63716814159292 -2884.2911876076
0.482 -15.3526970954357 -2899.64388470304
0.475 -14.9473684210526 -2914.59125312409
0.445 -4.71910112359551 -2919.31035424769
0.462 -12.1212121212121 -2931.4315663689
0.517 -7.54352030947776 -2938.97508667838
0.464 -0.431034482758621 -2939.40612116114
0.517 0.967117988394584 -2938.43900317274
0.514 -2.33463035019455 -2940.77363352294
0.506 -13.0434782608696 -2953.8171117838
0.455 -11.2087912087912 -2965.0259029926
0.469 -11.3006396588486 -2976.32654265144
0.477 -20.335429769392 -2996.66197242084
0.495 -11.5151515151515 -3008.17712393599
0.488 -0.819672131147541 -3008.99679606714
0.466 -9.01287553648069 -3018.00967160362
0.465 -4.94623655913978 -3022.95590816276
0.475 -4 -3026.95590816276
0.487 -5.95482546201232 -3032.91073362477
0.461 -12.7982646420824 -3045.70899826685
0.471 -3.60934182590234 -3049.31834009275
0.465 -11.8279569892473 -3061.146297082
0.463 -12.3110151187905 -3073.45731220079
0.482 -2.4896265560166 -3075.94693875681
0.435 -9.88505747126437 -3085.83199622807
0.498 -12.4497991967871 -3098.28179542486
0.47 -8.51063829787234 -3106.79243372273
0.483 -8.07453416149068 -3114.86696788422
0.47 2.12765957446809 -3112.73930830975
0.447 -0.671140939597315 -3113.41044924935
0.422 0 -3113.41044924935
0.488 2.04918032786885 -3111.36126892148
0.461 -13.6659436008677 -3125.02721252235
0.484 -9.09090909090909 -3134.11812161326
0.46 -8.26086956521739 -3142.37899117848
0.48 2.91666666666667 -3139.46232451181
0.501 -8.98203592814371 -3148.44436043995
0.463 -3.23974082073434 -3151.68410126069
0.458 -9.60698689956332 -3161.29108816025
0.47 -1.70212765957447 -3162.99321581983
0.466 -12.4463519313305 -3175.43956775116
0.474 -10.126582278481 -3185.56615002964
0.509 -3.33988212180747 -3188.90603215144
0.503 -8.15109343936382 -3197.05712559081
0.486 -8.23045267489712 -3205.28757826571
0.483 -5.175983436853 -3210.46356170256
0.497 -1.81086519114688 -3212.27442689371
0.512 -8.984375 -3221.25880189371
0.501 -10.5788423153693 -3231.83764420907
0.463 -4.53563714902808 -3236.3732813581
0.504 -8.33333333333333 -3244.70661469144
0.477 -12.7882599580713 -3257.49487464951
0.485 -6.80412371134021 -3264.29899836085
0.476 -7.56302521008403 -3271.86202357093
0.478 -6.27615062761506 -3278.13817419855
0.474 -15.6118143459916 -3293.74998854454
0.51 -10.5882352941176 -3304.33822383866
0.469 3.19829424307036 -3301.13992959559
0.451 1.10864745011086 -3300.03128214547
0.437 3.89016018306636 -3296.14112196241
0.475 0.631578947368421 -3295.50954301504
0.469 3.62473347547974 -3291.88480953956
0.463 -0.215982721382289 -3292.10079226094
0.492 2.4390243902439 -3289.6617678707
0.49 -1.22448979591837 -3290.88625766662
0.483 -1.44927536231884 -3292.33553302894
0.421 8.31353919239905 -3284.02199383654
0.499 -3.80761523046092 -3287.829609067
0.489 5.11247443762781 -3282.71713462937
0.446 14.3497757847534 -3268.36735884462
0.446 10.3139013452915 -3258.05345749933
0.475 -1.47368421052632 -3259.52714170985
0.48 -6.25 -3265.77714170985
0.533 -7.31707317073171 -3273.09421488058
0.448 1.33928571428571 -3271.7549291663
0.487 -0.205338809034908 -3271.96026797533
0.484 4.13223140495868 -3267.82803657037
0.479 -6.88935281837161 -3274.71738938875
0.444 1.8018018018018 -3272.91558758694
0.49 4.48979591836735 -3268.42579166858
0.487 4.72279260780287 -3263.70299906077
0.454 6.6079295154185 -3257.09506954535
0.455 -1.53846153846154 -3258.63353108382
0.468 -9.4017094017094 -3268.03524048553
0.457 5.0328227571116 -3263.00241772841
0.421 9.26365795724466 -3253.73875977117
0.454 2.20264317180617 -3251.53611659936
0.473 6.553911205074 -3244.98220539429
0.496 0.806451612903226 -3244.17575378139
0.464 2.58620689655172 -3241.58954688483
0.489 7.56646216768916 -3234.02308471715
0.468 10.6837606837607 -3223.33932403338
0.476 7.56302521008403 -3215.7762988233
0.461 0.216919739696312 -3215.5593790836
0.468 3.41880341880342 -3212.1405756648
0.487 1.02669404517454 -3211.11388161963
0.464 6.89655172413793 -3204.21732989549
0.472 12.7118644067797 -3191.50546548871
0.483 10.9730848861284 -3180.53238060258
0.441 0.680272108843537 -3179.85210849374
0.449 -10.022271714922 -3189.87438020866
0.462 5.19480519480519 -3184.67957501385
0.484 13.6363636363636 -3171.04321137749
0.479 2.71398747390397 -3168.32922390359
0.449 12.2494432071269 -3156.07978069646
0.451 2.4390243902439 -3153.64075630622
0.47 9.36170212765957 -3144.27905417856
0.489 7.15746421267894 -3137.12158996588
0.492 10.1626016260163 -3126.95898833986
0.517 4.83558994197292 -3122.12339839789
0.492 5.69105691056911 -3116.43234148732
0.523 4.39770554493308 -3112.03463594239
0.502 11.9521912350598 -3100.08244470733
0.504 7.14285714285714 -3092.93958756447
0.458 5.67685589519651 -3087.26273166927
0.509 4.51866404715128 -3082.74406762212
0.483 2.27743271221532 -3080.46663490991
0.458 2.18340611353712 -3078.28322879637
0.463 0.647948164146868 -3077.63528063222
0.443 0.225733634311512 -3077.40954699791
0.493 4.25963488843813 -3073.14991210947
0.508 5.11811023622047 -3068.03180187325
0.464 12.0689655172414 -3055.96283635601
0.442 3.61990950226244 -3052.34292685375
0.482 9.95850622406639 -3042.38442062968
0.5 12 -3030.38442062968
0.452 3.53982300884956 -3026.84459762083
0.482 -3.3195020746888 -3030.16409969552
0.479 -4.38413361169102 -3034.54823330721
0.456 6.57894736842105 -3027.96928593879
0.478 10.4602510460251 -3017.50903489277
0.467 -1.49892933618844 -3019.00796422895
0.494 -3.64372469635628 -3022.65168892531
0.505 12.4752475247525 -3010.17644140056
0.467 6.63811563169165 -3003.53832576887
0.448 -0.446428571428571 -3003.98475434029
0.5 5.6 -2998.38475434029
0.454 -2.20264317180617 -3000.5873975121
0.475 19.1578947368421 -2981.42950277526
0.46 1.73913043478261 -2979.69037234048
0.475 12.8421052631579 -2966.84826707732
0.451 6.43015521064302 -2960.41811186667
0.477 9.43396226415094 -2950.98414960252
0.477 14.0461215932914 -2936.93802800923
0.469 10.8742004264392 -2926.06382758279
0.48 9.58333333333333 -2916.48049424946
0.478 4.18410041841004 -2912.29639383105
0.504 7.93650793650794 -2904.35988589454
0.506 8.69565217391304 -2895.66423372063
0.444 10.3603603603604 -2885.30387336027
0.479 1.04384133611691 -2884.26003202415
0.447 3.35570469798658 -2880.90432732617
0.46 3.91304347826087 -2876.9912838479
0.452 7.07964601769912 -2869.91163783021
0.434 -0.460829493087558 -2870.37246732329
0.498 4.41767068273092 -2865.95479664056
0.46 -0.434782608695652 -2866.38957924926
0.464 -5.17241379310345 -2871.56199304236
0.47 3.40425531914894 -2868.15773772321
0.454 -5.72687224669604 -2873.88460996991
0.469 0.213219616204691 -2873.6713903537
0.437 5.720823798627 -2867.95056655508
0.486 -7.81893004115226 -2875.76949659623
0.501 6.98602794411178 -2868.78346865212
0.505 14.0594059405941 -2854.72406271152
0.466 13.7339055793991 -2840.99015713212
0.435 9.88505747126437 -2831.10509966086
0.447 6.93512304250559 -2824.16997661835
0.447 6.04026845637584 -2818.12970816198
0.423 2.12765957446809 -2816.00204858751
0.491 4.27698574338086 -2811.72506284413
0.521 6.71785028790787 -2805.00721255622
0.477 16.9811320754717 -2788.02608048075
0.479 8.1419624217119 -2779.88411805904
0.48 9.16666666666667 -2770.71745139237
0.496 16.5322580645161 -2754.18519332785
0.473 14.1649048625793 -2740.02028846527
0.454 20.2643171806167 -2719.75597128466
0.465 10.1075268817204 -2709.64844440294
0.461 8.45986984815618 -2701.18857455478
0.461 18.0043383947939 -2683.18423615999
0.497 13.0784708249497 -2670.10576533504
0.453 1.98675496688742 -2668.11901036815
0.473 1.47991543340381 -2666.63909493475
0.466 10.3004291845494 -2656.3386657502
0.465 -1.0752688172043 -2657.4139345674
0.477 -6.91823899371069 -2664.33217356111
0.456 9.64912280701754 -2654.68305075409
0.482 10.7883817427386 -2643.89466901136
0.48 19.1666666666667 -2624.72800234469
0.453 10.8167770419426 -2613.91122530275
0.481 5.61330561330561 -2608.29791968944
0.5 -3.2 -2611.49791968944
0.501 -1.39720558882236 -2612.89512527826
0.467 -2.35546038543897 -2615.2505856637
0.489 10.4294478527607 -2604.82113781094
0.47 14.0425531914894 -2590.77858461945
0.477 16.5618448637317 -2574.21673975572
0.491 9.16496945010183 -2565.05177030562
0.48 6.66666666666667 -2558.38510363895
0.495 10.3030303030303 -2548.08207333592
0.465 11.3978494623656 -2536.68422387356
0.495 14.7474747474747 -2521.93674912608
0.481 14.7609147609148 -2507.17583436517
0.476 7.98319327731092 -2499.19264108786
0.454 4.40528634361233 -2494.78735474424
0.473 6.13107822410148 -2488.65627652014
0.465 1.50537634408602 -2487.15090017606
0.482 8.29875518672199 -2478.85214498933
0.479 1.46137787056367 -2477.39076711877
0.476 3.36134453781513 -2474.02942258096
0.489 12.0654396728016 -2461.96398290815
0.513 6.82261208576998 -2455.14137082238
0.471 5.30785562632696 -2449.83351519606
0.466 0 -2449.83351519606
0.461 2.81995661605206 -2447.01355858
0.473 7.82241014799154 -2439.19114843201
0.499 16.6332665330661 -2422.55788189895
0.473 17.1247357293869 -2405.43314616956
0.493 9.53346855983773 -2395.89967760972
0.464 8.62068965517241 -2387.27898795455
0.521 12.0921305182342 -2375.18685743632
0.461 -4.12147505422993 -2379.30833249055
0.506 0 -2379.30833249055
0.498 5.62248995983936 -2373.68584253071
0.504 5.15873015873016 -2368.52711237198
0.503 3.37972166998012 -2365.147390702
0.48 4.16666666666667 -2360.98072403533
0.457 -0.218818380743982 -2361.19954241607
0.505 2.57425742574257 -2358.62528499033
0.485 0.206185567010309 -2358.41909942332
0.465 5.80645161290323 -2352.61264781042
0.47 12.3404255319149 -2340.2722222785
0.452 8.4070796460177 -2331.86514263249
0.485 4.32989690721649 -2327.53524572527
0.459 12.8540305010893 -2314.68121522418
0.498 16.0642570281125 -2298.61695819607
0.399 16.2907268170426 -2282.32623137902
0.477 6.91823899371069 -2275.40799238531
0.482 11.2033195020747 -2264.20467288324
0.484 6.61157024793388 -2257.59310263531
0.462 9.09090909090909 -2248.5021935444
0.511 2.5440313111546 -2245.95816223324
0.507 2.16962524654832 -2243.78853698669
0.476 -1.68067226890756 -2245.4692092556
0.485 -0.618556701030928 -2246.08776595663
0.481 1.45530145530146 -2244.63246450133
0.469 5.33049040511727 -2239.30197409621
0.47 17.8723404255319 -2221.42963367068
0.476 7.98319327731092 -2213.44644039337
0.513 2.14424951267057 -2211.3021908807
0.53 -3.0188679245283 -2214.32105880523
0.522 1.53256704980843 -2212.78849175542
0.492 -2.4390243902439 -2215.22751614566
0.503 5.36779324055666 -2209.85972290511
0.476 10.0840336134454 -2199.77568929166
0.492 13.0081300813008 -2186.76755921036
0.49 13.8775510204082 -2172.89000818995
0.476 7.98319327731092 -2164.90681491264
0.49 6.12244897959184 -2158.78436593305
0.476 12.6050420168067 -2146.17932391624
0.472 9.74576271186441 -2136.43356120438
0.419 10.7398568019093 -2125.69370440247
0.452 12.8318584070796 -2112.86184599539
0.502 3.58565737051793 -2109.27618862487
0.5 -4 -2113.27618862487
0.472 -1.27118644067797 -2114.54737506555
0.484 -2.47933884297521 -2117.02671390852
0.509 0.589390962671906 -2116.43732294585
0.497 0.201207243460765 -2116.23611570239
0.48 3.33333333333333 -2112.90278236906
0.482 1.2448132780083 -2111.65796909105
0.502 3.58565737051793 -2108.07231172053
0.508 21.6535433070866 -2086.41876841345
0.478 7.94979079497908 -2078.46897761847
0.402 22.8855721393035 -2055.58340547916
0.445 22.247191011236 -2033.33621446793
0.44 13.1818181818182 -2020.15439628611
0.466 5.5793991416309 -2014.57499714448
0.512 -0.78125 -2015.35624714448
0.501 1.39720558882236 -2013.95904155566
0.494 16.1943319838057 -1997.76470957185
0.473 5.28541226215645 -1992.47929730969
0.465 5.37634408602151 -1987.10295322367
0.47 17.0212765957447 -1970.08167662793
0.499 13.0260521042084 -1957.05562452372
0.512 13.28125 -1943.77437452372
0.517 7.54352030947776 -1936.23085421424
0.496 14.9193548387097 -1921.31149937553
0.502 22.7091633466135 -1898.60233602892
0.521 19.3857965451056 -1879.21653948381
0.469 8.31556503198294 -1870.90097445183
0.521 0.959692898272553 -1869.94128155356
0.483 3.93374741200828 -1866.00753414155
0.472 9.32203389830508 -1856.68550024324
0.526 15.2091254752852 -1841.47637476796
0.509 19.4499017681729 -1822.02647299979
0.474 17.2995780590717 -1804.72689494071
0.458 13.9737991266376 -1790.75309581408
0.497 17.907444668008 -1772.84565114607
0.455 19.1208791208791 -1753.72477202519
0.469 18.9765458422175 -1734.74822618297
0.497 11.4688128772636 -1723.27941330571
0.495 14.7474747474747 -1708.53193855823
0.475 13.6842105263158 -1694.84772803192
0.487 18.2751540041068 -1676.57257402781
0.472 8.47457627118644 -1668.09799775662
0.468 19.2307692307692 -1648.86722852585
0.462 15.1515151515152 -1633.71571337434
0.481 12.6819126819127 -1621.03380069243
0.52 15.7692307692308 -1605.2645699232
0.529 20.226843100189 -1585.03772682301
0.518 11.1969111969112 -1573.8408156261
0.493 12.3732251521298 -1561.46759047397
0.501 14.9700598802395 -1546.49753059373
0.513 16.5692007797271 -1529.928329814
0.49 1.22448979591837 -1528.70384001808
0.477 9.85324947589099 -1518.85059054219
0.501 12.5748502994012 -1506.27574024279
0.462 13.8528138528139 -1492.42292638998
0.499 7.41482965931864 -1485.00809673066
0.491 6.72097759674134 -1478.28711913392
0.497 18.7122736418511 -1459.57484549206
0.509 13.5559921414538 -1446.01885335061
0.507 14.792899408284 -1431.22595394233
0.552 17.7536231884058 -1413.47233075392
0.483 9.73084886128364 -1403.74148189264
0.472 14.4067796610169 -1389.33470223162
0.501 13.7724550898204 -1375.5622471418
0.516 17.0542635658915 -1358.50798357591
0.529 20.9829867674858 -1337.52499680842
0.497 17.5050301810865 -1320.01996662734
0.501 13.7724550898204 -1306.24751153752
0.481 0.623700623700624 -1305.62381091381
0.493 11.1561866125761 -1294.46762430124
0.538 6.69144981412639 -1287.77617448711
0.459 8.49673202614379 -1279.27944246097
0.474 5.90717299578059 -1273.37226946519
0.47 5.53191489361702 -1267.84035457157
0.482 9.54356846473029 -1258.29678610684
0.48 5.41666666666667 -1252.88011944017
0.48 8.75 -1244.13011944017
0.522 0.383141762452107 -1243.74697767772
0.526 7.22433460076046 -1236.52264307696
0.506 5.13833992094862 -1231.38430315601
0.495 11.5151515151515 -1219.86915164086
0.495 5.05050505050505 -1214.81864659036
0.459 8.49673202614379 -1206.32191456421
0.423 7.32860520094563 -1198.99330936327
0.473 0.211416490486258 -1198.78189287278
0.481 -3.53430353430353 -1202.31619640708
0.49 -2.44897959183673 -1204.76517599892
0.473 6.553911205074 -1198.21126479385
0.461 -1.51843817787419 -1199.72970297172
0.457 6.34573304157549 -1193.38396993015
0.408 3.92156862745098 -1189.46240130269
0.436 16.5137614678899 -1172.9486398348
0.449 9.13140311804009 -1163.81723671676
0.414 7.72946859903382 -1156.08776811773
0.418 11.9617224880383 -1144.12604562969
0.453 20.5298013245033 -1123.59624430519
0.426 13.1455399061033 -1110.45070439909
0.433 9.46882217090069 -1100.98188222818
0.455 11.2087912087912 -1089.77309101939
0.495 -0.606060606060606 -1090.37915162545
0.536 -5.59701492537313 -1095.97616655083
0.526 10.6463878326996 -1085.32977871813
0.509 15.5206286836935 -1069.80915003443
0.53 19.2452830188679 -1050.56386701557
0.505 6.53465346534653 -1044.02921355022
0.514 25.2918287937743 -1018.73738475645
0.504 7.53968253968254 -1011.19770221676
0.449 5.12249443207127 -1006.07520778469
0.487 2.25872689938398 -1003.81648088531
0.496 6.45161290322581 -997.364867982082
0.505 -0.99009900990099 -998.354966991983
0.552 5.07246376811594 -993.282503223867
0.445 11.4606741573034 -981.821829066564
0.511 0.195694716242661 -981.626134350321
0.465 -1.0752688172043 -982.701403167525
0.528 0.378787878787879 -982.322615288738
0.5 6.4 -975.922615288738
0.525 8.57142857142857 -967.351186717309
0.511 5.28375733855186 -962.067429378757
0.494 11.7408906882591 -950.326538690498
0.433 10.3926096997691 -939.933928990729
0.478 8.36820083682008 -931.565728153909
0.422 6.63507109004739 -924.930657063861
0.393 8.3969465648855 -916.533710498976
0.416 6.25 -910.283710498976
0.5 -3.2 -913.483710498976
0.455 -4.61538461538461 -918.099095114361
0.489 -3.47648261758691 -921.575577731948
0.458 -7.86026200873362 -929.435839740681
0.514 -9.72762645914397 -939.163466199825
0.516 0.775193798449612 -938.388272401376
0.459 15.9041394335512 -922.484132967824
0.439 14.3507972665148 -908.133335701309
0.471 7.43099787685775 -900.702337824452
0.484 7.02479338842975 -893.677544436022
0.471 3.60934182590234 -890.06820261012
0.498 18.4738955823293 -871.59430702779
0.514 15.5642023346303 -856.03010469316
0.473 3.59408033826638 -852.436024354894
0.509 7.26915520628684 -845.166869148607
0.504 7.14285714285714 -838.02401200575
0.517 15.2804642166344 -822.743547789115
0.505 8.11881188118812 -814.624735907927
0.501 16.5668662674651 -798.057869640462
0.482 -0.4149377593361 -798.472807399798
0.529 12.6654064272212 -785.807400972577
0.557 9.15619389587074 -776.651207076706
0.548 9.48905109489051 -767.162155981816
0.475 2.31578947368421 -764.846366508131
0.425 -2.11764705882353 -766.964013566955
0.492 17.0731707317073 -749.890842835248
0.56 1.78571428571429 -748.105128549533
0.5 3.2 -744.905128549533
0.467 10.0642398286938 -734.84088872084
0.496 1.20967741935484 -733.631211301485
0.528 9.84848484848485 -723.782726453
0.509 11.5913555992141 -712.191370853786
0.516 0.387596899224806 -711.803773954561
0.503 7.3558648111332 -704.447909143428
0.517 7.93036750483559 -696.517541638592
0.51 6.27450980392157 -690.243031834671
0.542 1.4760147601476 -688.767017074523
0.525 4 -684.767017074523
0.512 13.28125 -671.485767074523
0.498 14.4578313253012 -657.027935749222
0.537 18.0633147113594 -638.964621037862
0.504 9.92063492063492 -629.043986117227
0.514 12.4513618677043 -616.592624249523
0.544 10.6617647058824 -605.930859543641
0.504 11.5079365079365 -594.422923035704
0.522 1.91570881226054 -592.507214223444
0.493 12.7789046653144 -579.728309558129
0.448 8.92857142857143 -570.799738129558
0.527 7.40037950664137 -563.399358622917
0.531 16.7608286252354 -546.638529997681
0.5 1.6 -545.038529997681
0.514 10.1167315175097 -534.921798480171
0.494 -2.02429149797571 -536.946089978147
0.539 9.09090909090909 -527.855180887238
0.499 -1.40280561122244 -529.25798649846
0.496 8.06451612903226 -521.193470369428
0.526 8.36501901140684 -512.828451358021
0.525 5.90476190476191 -506.923689453259
0.527 -1.70777988614801 -508.631469339408
0.552 4.71014492753623 -503.921324411871
0.522 6.13026819923372 -497.791056212638
0.536 1.49253731343284 -496.298518899205
0.505 -8.11881188118812 -504.417330780393
0.527 10.4364326375712 -493.980898142822
0.544 -4.04411764705882 -498.025015789881
0.528 5.3030303030303 -492.72198548685
0.532 5.6390977443609 -487.082887742489
0.47 11.063829787234 -476.019057955255
0.532 14.2857142857143 -461.733343669541
0.52 10 -451.733343669541
0.518 5.79150579150579 -445.941837878035
0.481 15.1767151767152 -430.76512270132
0.48 11.25 -419.51512270132
0.502 3.58565737051793 -415.929465330802
0.525 4 -411.929465330802
0.511 4.50097847358121 -407.428486857221
0.523 -0.191204588910134 -407.619691446131
0.473 8.24524312896406 -399.374448317167
0.53 9.81132075471698 -389.56312756245
0.51 3.13725490196078 -386.425872660489
0.512 17.578125 -368.847747660489
0.506 -5.13833992094862 -373.986087581438
0.516 3.48837209302326 -370.497715488415
0.469 8.74200426439232 -361.755711224022
0.522 11.8773946360153 -349.878316588007
0.493 5.47667342799189 -344.401643160015
0.519 4.04624277456647 -340.355400385449
0.562 8.89679715302491 -331.458603232424
0.52 0.769230769230769 -330.689372463193
0.418 6.2200956937799 -324.469276769413
0.419 10.7398568019093 -313.729419967504
0.547 15.1736745886654 -298.555745378838
0.537 16.2011173184358 -282.354628060402
0.496 13.3064516129032 -269.048176447499
0.474 0 -269.048176447499
0.483 3.93374741200828 -265.114429035491
0.502 6.77290836653386 -258.341520668957
0.47 0.851063829787234 -257.49045683917
0.518 -4.63320463320463 -262.123661472374
0.52 -2.69230769230769 -264.815969164682
0.462 10.3896103896104 -254.426358775072
0.482 6.63900414937759 -247.787354625694
0.493 1.82555780933063 -245.961796816364
0.485 4.74226804123711 -241.219528775126
0.507 6.11439842209073 -235.105130353036
0.512 7.421875 -227.683255353036
0.501 1.79640718562874 -225.886848167407
0.539 -2.78293135435993 -228.669779521767
0.436 -3.21100917431193 -231.880788696079
0.49 -9.38775510204082 -241.26854379812
0.527 -0.94876660341556 -242.217310401535
0.547 -9.68921389396709 -251.906524295502
0.521 0.959692898272553 -250.94683139723
0.522 3.83141762452107 -247.115413772709
0.501 11.7764471057884 -235.33896666692
0.481 -3.11850311850312 -238.457469785423
0.52 3.84615384615385 -234.61131593927
0.52 -1.92307692307692 -236.534392862346
0.525 -1.33333333333333 -237.86772619568
0.56 1.07142857142857 -236.796297624251
0.476 1.68067226890756 -235.115625355344
0.504 2.38095238095238 -232.734672974391
0.515 5.63106796116505 -227.103605013226
0.551 2.35934664246824 -224.744258370758
0.489 5.93047034764826 -218.81378802311
0.528 19.3181818181818 -199.495606204928
0.498 15.2610441767068 -184.234562028221
0.504 -4.36507936507936 -188.5996413933
0.531 7.72128060263653 -180.878360790664
0.504 6.34920634920635 -174.529154441458
0.517 4.83558994197292 -169.693564499485
0.51 4.70588235294118 -164.987682146543
0.496 -8.06451612903226 -173.052198275576
0.493 6.69371196754564 -166.35848630803
0.462 2.5974025974026 -163.761083710627
0.493 9.53346855983773 -154.22761515079
0.515 1.35922330097087 -152.868391849819
0.494 4.04858299595142 -148.819808853867
0.482 -2.0746887966805 -150.894497650548
0.524 5.72519083969466 -145.169306810853
0.479 2.71398747390397 -142.455319336949
0.493 13.9959432048682 -128.459376132081
0.483 6.41821946169772 -122.041156670383
0.476 2.94117647058824 -119.099980199795
0.465 3.2258064516129 -115.874173748182
0.471 9.12951167728238 -106.7446620709
0.485 7.21649484536082 -99.5281672255391
0.49 -2.85714285714286 -102.385310082682
0.521 5.95009596928983 -96.4352141133921
0.516 6.58914728682171 -89.8460668265704
0.534 1.87265917602996 -87.9734076505405
0.531 5.83804143126177 -82.1353662192787
0.526 6.08365019011407 -76.0517160291646
0.518 -4.63320463320463 -80.6849206623693
0.519 7.12909441233141 -73.5558262500379
0.521 11.7082533589251 -61.8475728911127
0.526 7.60456273764259 -54.2430101534701
0.472 8.89830508474576 -45.3447050687244
0.529 10.0189035916824 -35.3258014770419
0.506 5.92885375494071 -29.3969477221012
0.544 11.0294117647059 -18.3675359573953
0.526 11.787072243346 -6.58046371404933
0.486 7.81893004115226 1.23846632710293
0.445 12.8089887640449 14.0474550911479
0.555 10.6306306306306 24.6780857217785
0.539 13.543599257885 38.2216849796635
0.508 2.75590551181102 40.9775904914745
0.483 -5.175983436853 35.8016070546215
0.49 3.6734693877551 39.4750764423766
0.455 -6.37362637362637 33.1014500687502
0.478 1.67364016736402 34.7750902361142
0.434 3.68663594470046 38.4617261808147
0.513 4.09356725146199 42.5552934322767
0.506 5.53359683794466 48.0888902702214
0.494 4.8582995951417 52.9471898653631
0.512 6.25 59.1971898653631
0.496 -0.403225806451613 58.7939640589114
0.51 5.49019607843137 64.2841601373428
0.501 -0.598802395209581 63.6853577421332
0.509 5.69744597249509 69.3828037146283
0.49 -0.408163265306122 68.9746404493222
0.472 5.50847457627119 74.4831150255934
0.494 9.31174089068826 83.7948559162816
0.496 7.66129032258065 91.4561462388623
0.532 1.50375939849624 92.9599056373585
0.512 5.078125 98.0380306373585
0.517 7.54352030947776 105.581550946836
0.522 10.727969348659 116.309520295495
0.48 3.33333333333333 119.642853628829
0.534 2.99625468164794 122.639108310477
0.492 -0.813008130081301 121.826100180395
0.51 2.35294117647059 124.179041356866
0.541 2.77264325323475 126.951684610101
0.511 0.587084148727984 127.538768758829
0.479 7.72442588726514 135.263194646094
0.488 5.32786885245902 140.591063498553
0.493 -4.25963488843813 136.331428610115
0.505 8.51485148514852 144.846280095263
0.503 6.56063618290258 151.406916278166
0.531 0.941619585687382 152.348535863853
0.523 -5.92734225621415 146.421193607639
0.52 -4.61538461538461 141.805808992254
0.489 -1.43149284253579 140.374316149719
0.486 -4.11522633744856 136.25908981227
0.492 14.2276422764228 150.486732088693
0.505 9.7029702970297 160.189702385722
0.514 3.89105058365759 164.08075296938
0.518 2.31660231660232 166.397355285982
0.521 -6.71785028790787 159.679504998074
0.528 6.81818181818182 166.497686816256
0.527 -1.70777988614801 164.789906930108
0.514 6.22568093385214 171.01558786396
0.521 7.10172744721689 178.117315311177
0.529 2.07939508506616 180.196710396243
0.5 2 182.196710396243
0.551 0.907441016333938 183.104151412577
0.512 0.390625 183.494776412577
0.502 -0.398406374501992 183.096370038075
0.505 3.76237623762376 186.858746275699
0.49 -1.22448979591837 185.634256479781
0.51 1.96078431372549 187.595040793506
0.505 4.15841584158416 191.75345663509
0.509 5.69744597249509 197.450902607586
0.487 10.8829568788501 208.333859486436
0.501 2.9940119760479 211.327871462484
0.52 0.769230769230769 212.097102231714
0.505 5.34653465346535 217.44363688518
0.505 14.8514851485149 232.295122033695
0.494 14.5748987854251 246.87002081912
0.523 8.98661567877629 255.856636497896
0.487 11.7043121149897 267.560948612886
0.547 6.76416819012797 274.325116803014
0.515 7.96116504854369 282.286281851557
0.496 8.06451612903226 290.35079798059
0.482 9.54356846473029 299.89436644532
0.465 9.67741935483871 309.571785800159
0.49 8.16326530612245 317.735051106281
0.504 7.93650793650794 325.671559042789
0.538 11.8959107806691 337.567469823458
0.511 8.41487279843444 345.982342621893
0.494 7.28744939271255 353.269792014605
0.515 11.4563106796117 364.726102694217
0.457 15.0984682713348 379.824570965552
0.506 10.6719367588933 390.496507724445
0.502 12.7490039840637 403.245511708509
0.52 1.53846153846154 404.78397324697
0.486 4.93827160493827 409.722244851908
0.51 3.13725490196078 412.859499753869
0.475 5.68421052631579 418.543710280185
0.534 1.87265917602996 420.416369456215
0.499 1.40280561122244 421.819175067437
0.496 9.67741935483871 431.496594422276
0.532 10.9022556390977 442.398850061374
0.538 1.48698884758364 443.885838908957
0.509 -3.7328094302554 440.153029478702
0.472 0 440.153029478702
0.514 2.72373540856031 442.876764887262
0.503 9.74155069582505 452.618315583087
0.52 7.30769230769231 459.92600789078
0.51 1.96078431372549 461.886792204505
0.48 6.25 468.136792204505
0.481 16.8399168399168 484.976709044422
0.443 -5.64334085778781 479.333368186634
0.541 -17.9297597042514 461.403608482383
0.528 -7.1969696969697 454.206638785413
0.494 -14.9797570850202 439.226881700393
0.55 -16.3636363636364 422.863245336757
0.536 -10.0746268656716 412.788618471085
0.495 13.1313131313131 425.919931602398
0.447 3.80313199105145 429.72306359345
0.501 6.98602794411178 436.709091537561
0.495 3.03030303030303 439.739394567864
0.484 -2.06611570247934 437.673278865385
0.491 3.05498981670061 440.728268682086
0.51 6.27450980392157 447.002778486007
0.495 8.28282828282828 455.285606768835
0.496 9.67741935483871 464.963026123674
0.481 5.1975051975052 470.160531321179
0.505 1.78217821782178 471.942709539001
0.503 9.74155069582505 481.684260234826
0.496 16.1290322580645 497.813292492891
0.474 6.75105485232068 504.564347345211
0.484 4.95867768595041 509.523025031162
0.495 7.47474747474747 516.997772505909
0.499 10.6212424849699 527.619014990879
0.524 4.9618320610687 532.580847051948
0.528 11.3636363636364 543.944483415584
0.524 6.48854961832061 550.433033033905
0.505 13.2673267326733 563.700359766578
0.497 10.261569416499 573.961929183077
0.553 6.32911392405063 580.291043107128
0.526 4.56273764258555 584.853780749713
0.519 0.963391136801541 585.817171886515
0.538 12.2676579925651 598.08482987908
0.456 1.75438596491228 599.839215843992
0.52 3.46153846153846 603.300754305531
0.504 11.5079365079365 614.808690813467
0.5 8.4 623.208690813467
0.483 8.90269151138716 632.111382324854
0.501 4.19161676646707 636.302999091321
0.484 3.71900826446281 640.022007355784
0.481 16.8399168399168 656.861924195701
0.475 12.4210526315789 669.28297682728
0.5 17.6 686.88297682728
0.538 17.1003717472119 703.983348574492
0.51 12.156862745098 716.14021131959
0.533 13.6960600375235 729.836271357113
0.511 6.45792563600783 736.294196993121
0.516 5.81395348837209 742.108150481493
0.521 3.26295585412668 745.37110633562
0.53 -3.0188679245283 742.352238411092
0.52 2.69230769230769 745.044546103399
0.499 2.60521042084168 747.649756524241
0.479 8.97703549060543 756.626792014847
0.532 6.01503759398496 762.641829608831
0.533 5.0656660412758 767.707495650107
0.497 1.00603621730382 768.713531867411
0.468 -1.28205128205128 767.43148058536
0.516 11.6279069767442 779.059387562104
0.535 8.78504672897196 787.844434291076
0.478 8.36820083682008 796.212635127896
0.475 11.1578947368421 807.370529864738
0.471 -0.212314225053079 807.158215639685
0.52 2.30769230769231 809.465907947377
0.46 0 809.465907947377
0.476 1.26050420168067 810.726412149058
0.475 10.7368421052632 821.463254254321
0.516 13.1782945736434 834.641548827965
0.529 13.7996219281664 848.441170756131
0.524 11.4503816793893 859.89155243552
0.494 11.336032388664 871.227584824184
0.542 -2.2140221402214 869.013562683963
0.53 8.67924528301887 877.692807966982
0.514 7.78210116731517 885.474909134297
0.534 5.61797752808989 891.092886662387
0.493 11.1561866125761 902.249073274963
0.544 7.72058823529412 909.969661510257
0.54 11.4814814814815 921.451142991738
0.529 0.945179584120983 922.396322575859
0.522 11.4942528735632 933.890575449423
0.527 10.4364326375712 944.327008086994
0.494 4.8582995951417 949.185307682135
0.52 6.53846153846154 955.723769220597
0.515 7.57281553398058 963.296584754578
0.53 2.64150943396226 965.93809418854
0.507 8.48126232741617 974.419356515956
0.504 8.73015873015873 983.149515246115
0.518 9.26640926640927 992.415924512524
0.521 12.8598848368522 1005.27580934938
0.547 11.1517367458867 1016.42754609526
0.565 7.25663716814159 1023.6841832634
0.515 6.40776699029126 1030.0919502537
0.531 5.83804143126177 1035.92999168496
0.512 7.8125 1043.74249168496
0.509 10.4125736738703 1054.15506535883
0.53 7.16981132075472 1061.32487667958
0.547 3.10786106032907 1064.43273773991
0.541 6.09981515711645 1070.53255289703
0.483 7.66045548654244 1078.19300838357
0.516 12.7906976744186 1090.98370605799
0.554 -1.44404332129964 1089.53966273669
0.521 7.10172744721689 1096.64139018391
0.536 2.23880597014925 1098.88019615406
0.539 1.66975881261596 1100.54995496667
0.472 9.32203389830508 1109.87198886498
0.523 10.1338432122371 1120.00583207721
0.502 7.96812749003984 1127.97395956725
0.524 10.6870229007634 1138.66098246802
0.54 2.59259259259259 1141.25357506061
0.516 1.16279069767442 1142.41636575828
0.525 5.14285714285714 1147.55922290114
0.526 10.2661596958175 1157.82538259696
0.537 11.731843575419 1169.55722617238
0.506 8.300395256917 1177.85762142929
0.512 7.8125 1185.67012142929
0.501 14.1716566866267 1199.84177811592
0.495 13.9393939393939 1213.78117205532
0.504 9.12698412698413 1222.9081561823
0.502 11.5537848605578 1234.46194104286
0.529 2.45746691871456 1236.91940796157
0.548 5.83941605839416 1242.75882401997
0.544 4.41176470588235 1247.17058872585
0.521 0.191938579654511 1247.3625273055
0.525 -1.71428571428571 1245.64824159122
0.549 8.19672131147541 1253.84496290269
0.504 9.52380952380952 1263.3687724265
0.524 10.3053435114504 1273.67411593795
0.567 7.2310405643739 1280.90515650233
0.513 12.6705653021442 1293.57572180447
0.563 6.57193605683837 1300.14765786131
0.505 7.32673267326733 1307.47439053458
0.515 13.7864077669903 1321.26079830157
0.585 10.4273504273504 1331.68814872892
0.518 19.3050193050193 1350.99316803394
0.471 16.7728237791932 1367.76599181313
0.552 5.07246376811594 1372.83845558125
0.529 9.64083175803403 1382.47928733928
0.504 3.17460317460317 1385.65389051388
0.542 14.760147601476 1400.41403811536
0.523 5.54493307839388 1405.95897119375
0.568 6.33802816901408 1412.29699936277
0.53 11.6981132075472 1423.99511257031
0.508 14.1732283464567 1438.16834091677
0.537 10.9869646182495 1449.15530553502
0.525 6.28571428571429 1455.44101982073
0.54 4.07407407407407 1459.51509389481
0.488 1.22950819672131 1460.74460209153
0.558 10.3942652329749 1471.1388673245
0.501 10.9780439121756 1482.11691123668
0.524 18.3206106870229 1500.4375219237
0.516 8.52713178294574 1508.96465370665
0.527 5.50284629981025 1514.46750000646
0.526 6.84410646387833 1521.31160647034
0.527 7.02087286527514 1528.33247933561
0.566 8.48056537102473 1536.81304470664
0.549 13.6612021857923 1550.47424689243
0.538 5.94795539033457 1556.42220228276
0.539 9.46196660482375 1565.88416888759
0.553 1.26582278481013 1567.1499916724
0.522 4.98084291187739 1572.13083458428
0.54 11.8518518518519 1583.98268643613
0.496 6.85483870967742 1590.8375251458
0.499 13.4268537074148 1604.26437885322
0.549 12.9326047358834 1617.1969835891
0.559 9.83899821109123 1627.03598180019
0.535 5.79439252336449 1632.83037432356
0.53 7.54716981132075 1640.37754413488
0.518 11.969111969112 1652.34665610399
0.51 1.17647058823529 1653.52312669223
0.52 11.9230769230769 1665.4462036153
0.459 18.082788671024 1683.52899228633
0.518 0.386100386100386 1683.91509267243
0.513 13.4502923976608 1697.36538507009
0.551 20.508166969147 1717.87355203924
0.54 8.88888888888889 1726.76244092812
0.516 7.75193798449612 1734.51437891262
0.515 15.3398058252427 1749.85418473786
0.512 1.5625 1751.41668473786
0.549 11.4754098360656 1762.89209457393
0.523 9.75143403441683 1772.64352860835
0.512 5.859375 1778.50290360835
0.514 5.44747081712062 1783.95037442547
0.489 6.74846625766871 1790.69884068314
0.529 6.61625708884688 1797.31509777198
0.489 11.2474437627812 1808.56254153476
0.551 11.7967332123412 1820.3592747471
0.493 15.2129817444219 1835.57225649153
0.516 12.4031007751938 1847.97535726672
0.501 3.39321357285429 1851.36857083957
0.483 11.8012422360248 1863.1698130756
0.43 0.465116279069767 1863.63492935467
0.42 6.19047619047619 1869.82540554515
0.496 8.06451612903226 1877.88992167418
0.552 -3.26086956521739 1874.62905210896
0.557 7.00179533213645 1881.6308474411
0.529 7.75047258979206 1889.38132003089
0.519 0.963391136801541 1890.34471116769
0.477 10.272536687631 1900.61724785532
0.524 5.34351145038168 1905.9607593057
0.489 0.204498977505112 1906.16525828321
0.489 5.93047034764826 1912.09572863086
0.538 10.0371747211896 1922.13290335205
0.56 8.92857142857143 1931.06147478062
0.545 3.11926605504587 1934.18074083566
0.504 1.58730158730159 1935.76804242296
0.546 6.22710622710623 1941.99514865007
0.551 -4.17422867513612 1937.82091997493
0.506 6.71936758893281 1944.54028756387
0.487 9.65092402464066 1954.19121158851
0.534 6.36704119850187 1960.55825278701
0.497 8.65191146881288 1969.21016425582
0.483 8.48861283643892 1977.69877709226
0.463 1.9438444924406 1979.6426215847
0.494 3.64372469635628 1983.28634628106
0.517 4.06189555125725 1987.34824183232
0.512 5.859375 1993.20761683232
0.545 2.38532110091743 1995.59293793323
0.518 -1.15830115830116 1994.43463677493
0.51 -7.05882352941176 1987.37581324552
0.517 6.38297872340426 1993.75879196892
0.539 2.04081632653061 1995.79960829546
0.544 8.45588235294118 2004.2554906484
0.522 0 2004.2554906484
0.556 4.67625899280576 2008.9317496412
0.517 6.38297872340426 2015.31472836461
0.52 8.07692307692308 2023.39165144153
0.505 2.97029702970297 2026.36194847123
0.54 4.07407407407407 2030.43602254531
0.501 11.7764471057884 2042.2124696511
0.506 7.5098814229249 2049.72235107402
0.499 0.200400801603206 2049.92275187562
0.51 9.41176470588235 2059.33451658151
0.526 -2.28136882129278 2057.05314776021
0.479 3.54906054279749 2060.60220830301
0.524 -1.14503816793893 2059.45717013507
0.545 13.7614678899083 2073.21863802498
0.566 13.4275618374558 2086.64619986244
0.551 11.070780399274 2097.71698026171
0.497 3.01810865191147 2100.73508891362
0.566 13.0742049469965 2113.80929386062
0.548 4.37956204379562 2118.18885590441
0.475 -0.210526315789474 2117.97832958862
0.501 2.59481037924152 2120.57313996787
0.524 8.77862595419847 2129.35176592206
0.456 5.70175438596491 2135.05352030803
0.503 3.77733598409543 2138.83085629212
0.49 5.30612244897959 2144.1369787411
0.518 2.31660231660232 2146.45358105771
0.541 5.36044362292052 2151.81402468063
0.507 -0.19723865877712 2151.61678602185
0.51 6.27450980392157 2157.89129582577
0.501 7.38522954091816 2165.27652536669
0.56 3.21428571428571 2168.49081108097
0.526 9.50570342205323 2177.99651450303
0.512 2.734375 2180.73088950303
0.468 -0.854700854700855 2179.87618864833
0.529 1.70132325141777 2181.57751189974
0.47 12.3404255319149 2193.91793743166
0.546 1.83150183150183 2195.74943926316
0.489 3.88548057259714 2199.63491983576
0.535 11.4018691588785 2211.03678899464
0.534 -1.49812734082397 2209.53866165381
0.553 8.1374321880651 2217.67609384188
0.497 6.63983903420523 2224.31593287608
0.448 -7.58928571428571 2216.7266471618
0.445 6.06741573033708 2222.79406289214
0.473 7.39957716701903 2230.19364005915
0.44 7.27272727272727 2237.46636733188
0.47 1.27659574468085 2238.74296307656
0.576 11.4583333333333 2250.2012964099
0.551 11.4337568058076 2261.6350532157
0.511 15.8512720156556 2277.48632523136
0.562 4.98220640569395 2282.46853163705
0.505 0.99009900990099 2283.45863064695
0.456 11.4035087719298 2294.86213941888
0.504 0.396825396825397 2295.25896481571
0.45 9.77777777777778 2305.03674259349
0.536 16.044776119403 2321.08151871289
0.531 12.9943502824859 2334.07586899538
0.51 9.01960784313725 2343.09547683851
0.466 -2.57510729613734 2340.52036954238
0.523 13.1931166347992 2353.71348617717
0.531 10.7344632768362 2364.44794945401
0.508 12.2047244094488 2376.65267386346
0.464 6.03448275862069 2382.68715662208
0.505 6.13861386138614 2388.82577048347
0.518 4.63320463320463 2393.45897511667
0.476 0.840336134453782 2394.29931125112
0.514 6.22568093385214 2400.52499218498
0.461 12.7982646420824 2413.32325682706
0.468 -4.7008547008547 2408.6224021262
0.543 -5.34069981583794 2403.28170231037
0.514 -5.44747081712062 2397.83423149325
0.509 -0.196463654223969 2397.63776783902
0.476 -3.36134453781513 2394.27642330121
0.438 -8.21917808219178 2386.05724521902
0.517 -6.76982591876209 2379.28741930025
0.534 1.12359550561798 2380.41101480587
0.54 4.44444444444444 2384.85545925032
0.512 2.34375 2387.19920925032
0.533 -4.69043151969981 2382.50877773062
0.556 -6.11510791366906 2376.39366981695
0.473 1.47991543340381 2377.87358525035
0.47 0.851063829787234 2378.72464908014
0.524 -8.3969465648855 2370.32770251525
0.534 -4.11985018726592 2366.20785232799
0.501 -10.1796407185629 2356.02821160942
0.508 -9.44881889763779 2346.57939271179
0.473 -18.816067653277 2327.76332505851
0.512 -8.59375 2319.16957505851
0.478 -12.5523012552301 2306.61727380328
0.564 1.77304964539007 2308.39032344867
0.565 -5.84070796460177 2302.54961548407
0.553 0.54249547920434 2303.09211096327
0.499 1.80360721442886 2304.8957181777
0.5 3.2 2308.0957181777
0.516 4.65116279069767 2312.7468809684
0.5 -0.8 2311.9468809684
0.503 -0.198807157057654 2311.74807381134
0.533 -3.56472795497186 2308.18334585637
0.445 -8.31460674157303 2299.8687391148
0.486 0.823045267489712 2300.69178438229
0.476 -7.14285714285714 2293.54892723943
0.507 -5.71992110453649 2287.82900613489
0.518 -3.47490347490348 2284.35410265999
0.551 -9.98185117967332 2274.37225148031
0.528 -7.95454545454545 2266.41770602577
0.538 -6.31970260223048 2260.09800342354
0.506 -2.76679841897233 2257.33120500457
0.515 -8.3495145631068 2248.98169044146
0.524 -4.9618320610687 2244.01985838039
0.551 -5.62613430127042 2238.39372407912
0.542 -4.4280442804428 2233.96567979868
0.513 -11.5009746588694 2222.46470513981
0.56 -8.21428571428571 2214.25041942552
0.502 -3.58565737051793 2210.664762055
0.505 -10.8910891089109 2199.77367294609
0.511 -7.24070450097847 2192.53296844512
0.514 -3.11284046692607 2189.42012797819
0.534 -10.4868913857678 2178.93323659242
0.556 -6.11510791366906 2172.81812867875
0.551 -4.90018148820327 2167.91794719055
0.538 -11.5241635687732 2156.39378362178
0.535 -0.560747663551402 2155.83303595822
0.54 -10 2145.83303595822
0.434 -7.83410138248848 2137.99893457574
0.434 -2.30414746543779 2135.6947871103
0.516 -10.8527131782946 2124.842073932
0.509 -17.8781925343811 2106.96388139762
0.496 -8.46774193548387 2098.49613946214
0.496 -5.64516129032258 2092.85097817182
0.49 -6.53061224489796 2086.32036592692
0.532 -3.00751879699248 2083.31284712993
0.501 -1.39720558882236 2081.9156415411
0.513 -1.364522417154 2080.55111912395
0.536 -2.98507462686567 2077.56604449708
0.505 -2.97029702970297 2074.59574746738
0.549 -11.83970856102 2062.75603890636
0.543 -11.2338858195212 2051.52215308684
0.581 1.54905335628227 2053.07120644312
0.55 0.727272727272727 2053.79847917039
0.536 -10.4477611940299 2043.35071797636
0.508 -10.6299212598425 2032.72079671652
0.461 -4.12147505422993 2028.59932166229
0.573 -3.31588132635253 2025.28344033594
0.494 -9.31174089068826 2015.97169944525
0.536 -10.8208955223881 2005.15080392286
0.547 -10.054844606947 1995.09595931592
0.527 -3.2258064516129 1991.8701528643
0.51 -9.80392156862745 1982.06623129568
0.508 -11.8110236220472 1970.25520767363
0.532 -14.6616541353383 1955.59355353829
0.524 -16.412213740458 1939.18133979783
0.508 -14.5669291338583 1924.61441066397
0.527 -17.2675521821632 1907.34685848181
0.505 -7.32673267326733 1900.02012580854
0.496 -11.2903225806452 1888.7298032279
0.536 -7.08955223880597 1881.64025098909
0.504 -1.19047619047619 1880.44977479862
0.477 2.72536687631027 1883.17514167493
0.505 -0.198019801980198 1882.97712187295
0.466 -1.28755364806867 1881.68956822488
0.493 3.85395537525355 1885.54352360013
0.523 -4.39770554493308 1881.1458180552
0.554 -6.13718411552347 1875.00863393967
0.518 -5.40540540540541 1869.60322853427
0.518 -1.54440154440154 1868.05882698987
0.512 -11.328125 1856.73070198987
0.472 -9.32203389830508 1847.40866809156
0.457 -5.47045951859956 1841.93820857296
0.525 4.38095238095238 1846.31916095392
0.472 -8.89830508474576 1837.42085586917
0.485 -5.97938144329897 1831.44147442587
0.535 -3.17757009345794 1828.26390433241
0.452 -7.52212389380531 1820.74178043861
0.448 -7.58928571428571 1813.15249472432
0.499 -1.40280561122244 1811.7496891131
0.464 -13.7931034482759 1797.95658566482
0.426 -7.981220657277 1789.97536500755
0.517 -9.09090909090909 1780.88445591664
0.53 -8.30188679245283 1772.58256912418
0.518 -8.49420849420849 1764.08836062998
0.497 -0.603621730382294 1763.48473889959
0.491 -7.12830957230143 1756.35642932729
0.483 -8.07453416149068 1748.2818951658
0.518 -15.8301158301158 1732.45177933569
0.505 -16.4356435643564 1716.01613577133
0.512 -6.640625 1709.37551077133
0.455 -3.2967032967033 1706.07880747463
0.486 -1.23456790123457 1704.84423957339
0.488 -5.32786885245902 1699.51637072093
0.461 -3.68763557483731 1695.8287351461
0.484 -2.89256198347107 1692.93617316262
0.447 -3.35570469798658 1689.58046846464
0.494 1.61943319838057 1691.19990166302
0.506 -7.11462450592885 1684.08527715709
0.491 -2.64765784114053 1681.43761931595
0.443 -11.0609480812641 1670.37667123468
0.445 -5.1685393258427 1665.20813190884
0.453 -16.1147902869757 1649.09334162187
0.515 -11.0679611650485 1638.02538045682
0.531 -8.09792843691149 1629.92745201991
0.54 -0.37037037037037 1629.55708164954
0.509 -10.0196463654224 1619.53743528411
0.503 -9.74155069582505 1609.79588458829
0.504 0 1609.79588458829
0.489 -7.97546012269939 1601.82042446559
0.508 0 1601.82042446559
0.497 -9.05432595573441 1592.76609850985
0.49 -0.816326530612245 1591.94977197924
0.492 -5.28455284552845 1586.66521913371
0.467 -8.77944325481799 1577.8857758789
0.448 -9.375 1568.5107758789
0.518 0.772200772200772 1569.2829766511
0.518 -4.24710424710425 1565.03587240399
0.535 0.560747663551402 1565.59662006754
0.57 -0.701754385964912 1564.89486568158
0.554 -0.72202166064982 1564.17284402093
0.537 3.1657355679702 1567.3385795889
0.582 3.09278350515464 1570.43136309405
0.577 -0.519930675909879 1569.91143241814
0.549 4.91803278688525 1574.82946520503
0.559 -0.178890876565295 1574.65057432846
0.49 -0.408163265306122 1574.24241106316
0.51 -4.31372549019608 1569.92868557296
0.518 0 1569.92868557296
0.45 -1.33333333333333 1568.59535223963
0.463 -3.23974082073434 1565.35561141889
0.464 -7.32758620689655 1558.028025212
0.454 1.76211453744493 1559.79013974944
0.436 -2.75229357798165 1557.03784617146
0.511 -2.5440313111546 1554.49381486031
0.521 -5.95009596928983 1548.54371889102
0.524 -4.58015267175572 1543.96356621926
0.49 3.26530612244898 1547.22887234171
0.578 0 1547.22887234171
0.553 3.43580470162749 1550.66467704334
0.559 3.39892665474061 1554.06360369808
0.547 3.10786106032907 1557.17146475841
0.56 2.5 1559.67146475841
0.572 9.79020979020979 1569.46167454862
0.614 7.16612377850163 1576.62779832712
0.622 7.07395498392283 1583.70175331104
0.603 3.48258706467662 1587.18434037572
0.592 2.7027027027027 1589.88704307842
0.582 4.46735395189003 1594.35439703031
0.606 -0.33003300330033 1594.02436402701
0.613 4.73083197389886 1598.75519600091
0.561 -0.17825311942959 1598.57694288148
0.545 5.32110091743119 1603.89804379891
0.526 1.52091254752852 1605.41895634644
0.543 -0.184162062615101 1605.23479428382
0.581 -3.6144578313253 1601.6203364525
0.574 0 1601.6203364525
0.542 1.8450184501845 1603.46535490268
0.558 1.0752688172043 1604.54062371989
0.557 5.56552962298025 1610.10615334287
0.525 1.33333333333333 1611.4394866762
0.526 5.32319391634981 1616.76268059255
0.567 5.82010582010582 1622.58278641266
0.536 1.86567164179104 1624.44845805445
0.54 2.59259259259259 1627.04105064704
0.583 2.91595197255575 1629.9570026196
0.535 0.560747663551402 1630.51775028315
0.569 2.28471001757469 1632.80246030072
0.578 0 1632.80246030072
0.513 3.7037037037037 1636.50616400443
0.557 5.9245960502693 1642.43076005469
0.598 1.67224080267559 1644.10300085737
0.502 -1.99203187250996 1642.11096898486
0.544 12.5 1654.61096898486
0.534 7.86516853932584 1662.47613752419
0.539 -2.41187384044527 1660.06426368374
0.561 4.09982174688057 1664.16408543062
0.533 5.81613508442777 1669.98022051505
0.526 4.18250950570342 1674.16273002075
0.559 -2.32558139534884 1671.8371486254
0.558 2.5089605734767 1674.34610919888
0.571 -0.525394045534151 1673.82071515335
0.574 16.7247386759582 1690.5454538293
0.494 6.07287449392713 1696.61832832323
0.478 -7.11297071129707 1689.50535761193
0.462 -0.865800865800866 1688.63955674613
0.5 -0.4 1688.23955674613
0.477 -9.85324947589099 1678.38630727024
0.503 -5.76540755467197 1672.62089971557
0.491 -14.4602851323829 1658.16061458319
0.513 -8.7719298245614 1649.38868475863
0.477 -15.7232704402516 1633.66541431838
0.507 -8.48126232741617 1625.18415199096
0.529 -12.2873345935728 1612.89681739739
0.485 -8.8659793814433 1604.03083801594
0.492 1.21951219512195 1605.25035021106
0.442 -7.69230769230769 1597.55804251876
0.426 -1.87793427230047 1595.68010824646
0.461 -15.4013015184382 1580.27880672802
0.471 -16.7728237791932 1563.50598294883
0.531 -1.31826741996234 1562.18771552886
0.533 -14.0712945590994 1548.11642096976
0.465 -13.5483870967742 1534.56803387299
0.434 -9.67741935483871 1524.89061451815
0.469 -7.0362473347548 1517.8543671834
0.505 -6.13861386138614 1511.71575332201
0.536 -5.59701492537313 1506.11873839664
0.505 -17.6237623762376 1488.4949760204
0.536 -14.9253731343284 1473.56960288607
0.551 -12.8856624319419 1460.68394045413
0.429 7.22610722610723 1467.91004768024
0.487 -6.36550308008214 1461.54454460015
0.521 -4.03071017274472 1457.51383442741
0.488 -7.37704918032787 1450.13678524708
0.491 -2.64765784114053 1447.48912740594
0.526 -9.1254752851711 1438.36365212077
0.491 -3.46232179226069 1434.90133032851
0.506 -4.34782608695652 1430.55350424155
0.463 -0.215982721382289 1430.33752152017
0.51 -6.27450980392157 1424.06301171625
0.527 -8.53889943074004 1415.52411228551
0.497 -5.03018108651911 1410.49393119899
0.517 -1.74081237911025 1408.75311881988
0.513 -10.7212475633528 1398.03187125653
0.535 -7.66355140186916 1390.36831985466
0.502 -9.9601593625498 1380.40816049211
0.51 -9.41176470588235 1370.99639578623
0.529 -12.2873345935728 1358.70906119265
0.518 -8.10810810810811 1350.60095308454
0.54 -0.740740740740741 1349.8602123438
0.518 -6.17760617760618 1343.6826061662
0.514 -14.7859922178988 1328.8966139483
0.528 2.65151515151515 1331.54812909981
0.501 -0.598802395209581 1330.9493267046
0.54 -10.7407407407407 1320.20858596386
0.5 -12 1308.20858596386
0.507 -9.27021696252466 1298.93836900134
0.515 -7.18446601941748 1291.75390298192
0.482 2.0746887966805 1293.8285917786
0.528 -12.1212121212121 1281.70737965739
0.492 -3.65853658536585 1278.04884307202
0.524 -13.3587786259542 1264.69006444607
0.46 -3.04347826086957 1261.6465861852
0.499 -11.0220440881764 1250.62454209702
0.526 -14.4486692015209 1236.1758728955
0.482 -12.0331950207469 1224.14267787476
0.495 -6.66666666666667 1217.47601120809
0.501 -6.187624750499 1211.28838645759
0.505 -9.30693069306931 1201.98145576452
0.529 -2.07939508506616 1199.90206067945
0.462 -2.16450216450216 1197.73755851495
0.436 -16.0550458715596 1181.68251264339
0.516 -8.13953488372093 1173.54297775967
0.496 1.20967741935484 1174.75265517903
0.522 -16.8582375478927 1157.89441763113
0.492 -13.8211382113821 1144.07327941975
0.503 -5.76540755467197 1138.30787186508
0.447 -14.9888143176734 1123.31905754741
0.487 -5.5441478439425 1117.77490970346
0.504 2.77777777777778 1120.55268748124
0.446 -8.52017937219731 1112.03250810904
0.519 0.963391136801541 1112.99589924585
0.446 -2.24215246636771 1110.75374677948
0.462 -5.19480519480519 1105.55894158467
0.47 -13.1914893617021 1092.36745222297
0.448 -8.03571428571429 1084.33173793726
0.528 -3.03030303030303 1081.30143490695
0.537 -10.9869646182495 1070.3144702887
0.502 -3.18725099601594 1067.12721929269
0.549 -4.91803278688525 1062.2091865058
0.541 -4.99075785582255 1057.21842864998
0.53 -18.8679245283019 1038.35050412168
0.515 -19.2233009708738 1019.1272031508
0.538 0.743494423791822 1019.8706975746
0.49 -9.79591836734694 1010.07477920725
0.53 -1.88679245283019 1008.18798675442
0.522 -10.727969348659 997.46001740576
0.536 -11.9402985074627 985.519718898298
0.547 -1.64533820840951 983.874380689888
0.525 -10.4761904761905 973.398190213698
0.546 -9.89010989010989 963.508080323588
0.545 -10.4587155963303 953.049364727258
0.528 -15.1515151515152 937.897849575742
0.515 -6.79611650485437 931.101733070888
0.575 -16.1739130434783 914.92782002741
0.511 -18.1996086105675 896.728211416842
0.461 -14.9674620390456 881.760749377797
0.542 -16.6051660516605 865.155583326136
0.545 -8.62385321100918 856.531730115127
0.52 -1.15384615384615 855.377883961281
0.518 -4.24710424710425 851.130779714177
0.479 -1.87891440501044 849.251865309166
0.543 -15.2854511970534 833.966414112113
0.55 -7.63636363636364 826.330050475749
0.509 -13.5559921414538 812.774058334295
0.497 -14.2857142857143 798.488344048581
0.522 -12.6436781609195 785.844665887661
0.537 -8.75232774674116 777.09233814092
0.521 -13.2437619961612 763.848576144759
0.518 -10.8108108108108 753.037765333948
0.553 -18.2640144665461 734.773750867402
0.525 -8.19047619047619 726.583274676926
0.525 1.71428571428571 728.297560391212
0.475 -14.5263157894737 713.771244601738
0.48 -10 703.771244601738
0.519 -0.963391136801541 702.807853464936
0.521 -7.10172744721689 695.706126017719
0.522 4.98084291187739 700.686968929597
0.52 -4.61538461538461 696.071584314212
0.514 -8.94941634241245 687.1221679718
0.507 -12.4260355029586 674.696132468841
0.517 -1.74081237911025 672.955320089731
0.509 -0.589390962671906 672.365929127059
0.508 1.18110236220472 673.547031489264
0.506 4.34782608695652 677.89485757622
0.505 0.99009900990099 678.884956586121
0.51 -5.09803921568627 673.786917370435
0.47 -12.3404255319149 661.44649183852
0.482 -0.4149377593361 661.031554079184
0.49 -6.93877551020408 654.09277856898
0.504 -5.95238095238095 648.140397616599
0.499 -3.40681362725451 644.733583989345
0.519 -11.7533718689788 632.980212120366
0.521 -5.18234165067178 627.797870469694
0.523 -1.33843212237094 626.459438347323
0.524 -7.25190839694656 619.207529950377
0.542 -14.760147601476 604.4473823489
0.483 -8.90269151138716 595.544690837513
0.511 0.195694716242661 595.740385553756
0.501 -3.39321357285429 592.347171980902
0.524 0.381679389312977 592.728851370215
0.544 -5.51470588235294 587.214145487862
0.51 -13.7254901960784 573.488655291783
0.45 -1.77777777777778 571.710877514005
0.462 -9.09090909090909 562.619968423096
0.476 2.10084033613445 564.720808759231
0.526 3.80228136882129 568.523090128052
0.523 -4.01529636711281 564.507793760939
0.487 -7.18685831622177 557.320935444718
0.531 -0.188323917137476 557.13261152758
0.562 -6.40569395017794 550.726917577402
0.529 -8.50661625708885 542.220301320313
0.531 2.82485875706215 545.045160077375
0.53 -8.67924528301887 536.365914794357
0.528 -7.57575757575758 528.790157218599
0.516 -6.2015503875969 522.588606831002
0.529 2.45746691871456 525.046073749717
0.54 -6.66666666666667 518.37940708305
0.518 1.15830115830116 519.537708241351
0.5 -2.4 517.137708241351
0.526 -0.380228136882129 516.757480104469
0.474 -8.43881856540084 508.318661539068
0.516 -3.48837209302326 504.830289446045
0.527 -8.15939278937381 496.670896656671
0.56 -3.21428571428571 493.456610942385
0.527 -3.2258064516129 490.230804490772
0.596 -7.38255033557047 482.848254155202
0.537 0.186219739292365 483.034473894494
0.546 -2.93040293040293 480.104070964091
0.477 1.0482180293501 481.152288993442
0.491 -2.24032586558045 478.911963127861
0.468 0.427350427350427 479.339313555212
0.539 -17.6252319109462 461.714081644265
0.535 -12.5233644859813 449.190717158284
0.496 -12.0967741935484 437.093942964736
0.481 0.207900207900208 437.301843172636
0.486 -4.93827160493827 432.363571567698
0.513 -3.7037037037037 428.659867863994
0.503 -9.34393638170974 419.315931482284
0.506 -15.4150197628458 403.900911719438
0.52 -10.3846153846154 393.516296334823
0.508 -13.3858267716535 380.130469563169
0.494 -6.88259109311741 373.247878470052
0.486 -11.9341563786008 361.313722091451
0.487 -18.2751540041068 343.038568087344
0.488 -13.5245901639344 329.51397792341
0.51 -10.1960784313725 319.317899492037
0.556 -5.03597122302158 314.281928269016
0.532 -13.9097744360902 300.372153832926
0.527 -3.60531309297913 296.766840739946
0.528 -12.8787878787879 283.888052861159
0.495 -11.9191919191919 271.968860941967
0.504 -8.73015873015873 263.238702211808
0.487 -6.77618069815195 256.462521513656
0.476 -7.98319327731092 248.479328236345
0.493 9.53346855983773 258.012796796183
0.491 -5.90631364562118 252.106483150562
0.515 -3.68932038834951 248.417162762212
0.525 -10.0952380952381 238.321924666974
0.499 4.20841683366733 242.530341500641
0.462 -12.1212121212121 230.409129379429
0.435 -1.60919540229885 228.79993397713
0.503 -2.5844930417495 226.215440935381
0.452 -1.32743362831858 224.888007307062
0.478 -12.1338912133891 212.754116093673
0.5 -4.8 207.954116093673
0.509 -17.8781925343811 190.075923559292
0.51 -10.9803921568627 179.095531402429
0.513 -11.1111111111111 167.984420291318
0.457 -5.47045951859956 162.513960772719
0.506 -11.8577075098814 150.656253262837
0.517 -6.76982591876209 143.886427344075
0.527 -6.26185958254269 137.624567761532
0.541 -12.0147874306839 125.609780330848
0.502 -15.5378486055777 110.071931725271
0.463 -3.23974082073434 106.832190904536
0.498 -8.43373493975904 98.3984559647774
0.51 -9.80392156862745 88.5945343961499
0.509 -9.62671905697446 78.9678153391755
0.509 -13.9489194499018 65.0188958892737
0.507 -2.56410256410256 62.4547933251711
0.518 -4.24710424710425 58.2076890780669
0.52 -1.92307692307692 56.28461215499
0.512 -7.8125 48.47211215499
0.498 -5.62248995983936 42.8496221951506
0.494 -5.66801619433198 37.1816060008186
0.522 -7.27969348659004 29.9019125142286
0.508 2.36220472440945 32.264117238638
0.534 -5.99250936329588 26.2716078753422
0.438 -10.0456621004566 16.2259457748855
0.469 -5.33049040511727 10.8954553697683
0.52 -2.69230769230769 8.20314767746057
0.49 0.816326530612245 9.01947420807282
0.517 -8.31721470019342 0.702259507879395
0.502 -13.9442231075697 -13.2419635996903
0.484 -9.50413223140496 -22.7460958310953
0.519 -12.52408477842 -35.2701806095153
0.515 -10.2912621359223 -45.5614427454377
0.521 -9.021113243762 -54.5825559891997
0.541 -5.36044362292052 -59.9429996121202
0.548 -5.83941605839416 -65.7824156705143
0.537 -0.186219739292365 -65.9686354098067
0.514 1.94552529182879 -64.0231101179779
0.498 -0.803212851405622 -64.8263229693835
0.505 -0.99009900990099 -65.8164219792845
0.474 -9.70464135021097 -75.5210633294955
0.475 -5.68421052631579 -81.2052738558113
0.473 -13.7420718816068 -94.947345737418
0.485 -4.32989690721649 -99.2772426446345
0.48 6.66666666666667 -92.6105759779679
0.554 -7.94223826714801 -100.552814245116
0.493 -1.41987829614604 -101.972692541262
0.493 -3.04259634888438 -105.015288890146
0.498 -15.6626506024096 -120.677939492556
0.488 -6.55737704918033 -127.235316541736
0.477 1.46750524109015 -125.767811300646
0.464 8.62068965517241 -117.147121645474
0.491 0.610997963340122 -116.536123682134
0.449 -2.89532293986637 -119.431446622
0.505 -6.53465346534653 -125.966100087346
0.524 3.05343511450382 -122.912664972843
0.489 -12.0654396728016 -134.978104645644
0.49 0.408163265306122 -134.569941380338
0.48 7.08333333333333 -127.486608047005
0.485 -9.27835051546392 -136.764958562469
0.512 -2.34375 -139.108708562469
0.513 -8.38206627680312 -147.490774839272
0.449 -5.56792873051225 -153.058703569784
0.476 -6.72268907563025 -159.781392645414
0.475 -3.15789473684211 -162.939287382257
0.504 -2.38095238095238 -165.320239763209
0.488 -2.04918032786885 -167.369420091078
0.506 7.90513833992095 -159.464281751157
0.416 -6.25 -165.714281751157
0.507 -3.35305719921105 -169.067338950368
0.512 -7.03125 -176.098588950368
0.527 -11.9544592030361 -188.053048153404
0.503 -10.5367793240557 -198.58982747746
0.441 2.04081632653061 -196.549011150929
0.407 -3.68550368550369 -200.234514836433
0.386 -6.21761658031088 -206.452131416743
0.388 -4.63917525773196 -211.091306674475
0.425 -5.88235294117647 -216.973659615652
0.401 -4.73815461346633 -221.711814229118
0.458 -6.55021834061135 -228.26203256973
0.391 -3.32480818414322 -231.586840753873
0.423 -15.839243498818 -247.426084252691
0.491 8.75763747454175 -238.668446778149
0.442 8.1447963800905 -230.523650398059
0.387 4.39276485788114 -226.130885540177
0.421686746987952 -6.03174603174603 -232.162631571923
