gc_content gc_skew gc_culm
0.518 -19.6911196911197 -19.6911196911197
0.444 -35.5855855855856 -55.2767052767053
0.437 -9.38215102974828 -64.6588563064536
0.483 -18.4265010351967 -83.0853573416503
0.473 -14.1649048625793 -97.2502622042295
0.503 -14.9105367793241 -112.160798983554
0.445 -0.674157303370786 -112.834956286924
0.463 -8.85529157667387 -121.690247863598
0.454 -10.1321585903084 -131.822406453907
0.489 1.43149284253579 -130.390913611371
0.493 2.23123732251521 -128.159676288856
0.476 -13.0252100840336 -141.184886372889
0.452 -9.73451327433628 -150.919399647226
0.467 -11.7773019271949 -162.69670157442
0.514 -7.00389105058366 -169.700592625004
0.492 -13.4146341463415 -183.115226771345
0.449 -12.2494432071269 -195.364669978472
0.44 -11.3636363636364 -206.728306342109
0.455 -17.8021978021978 -224.530504144307
0.467 -7.49464668094218 -232.025150825249
0.445 -9.21348314606742 -241.238633971316
0.491 -9.16496945010183 -250.403603421418
0.45 -10.6666666666667 -261.070270088085
0.415 -12.7710843373494 -273.841354425434
0.453 -21.4128035320088 -295.254157957443
0.441 -16.0997732426304 -311.353931200073
0.466 -18.8841201716738 -330.238051371747
0.475 -14.5263157894737 -344.764367161221
0.516 -15.8914728682171 -360.655840029438
0.472 -14.8305084745763 -375.486348504014
0.426 -8.45070422535211 -383.937052729366
0.433 -13.1639722863741 -397.10102501574
0.439 -15.7175398633257 -412.818564879066
0.439 -16.1731207289294 -428.991685607996
0.44 -17.2727272727273 -446.264412880723
0.481 -20.1663201663202 -466.430733047043
0.478 -5.02092050209205 -471.451653549135
0.444 -6.30630630630631 -477.757959855441
0.436 0 -477.757959855441
0.456 -6.57894736842105 -484.336907223862
0.469 -12.5799573560768 -496.916864579939
0.452 -3.09734513274336 -500.014209712682
0.449 -12.6948775055679 -512.70908721825
0.474 -6.75105485232068 -519.460142070571
0.444 -9.90990990990991 -529.370051980481
0.462 -9.95670995670996 -539.326761937191
0.473 -4.43974630021142 -543.766508237402
0.466 -6.43776824034335 -550.204276477746
0.451 -11.7516629711752 -561.955939448921
0.461 -14.0997830802603 -576.055722529181
0.443 -7.44920993227991 -583.504932461461
0.462 -12.987012987013 -596.491945448474
0.467 -10.4925053533191 -606.984450801793
0.43 -22.3255813953488 -629.310032197142
0.437 -18.5354691075515 -647.845501304693
0.423 1.18203309692671 -646.663468207767
0.456 -17.1052631578947 -663.768731365661
0.441 -10.6575963718821 -674.426327737544
0.42 -8.09523809523809 -682.521565832782
0.437 -17.6201372997712 -700.141703132553
0.424 -5.18867924528302 -705.330382377836
0.456 -7.45614035087719 -712.786522728713
0.453 -13.0242825607064 -725.810805289419
0.457 -2.84463894967177 -728.655444239091
0.457 -6.34573304157549 -735.001177280667
0.457 -8.97155361050328 -743.97273089117
0.446 -10.762331838565 -754.735062729735
0.46 -9.1304347826087 -763.865497512344
0.443 -13.7697516930023 -777.635249205346
0.475 -9.05263157894737 -786.687880784293
0.478 -10.4602510460251 -797.148131830318
0.463 -3.67170626349892 -800.819838093817
0.462 -3.8961038961039 -804.715941989921
0.429 -3.03030303030303 -807.746245020224
0.485 -6.80412371134021 -814.550368731565
0.473 -1.05708245243129 -815.607451183996
0.503 -16.10337972167 -831.710830905666
0.463 -14.902807775378 -846.613638681044
0.49 -13.8775510204082 -860.491189701452
0.503 -5.76540755467197 -866.256597256124
0.552 -4.71014492753623 -870.96674218366
0.517 -5.22243713733075 -876.189179320991
0.485 -5.97938144329897 -882.16856076429
0.476 -7.98319327731092 -890.151754041601
0.486 -13.9917695473251 -904.143523588926
0.472 -15.2542372881356 -919.397760877061
0.498 -7.63052208835341 -927.028282965415
0.514 -21.011673151751 -948.039956117166
0.471 -5.73248407643312 -953.772440193599
0.449 -9.57683741648107 -963.34927761008
0.443 -7.90067720090293 -971.249954810983
0.422 -13.7440758293839 -984.994030640367
0.457 -15.9737417943107 -1000.96777243468
0.478 -16.3179916317992 -1017.28576406648
0.454 -15.8590308370044 -1033.14479490348
0.46 -5.21739130434783 -1038.36218620783
0.474 -18.5654008438819 -1056.92758705171
0.469 -7.46268656716418 -1064.39027361887
0.464 -11.2068965517241 -1075.5971701706
0.454 -10.5726872246696 -1086.16985739527
0.428 -11.6822429906542 -1097.85210038592
0.479 -0.626304801670146 -1098.47840518759
0.483 0.62111801242236 -1097.85728717517
0.474 -10.9704641350211 -1108.82775131019
0.469 -7.88912579957356 -1116.71687710977
0.487 -14.9897330595483 -1131.70661016931
0.481 -7.69230769230769 -1139.39891786162
0.478 -5.02092050209205 -1144.41983836371
0.361 -0.831024930747922 -1145.25086329446
0.526 -13.3079847908745 -1158.55884808534
0.488 -11.8852459016393 -1170.44409398698
0.488 -2.04918032786885 -1172.49327431484
0.48 -2.91666666666667 -1175.40994098151
0.429 -3.96270396270396 -1179.37264494421
0.487 0.205338809034908 -1179.16730613518
0.473 -4.0169133192389 -1183.18421945442
0.492 -8.94308943089431 -1192.12730888531
0.48 -2.08333333333333 -1194.21064221865
0.501 -6.187624750499 -1200.39826696915
0.471 -7.85562632696391 -1208.25389329611
0.459 -6.75381263616558 -1215.00770593227
0.507 -10.0591715976331 -1225.06687752991
0.451 -4.65631929046563 -1229.72319682037
0.446 -3.1390134529148 -1232.86221027329
0.421 -13.0641330166271 -1245.92634328992
0.469 1.06609808102345 -1244.86024520889
0.496 -4.03225806451613 -1248.89250327341
0.485 -2.68041237113402 -1251.57291564454
0.471 -12.5265392781316 -1264.09945492267
0.499 1.00200400801603 -1263.09745091466
0.501 -4.99001996007984 -1268.08747087474
0.5 -1.2 -1269.28747087474
0.464 1.72413793103448 -1267.5633329437
0.434 -1.84331797235023 -1269.40665091605
0.457 2.84463894967177 -1266.56201196638
0.467 -16.9164882226981 -1283.47850018908
0.476 -13.4453781512605 -1296.92387834034
0.493 -12.3732251521298 -1309.29710349247
0.521 4.03071017274472 -1305.26639331973
0.47 -0.425531914893617 -1305.69192523462
0.459 4.13943355119826 -1301.55249168342
0.483 -7.2463768115942 -1308.79886849501
0.477 3.56394129979036 -1305.23492719522
0.485 -4.32989690721649 -1309.56482410244
0.446 2.24215246636771 -1307.32267163607
0.477 0.628930817610063 -1306.69374081846
0.529 -2.45746691871456 -1309.15120773718
0.498 1.60642570281124 -1307.54478203437
0.499 10.2204408817635 -1297.3243411526
0.446 3.58744394618834 -1293.73689720641
0.476 -2.94117647058824 -1296.678073677
0.568 0.352112676056338 -1296.32596100095
0.463 9.71922246220302 -1286.60673853874
0.469 5.33049040511727 -1281.27624813363
0.422 4.739336492891 -1276.53691164074
0.443 2.03160270880361 -1274.50530893193
0.491 5.90631364562118 -1268.59899528631
0.492 0.813008130081301 -1267.78598715623
0.46 -0.434782608695652 -1268.22076976492
0.357 -9.80392156862745 -1278.02469133355
0.407 -0.737100737100737 -1278.76179207065
0.448 -3.57142857142857 -1282.33322064208
0.407 14.987714987715 -1267.34550565437
0.535 -6.91588785046729 -1274.26139350483
0.467 -6.20985010706638 -1280.4712436119
0.439 -8.88382687927107 -1289.35507049117
0.406 1.47783251231527 -1287.87723797886
0.454 -11.8942731277533 -1299.77151110661
0.423 -11.1111111111111 -1310.88262221772
0.518 -5.01930501930502 -1315.90192723703
0.473 -1.05708245243129 -1316.95900968946
0.472 -4.23728813559322 -1321.19629782505
0.526 -6.08365019011407 -1327.27994801516
0.454 -4.40528634361233 -1331.68523435878
0.496 -4.83870967741935 -1336.5239440362
0.475 -0.210526315789474 -1336.73447035199
0.459 1.96078431372549 -1334.77368603826
0.453 -0.662251655629139 -1335.43593769389
0.44 -8.18181818181818 -1343.61775587571
0.439 -15.7175398633257 -1359.33529573903
0.477 -8.59538784067086 -1367.9306835797
0.469 -1.06609808102345 -1368.99678166073
0.473 -4.86257928118393 -1373.85936094191
0.481 3.11850311850312 -1370.74085782341
0.494 -4.8582995951417 -1375.59915741855
0.473 -6.13107822410148 -1381.73023564265
0.474 -2.53164556962025 -1384.26188121227
0.502 -11.9521912350598 -1396.21407244733
0.488 -7.37704918032787 -1403.59112162766
0.483 -4.34782608695652 -1407.93894771462
0.466 -9.44206008583691 -1417.38100780045
0.484 1.2396694214876 -1416.14133837896
0.475 -3.57894736842105 -1419.72028574739
0.546 -0.732600732600733 -1420.45288647999
0.474 -15.6118143459916 -1436.06470082598
0.476 0 -1436.06470082598
0.486 -4.11522633744856 -1440.17992716343
0.456 -1.75438596491228 -1441.93431312834
0.437 -2.97482837528604 -1444.90914150363
0.492 2.03252032520325 -1442.87662117842
0.502 -7.56972111553785 -1450.44634229396
0.521 -0.575815738963532 -1451.02215803292
0.489 -2.65848670756646 -1453.68064474049
0.495 -5.45454545454545 -1459.13519019503
0.527 4.36432637571157 -1454.77086381932
0.596 -7.04697986577181 -1461.8178436851
0.48 -6.25 -1468.0678436851
0.477 -4.40251572327044 -1472.47035940837
0.48 -8.33333333333333 -1480.8036927417
0.512 -1.953125 -1482.7568177417
0.5 -6.8 -1489.5568177417
0.504 -9.52380952380952 -1499.08062726551
0.508 -6.69291338582677 -1505.77354065134
0.463 -4.1036717062635 -1509.8772123576
0.44 -2.72727272727273 -1512.60448508487
0.461 4.55531453362256 -1508.04917055125
0.488 -8.60655737704918 -1516.6557279283
0.487 -5.95482546201232 -1522.61055339031
0.531 17.1374764595104 -1505.4730769308
0.474 -10.5485232067511 -1516.02160013755
0.43 -10.2325581395349 -1526.25415827709
0.51 -9.41176470588235 -1535.66592298297
0.451 -2.4390243902439 -1538.10494737321
0.48 -4.16666666666667 -1542.27161403988
0.515 0.58252427184466 -1541.68908976803
0.435 5.74712643678161 -1535.94196333125
0.503 3.37972166998012 -1532.56224166127
0.603 -7.79436152570481 -1540.35660318698
0.535 -12.8971962616822 -1553.25379944866
0.457 3.28227571115974 -1549.9715237375
0.436 0.917431192660551 -1549.05409254484
0.478 -2.92887029288703 -1551.98296283773
0.505 6.13861386138614 -1545.84434897634
0.519 11.3680154142582 -1534.47633356208
0.434 -4.60829493087558 -1539.08462849296
0.423 4.9645390070922 -1534.12008948587
0.433 6.69745958429561 -1527.42262990157
0.432 -6.01851851851852 -1533.44114842009
0.492 9.34959349593496 -1524.09155492415
0.418 1.43540669856459 -1522.65614822559
0.526 0.380228136882129 -1522.27592008871
0.516 3.10077519379845 -1519.17514489491
0.396 5.05050505050505 -1514.1246398444
0.414 -1.93236714975845 -1516.05700699416
0.428 8.41121495327103 -1507.64579204089
0.449 6.90423162583519 -1500.74156041506
0.443 -1.58013544018059 -1502.32169585524
0.405 -7.16049382716049 -1509.4821896824
0.469 -1.06609808102345 -1510.54828776342
0.442 -4.97737556561086 -1515.52566332903
0.487 -8.82956878850103 -1524.35523211753
0.466 -2.14592274678112 -1526.50115486431
0.51 -7.45098039215686 -1533.95213525647
0.457 -0.656455142231947 -1534.6085903987
0.48 0.833333333333333 -1533.77525706537
0.457 1.53172866520788 -1532.24352840016
0.526 -8.74524714828897 -1540.98877554845
0.495 -1.01010101010101 -1541.99887655855
0.503 -4.57256461232604 -1546.57144117088
0.467 -5.35331905781585 -1551.92476022869
0.469 -1.06609808102345 -1552.99085830972
0.486 -7.40740740740741 -1560.39826571712
0.469 -1.49253731343284 -1561.89080303056
0.516 -4.65116279069767 -1566.54196582125
0.503 -2.98210735586481 -1569.52407317712
0.508 -7.48031496062992 -1577.00438813775
0.505 -1.78217821782178 -1578.78656635557
0.468 -5.98290598290598 -1584.76947233848
0.539 -2.78293135435993 -1587.55240369284
0.472 -2.54237288135593 -1590.09477657419
0.461 -8.02603036876356 -1598.12080694296
0.445 -5.61797752808989 -1603.73878447105
0.523 -3.25047801147228 -1606.98926248252
0.481 -7.27650727650728 -1614.26576975903
0.476 -3.36134453781513 -1617.62711429684
0.43 -9.76744186046512 -1627.39455615731
0.461 -0.650759219088937 -1628.04531537639
0.494 -0.404858299595142 -1628.45017367599
0.479 0.208768267223382 -1628.24140540877
0.423 -6.38297872340426 -1634.62438413217
0.448 1.33928571428571 -1633.28509841788
0.501 4.19161676646707 -1629.09348165142
0.472 5.93220338983051 -1623.16127826159
0.461 3.68763557483731 -1619.47364268675
0.484 -2.06611570247934 -1621.53975838923
0.5 -0.4 -1621.93975838923
0.471 -1.06157112526539 -1623.00132951449
0.453 -5.07726269315673 -1628.07859220765
0.467 -1.9271948608137 -1630.00578706846
0.412 -9.22330097087379 -1639.22908803934
0.482 -4.5643153526971 -1643.79340339204
0.459 -11.1111111111111 -1654.90451450315
0.444 -5.85585585585586 -1660.760370359
0.424 -9.43396226415094 -1670.19433262315
0.495 -2.22222222222222 -1672.41655484538
0.461 0.216919739696312 -1672.19963510568
0.464 -3.87931034482759 -1676.07894545051
0.487 -6.77618069815195 -1682.85512614866
0.483 4.76190476190476 -1678.09322138675
0.489 -2.65848670756646 -1680.75170809432
0.465 0.21505376344086 -1680.53665433088
0.482 -9.12863070539419 -1689.66528503627
0.457 -6.78336980306346 -1696.44865483934
0.476 -2.52100840336134 -1698.9696632427
0.44 -4.09090909090909 -1703.06057233361
0.467 -1.49892933618844 -1704.5595016698
0.469 0.639658848614073 -1703.91984282118
0.486 -4.11522633744856 -1708.03506915863
0.464 -1.29310344827586 -1709.32817260691
0.476 2.52100840336134 -1706.80716420355
0.453 4.63576158940397 -1702.17140261414
0.461 -1.95227765726681 -1704.12368027141
0.442 0.452488687782805 -1703.67119158363
0.464 3.44827586206897 -1700.22291572156
0.484 -0.413223140495868 -1700.63613886205
0.503 2.5844930417495 -1698.0516458203
0.46 -7.82608695652174 -1705.87773277682
0.475 -10.3157894736842 -1716.19352225051
0.462 -6.92640692640693 -1723.11992917692
0.467 -12.6338329764454 -1735.75376215336
0.466 -9.87124463519313 -1745.62500678855
0.46 -2.60869565217391 -1748.23370244073
0.448 -5.80357142857143 -1754.0372738693
0.466 -2.14592274678112 -1756.18319661608
0.467 -9.63597430406852 -1765.81917092015
0.489 -0.204498977505112 -1766.02366989765
0.426 1.40845070422535 -1764.61521919343
0.479 6.47181628392484 -1758.1434029095
0.482 5.80912863070539 -1752.3342742788
0.436 2.75229357798165 -1749.58198070082
0.476 -0.840336134453782 -1750.42231683527
0.499 -1.40280561122244 -1751.82512244649
0.49 -7.3469387755102 -1759.172061222
0.515 1.74757281553398 -1757.42448840647
0.463 11.4470842332613 -1745.97740417321
0.469 -12.1535181236674 -1758.13092229688
0.457 -2.84463894967177 -1760.97556124655
0.447 -6.48769574944072 -1767.46325699599
0.498 5.22088353413655 -1762.24237346185
0.477 2.72536687631027 -1759.51700658554
0.49 -2.85714285714286 -1762.37414944268
0.49 -0.816326530612245 -1763.1904759733
0.485 3.50515463917526 -1759.68532133412
0.494 0 -1759.68532133412
0.534 -2.62172284644195 -1762.30704418056
0.491 0.203665987780041 -1762.10337819278
0.479 -2.2964509394572 -1764.39982913224
0.466 -2.57510729613734 -1766.97493642838
0.499 -5.81162324649299 -1772.78655967487
0.458 0 -1772.78655967487
0.472 -5.50847457627119 -1778.29503425114
0.431 -3.94431554524362 -1782.23934979639
0.477 0.209643605870021 -1782.02970619052
0.5 3.6 -1778.42970619052
0.417 1.67865707434053 -1776.75104911617
0.438 4.5662100456621 -1772.18483907051
0.459 -5.01089324618736 -1777.1957323167
0.407 -3.68550368550369 -1780.8812360022
0.442 1.80995475113122 -1779.07128125107
0.437 2.97482837528604 -1776.09645287579
0.474 6.75105485232068 -1769.34539802347
0.45 1.77777777777778 -1767.56762024569
0.47 0.425531914893617 -1767.14208833079
0.464 5.60344827586207 -1761.53864005493
0.428 1.86915887850467 -1759.66948117643
0.468 6.83760683760684 -1752.83187433882
0.461 3.25379609544469 -1749.57807824338
0.48 -3.33333333333333 -1752.91141157671
0.444 -8.55855855855856 -1761.46997013527
0.482 1.6597510373444 -1759.81021909792
0.455 6.81318681318681 -1752.99703228474
0.469 1.06609808102345 -1751.93093420371
0.452 6.63716814159292 -1745.29376606212
0.473 8.66807610993657 -1736.62568995218
0.48 4.58333333333333 -1732.04235661885
0.462 4.32900432900433 -1727.71335228985
0.452 -10.1769911504425 -1737.89034344029
0.467 -3.64025695931478 -1741.5306003996
0.451 -3.76940133037694 -1745.30000172998
0.467 -1.9271948608137 -1747.22719659079
0.459 6.31808278867102 -1740.90911380212
0.437 0.22883295194508 -1740.68028085018
0.482 1.2448132780083 -1739.43546757217
0.477 2.72536687631027 -1736.71010069586
0.481 7.69230769230769 -1729.01779300355
0.512 0.78125 -1728.23654300355
0.484 5.78512396694215 -1722.45141903661
0.511 11.1545988258317 -1711.29682021078
0.481 14.3451143451143 -1696.95170586566
0.503 -0.99403578528827 -1697.94574165095
0.437 2.05949656750572 -1695.88624508345
0.446 9.41704035874439 -1686.4692047247
0.514 6.22568093385214 -1680.24352379085
0.434 18.8940092165899 -1661.34951457426
0.461 -3.25379609544469 -1664.6033106697
0.404 2.47524752475248 -1662.12806314495
0.451 9.53436807095344 -1652.593695074
0.446 -0.896860986547085 -1653.49055606055
0.44 5.90909090909091 -1647.58146515145
0.445 5.1685393258427 -1642.41292582561
0.43 -4.65116279069767 -1647.06408861631
0.431 4.40835266821346 -1642.6557359481
0.431 2.55220417633411 -1640.10353177176
0.448 -4.01785714285714 -1644.12138891462
0.443 -1.58013544018059 -1645.7015243548
0.439 2.0501138952164 -1643.65141045958
0.463 8.42332613390929 -1635.22808432567
0.424 -2.83018867924528 -1638.05827300492
0.439 -0.227790432801822 -1638.28606343772
0.43 14.4186046511628 -1623.86745878656
0.417 5.99520383693046 -1617.87225494963
0.435 10.3448275862069 -1607.52742736342
0.465 10.1075268817204 -1597.4199004817
0.474 -0.843881856540084 -1598.26378233824
0.492 10.5691056910569 -1587.69467664718
0.528 -6.81818181818182 -1594.51285846537
0.531 -2.44821092278719 -1596.96106938815
0.552 0.36231884057971 -1596.59875054757
0.518 -0.772200772200772 -1597.37095131977
0.409 -5.13447432762836 -1602.5054256474
0.464 1.72413793103448 -1600.78128771637
0.412 9.22330097087379 -1591.55798674549
0.398 11.5577889447236 -1580.00019780077
0.43 0.465116279069767 -1579.5350815217
0.423 7.32860520094563 -1572.20647632075
0.464 5.60344827586207 -1566.60302804489
0.502 -1.99203187250996 -1568.5950599174
0.495 -12.7272727272727 -1581.32233264468
0.473 9.51374207188161 -1571.80859057279
0.439 8.88382687927107 -1562.92476369352
0.515 -5.63106796116505 -1568.55583165469
0.45 6.22222222222222 -1562.33360943247
0.483 -6.41821946169772 -1568.75182889416
0.46 6.52173913043478 -1562.23008976373
0.421 5.46318289786223 -1556.76690686587
0.447 10.9619686800895 -1545.80493818578
0.434 4.60829493087558 -1541.1966432549
0.482 12.8630705394191 -1528.33357271548
0.479 7.72442588726514 -1520.60914682822
0.495 5.05050505050505 -1515.55864177771
0.473 15.8562367864693 -1499.70240499124
0.457 5.0328227571116 -1494.66958223413
0.458 17.4672489082969 -1477.20233332583
0.451 -1.55210643015521 -1478.75443975599
0.502 5.57768924302789 -1473.17675051296
0.467 -2.35546038543897 -1475.5322108984
0.439 16.628701594533 -1458.90350930387
0.49 13.0612244897959 -1445.84228481407
0.446 15.2466367713004 -1430.59564804277
0.463 11.4470842332613 -1419.14856380951
0.488 14.7540983606557 -1404.39446544885
0.476 10.9243697478992 -1393.47009570095
0.474 11.8143459915612 -1381.65574970939
0.469 13.8592750533049 -1367.79647465609
0.492 5.28455284552845 -1362.51192181056
0.465 6.66666666666667 -1355.84525514389
0.491 2.24032586558045 -1353.60492927831
0.489 -2.24948875255624 -1355.85441803087
0.442 18.552036199095 -1337.30238183177
0.463 14.902807775378 -1322.3995740564
0.462 20.3463203463203 -1302.05325371008
0.494 10.9311740890688 -1291.12207962101
0.479 7.30688935281837 -1283.81519026819
0.473 4.43974630021142 -1279.37544396798
0.48 3.75 -1275.62544396798
0.464 10.3448275862069 -1265.28061638177
0.483 6.83229813664596 -1258.44831824512
0.476 9.2436974789916 -1249.20462076613
0.444 17.5675675675676 -1231.63705319857
0.404 12.3762376237624 -1219.2608155748
0.46 10.4347826086957 -1208.82603296611
0.473 3.59408033826638 -1205.23195262784
0.478 12.9707112970711 -1192.26124133077
0.474 9.28270042194093 -1182.97854090883
0.458 3.93013100436681 -1179.04840990446
0.45 8 -1171.04840990446
0.474 0 -1171.04840990446
0.485 -12.9896907216495 -1184.03810062611
0.465 0.21505376344086 -1183.82304686267
0.47 0.425531914893617 -1183.39751494778
0.488 8.60655737704918 -1174.79095757073
0.455 6.37362637362637 -1168.4173311971
0.432 5.09259259259259 -1163.32473860451
0.474 10.5485232067511 -1152.77621539776
0.469 4.90405117270789 -1147.87216422505
0.461 8.02603036876356 -1139.84613385629
0.454 7.04845814977974 -1132.79767570651
0.5 8.4 -1124.39767570651
0.473 12.8964059196617 -1111.50126978685
0.475 10.7368421052632 -1100.76442768158
0.466 11.587982832618 -1089.17644484896
0.432 7.87037037037037 -1081.30607447859
0.455 1.0989010989011 -1080.20717337969
0.484 6.19834710743802 -1074.00882627225
0.446 6.72645739910314 -1067.28236887315
0.479 12.7348643006263 -1054.54750457252
0.471 13.8004246284501 -1040.74707994408
0.458 8.73362445414847 -1032.01345548993
0.418 4.78468899521531 -1027.22876649471
0.45 9.77777777777778 -1017.45098871693
0.448 17.4107142857143 -1000.04027443122
0.458 13.9737991266376 -986.066475304582
0.49 11.0204081632653 -975.046067141316
0.465 12.258064516129 -962.788002625187
0.449 12.2494432071269 -950.53855941806
0.489 19.0184049079755 -931.520154510085
0.441 12.9251700680272 -918.594984442058
0.458 7.86026200873362 -910.734722433324
0.497 8.24949698189135 -902.485225451433
0.441 13.8321995464853 -888.653025904947
0.448 12.5 -876.153025904947
0.462 6.06060606060606 -870.092419844341
0.471 12.5265392781316 -857.56588056621
0.476 5.46218487394958 -852.10369569226
0.437 13.0434782608696 -839.060217431391
0.464 10.3448275862069 -828.715389845184
0.438 13.6986301369863 -815.016759708197
0.451 -0.665188470066519 -815.681948178264
0.475 1.89473684210526 -813.787211336159
0.472 -5.50847457627119 -819.29568591243
0.485 15.4639175257732 -803.831768386657
0.476 14.7058823529412 -789.125886033715
0.48 -0.833333333333333 -789.959219367049
0.5 8.8 -781.159219367049
0.485 12.9896907216495 -768.169528645399
0.535 6.16822429906542 -762.001304346334
0.486 7.40740740740741 -754.593896938926
0.528 3.40909090909091 -751.184806029835
0.492 4.0650406504065 -747.119765379429
0.501 1.39720558882236 -745.722559790607
0.473 17.5475687103594 -728.174991080247
0.459 14.161220043573 -714.013771036674
0.426 5.63380281690141 -708.379968219773
0.367 4.63215258855586 -703.747815631217
0.444 1.35135135135135 -702.396464279866
0.461 -9.76138828633406 -712.1578525662
0.442 -8.1447963800905 -720.30264894629
0.466 -0.858369098712446 -721.161018045003
0.46 12.6086956521739 -708.552322392829
0.479 14.4050104384134 -694.147311954415
0.45 12.8888888888889 -681.258423065526
0.479 6.05427974947808 -675.204143316048
0.549 3.4608378870674 -671.743305428981
0.468 4.27350427350427 -667.469801155477
0.47 2.5531914893617 -664.916609666115
0.492 4.8780487804878 -660.038560885627
0.455 14.7252747252747 -645.313286160353
0.511 5.28375733855186 -640.029528821801
0.49 5.71428571428571 -634.315243107515
0.498 6.02409638554217 -628.291146721973
0.489 -2.24948875255624 -630.540635474529
0.485 6.39175257731959 -624.148882897209
0.487 2.6694045174538 -621.479478379756
0.479 14.4050104384134 -607.074467941342
0.446 2.24215246636771 -604.832315474975
0.461 11.0629067245119 -593.769408750463
0.469 11.3006396588486 -582.468769091614
0.429 13.7529137529138 -568.7158553387
0.5 13.2 -555.5158553387
0.443 12.8668171557562 -542.649038182944
0.441 16.0997732426304 -526.549264940314
0.475 12.4210526315789 -514.128212308735
0.469 13.8592750533049 -500.26893725543
0.462 5.62770562770563 -494.641231627724
0.446 6.72645739910314 -487.914774228621
0.462 0.865800865800866 -487.04897336282
0.47 10.6382978723404 -476.41067549048
0.474 8.0168776371308 -468.393797853349
0.46 4.34782608695652 -464.045971766392
0.487 12.1149897330595 -451.930982033333
0.487 11.2936344969199 -440.637347536413
0.434 4.14746543778802 -436.489882098625
0.381 10.2362204724409 -426.253661626184
0.361 10.2493074792244 -416.00435414696
0.375 -3.46666666666667 -419.471020813626
0.353 10.4815864022663 -408.98943441136
0.304 1.97368421052632 -407.015750200834
0.311 9.96784565916399 -397.04790454167
0.338 8.28402366863905 -388.763880873031
0.394 19.2893401015228 -369.474540771508
0.411 11.9221411192214 -357.552399652286
0.404 20.7920792079208 -336.760320444366
0.398 7.03517587939699 -329.725144564969
0.449 -9.57683741648107 -339.30198198145
0.406 -2.95566502463054 -342.25764700608
0.385 -8.05194805194805 -350.309595058028
0.434 -2.76497695852535 -353.074572016554
0.412 1.45631067961165 -351.618261336942
0.401 7.23192019950125 -344.386341137441
0.424 7.54716981132075 -336.83917132612
0.43 5.11627906976744 -331.722892256353
0.431 9.04872389791183 -322.674168358441
0.407 11.5479115479115 -311.126256810529
0.43 2.32558139534884 -308.80067541518
0.422 -0.947867298578199 -309.748542713759
0.448 9.375 -300.373542713759
0.418 1.43540669856459 -298.938136015194
0.451 8.2039911308204 -290.734144884374
0.395 4.30379746835443 -286.430347416019
0.463 4.53563714902808 -281.894710266991
0.429 4.89510489510489 -276.999605371886
0.438 11.8721461187215 -265.127459253165
0.456 3.50877192982456 -261.61868732334
0.463 1.07991360691145 -260.538773716429
0.418 14.8325358851675 -245.706237831261
0.418 17.7033492822966 -228.002888548965
0.382 16.2303664921466 -211.772522056818
0.442 4.07239819004525 -207.700123866773
0.496 3.2258064516129 -204.47431741516
0.456 13.5964912280702 -190.87782618709
0.4 12 -178.87782618709
0.461 12.3644251626898 -166.5134010244
0.508 7.08661417322835 -159.426786851171
0.464 -0.862068965517241 -160.288855816689
0.473 6.97674418604651 -153.312111630642
0.495 12.7272727272727 -140.584838903369
0.475 6.52631578947368 -134.058523113896
0.467 10.4925053533191 -123.566017760577
0.453 9.05077262693157 -114.515245133645
0.454 17.6211453744493 -96.8940997591958
0.436 12.8440366972477 -84.0500630619481
0.43 13.953488372093 -70.0965746898551
0.444 15.7657657657658 -54.3308089240893
0.429 14.2191142191142 -40.1116947049751
0.468 0.854700854700855 -39.2569938502742
0.468 0 -39.2569938502742
0.472 8.05084745762712 -31.2061463926471
0.53 2.26415094339623 -28.9419954492509
0.468 3.84615384615385 -25.0958416030971
0.478 11.2970711297071 -13.7987704733899
0.485 8.04123711340206 -5.75753335998789
0.486 6.17283950617284 0.415306146184954
0.445 5.1685393258427 5.58384547202765
0.469 10.8742004264392 16.4580458984669
0.467 7.49464668094218 23.9526925794091
0.484 14.8760330578512 38.8287256372603
0.459 -4.13943355119826 34.6892920860621
0.456 5.26315789473684 39.9524499807989
0.464 4.74137931034483 44.6938292911437
0.474 11.8143459915612 56.5081752827049
0.471 7.85562632696391 64.3638016096688
0.492 6.09756097560976 70.4613625852786
0.468 11.965811965812 82.4271745510905
0.466 6.00858369098712 88.4357582420777
0.471 12.1019108280255 100.537669070103
0.468 6.41025641025641 106.94792548036
0.413 6.05326876513317 113.001194245493
0.456 -3.50877192982456 109.492422315668
0.479 5.63674321503132 115.129165530699
0.43 7.90697674418605 123.036142274886
0.436 3.21100917431193 126.247151449197
0.402 9.45273631840796 135.699887767605
0.371 9.97304582210243 145.672933589708
0.42 5.71428571428571 151.387219303994
0.441 -0.226757369614512 151.160461934379
0.402 -2.98507462686567 148.175387307513
0.389 8.48329048843188 156.658677795945
0.473 2.32558139534884 158.984259191294
0.458 0.873362445414847 159.857621636709
0.452 16.8141592920354 176.671780928744
0.486 17.6954732510288 194.367254179773
0.481 10.6029106029106 204.970164782684
0.44 2.72727272727273 207.697437509956
0.451 6.87361419068736 214.571051700644
0.433 9.00692840646651 223.57798010711
0.489 5.11247443762781 228.690454544738
0.437 4.34782608695652 233.038280631695
0.504 5.55555555555556 238.59383618725
0.475 8.63157894736842 247.225415134619
0.505 13.2673267326733 260.492741867292
0.466 9.87124463519313 270.363986502485
0.511 -4.10958904109589 266.254397461389
0.488 17.6229508196721 283.877348281061
0.489 11.2474437627812 295.124792043842
0.504 11.5079365079365 306.632728551779
0.444 9.00900900900901 315.641737560788
0.539 2.41187384044527 318.053611401233
0.479 -4.38413361169102 313.669477789542
0.644 -1.24223602484472 312.427241764697
0.48 9.16666666666667 321.593908431364
0.488 2.45901639344262 324.052924824807
0.481 16.008316008316 340.061240833123
0.471 -4.88322717622081 335.178013656902
0.43 9.30232558139535 344.480339238297
0.442 9.50226244343891 353.982601681736
0.433 0.69284064665127 354.675442328388
0.489 6.33946830265849 361.014910631046
0.435 -1.60919540229885 359.405715228747
0.474 -0.843881856540084 358.561833372207
0.483 4.76190476190476 363.323738134112
0.49 -3.26530612244898 360.058432011663
0.51 2.35294117647059 362.411373188133
0.51 -5.49019607843137 356.921177109702
0.488 -1.63934426229508 355.281832847407
0.451 4.21286031042129 359.494693157828
0.453 6.84326710816777 366.337960265996
0.479 1.46137787056367 367.79933813656
0.454 7.48898678414097 375.288324920701
0.49 4.48979591836735 379.778120839068
0.441 4.30839002267574 384.086510861744
0.467 6.63811563169165 390.724626493435
0.448 7.14285714285714 397.867483636293
0.453 2.86975717439294 400.737240810686
0.43 1.86046511627907 402.597705926965
0.397 2.26700251889169 404.864708445856
0.401 11.2219451371571 416.086653583013
0.415 -2.65060240963855 413.436051173375
0.448 -3.125 410.311051173375
0.435 3.90804597701149 414.219097150386
0.465 9.24731182795699 423.466408978343
0.472 19.0677966101695 442.534205588513
0.473 14.5877378435518 457.121943432065
0.447 7.82997762863535 464.9519210607
0.472 5.93220338983051 470.88412445053
0.486 10.2880658436214 481.172190294152
0.484 8.26446280991735 489.436653104069
0.461 1.08459869848156 490.521251802551
0.454 -12.7753303964758 477.745921406075
0.465 1.0752688172043 478.821190223279
0.439 1.59453302961276 480.415723252892
0.46 -0.434782608695652 479.980940644196
0.397 5.2896725440806 485.270613188277
0.474 -4.21940928270042 481.051203905577
0.472 8.05084745762712 489.102051363204
0.45 6.22222222222222 495.324273585426
0.489 11.6564417177914 506.980715303217
0.462 11.2554112554113 518.236126558629
0.455 11.6483516483516 529.88447820698
0.517 10.2514506769826 540.135928883963
0.463 2.80777537796976 542.943704261933
0.434 4.60829493087558 547.551999192808
0.455 3.2967032967033 550.848702489511
0.426 9.85915492957746 560.707857419089
0.438 12.3287671232877 573.036624542377
0.422 14.6919431279621 587.728567670339
0.476 9.2436974789916 596.97226514933
0.429 2.0979020979021 599.070167247232
0.481 6.02910602910603 605.099273276338
0.453 6.40176600441501 611.501039280753
0.498 4.01606425702811 615.517103537782
0.46 13.0434782608696 628.560581798651
0.487 6.77618069815195 635.336762496803
0.467 10.4925053533191 645.829267850122
0.464 7.75862068965517 653.587888539777
0.515 1.74757281553398 655.335461355311
0.461 14.5336225596529 669.869083914964
0.478 8.78661087866109 678.655694793625
0.472 11.864406779661 690.520101573286
0.509 13.9489194499018 704.469021023188
0.447 14.9888143176734 719.457835340861
0.422 5.68720379146919 725.145039132331
0.437 13.5011441647597 738.64618329709
0.451 18.8470066518847 757.493189948975
0.497 7.84708249496982 765.340272443945
0.49 4.48979591836735 769.830068362312
0.48 12.9166666666667 782.746735028979
0.497 4.22535211267606 786.972087141655
0.47 3.82978723404255 790.801874375697
0.488 7.78688524590164 798.588759621599
0.458 1.74672489082969 800.335484512429
0.509 3.7328094302554 804.068293942684
0.5 -3.2 800.868293942684
0.52 1.92307692307692 802.791370865761
0.496 6.85483870967742 809.646209575439
0.493 7.50507099391481 817.151280569353
0.449 2.89532293986637 820.04660350922
0.464 -6.89655172413793 813.150051785082
0.408 -2.45098039215686 810.699071392925
0.491 12.4236252545825 823.122696647507
0.425 4.47058823529412 827.593284882802
0.456 -7.01754385964912 820.575741023152
0.455 -2.41758241758242 818.15815860557
0.439 7.06150341685649 825.219662022427
0.472 2.54237288135593 827.762034903782
0.49 22.0408163265306 849.802851230313
0.547 19.5612431444241 869.364094374737
0.468 2.99145299145299 872.35554736619
0.474 -5.90717299578059 866.44837437041
0.543 -5.70902394106814 860.739350429341
0.494 -6.07287449392713 854.666475935414
0.531 -1.69491525423729 852.971560681177
0.441 7.48299319727891 860.454553878456
0.418 2.39234449760766 862.846898376064
0.429 3.4965034965035 866.343401872567
0.491 -3.86965376782077 862.473748104746
0.484 -5.78512396694215 856.688624137804
0.445 -1.12359550561798 855.565028632186
0.449 3.34075723830735 858.905785870494
0.446 5.82959641255605 864.73538228305
0.444 -0.45045045045045 864.284931832599
0.459 6.31808278867102 870.60301462127
0.469 7.46268656716418 878.065701188434
0.444 11.7117117117117 889.777412900146
0.484 11.9834710743802 901.760883974526
0.474 4.21940928270042 905.980293257227
0.483 0.20703933747412 906.187332594701
0.467 8.77944325481799 914.966775849519
0.454 0.881057268722467 915.847833118241
0.482 13.2780082987552 929.125841416996
0.491 6.31364562118126 935.439487038178
0.429 3.96270396270396 939.402191000882
0.468 9.82905982905983 949.231250829941
0.501 2.59481037924152 951.826061209183
0.463 12.3110151187905 964.137076327974
0.439 11.6173120728929 975.754388400866
0.451 17.5166297117517 993.271018112618
0.495 9.09090909090909 1002.36192720353
0.47 17.4468085106383 1019.80873571417
0.457 9.40919037199125 1029.21792608616
0.479 8.55949895615866 1037.77742504232
0.459 1.52505446623094 1039.30247950855
0.45 16.4444444444444 1055.74692395299
0.47 5.95744680851064 1061.7043707615
0.439 8.42824601366743 1070.13261677517
0.458 7.4235807860262 1077.55619756119
0.462 9.95670995670996 1087.5129075179
0.459 11.5468409586057 1099.05974847651
0.477 13.2075471698113 1112.26729564632
0.445 0.224719101123595 1112.49201474745
0.475 2.73684210526316 1115.22885685271
0.514 3.11284046692607 1118.34169731963
0.533 6.19136960600375 1124.53306692564
0.547 9.3235831809872 1133.85665010663
0.453 5.96026490066225 1139.81691500729
0.488 0.409836065573771 1140.22675107286
0.487 1.84804928131417 1142.07480035418
0.498 1.60642570281124 1143.68122605699
0.437 13.0434782608696 1156.72470431786
0.488 -2.04918032786885 1154.67552398999
0.483 -1.0351966873706 1153.64032730262
0.474 2.10970464135021 1155.75003194397
0.5 0.8 1156.55003194397
0.457 7.22100656455142 1163.77103850852
0.479 -1.04384133611691 1162.7271971724
0.464 4.74137931034483 1167.46857648275
0.481 2.28690228690229 1169.75547876965
0.447 4.69798657718121 1174.45346534683
0.401 9.72568578553616 1184.17915113237
0.48 5 1189.17915113237
0.45 6.66666666666667 1195.84581779903
0.458 5.67685589519651 1201.52267369423
0.431 -3.48027842227378 1198.04239527196
0.5 5.6 1203.64239527196
0.449 2.00445434298441 1205.64684961494
0.432 2.31481481481481 1207.96166442976
0.449 13.5857461024499 1221.54741053221
0.448 8.48214285714286 1230.02955338935
0.455 6.37362637362637 1236.40317976297
0.452 -3.53982300884956 1232.86335675412
0.413 13.317191283293 1246.18054803742
0.464 5.60344827586207 1251.78399631328
0.466 4.29184549356223 1256.07584180684
0.489 5.52147239263804 1261.59731419948
0.446 1.34529147982063 1262.9426056793
0.465 4.51612903225806 1267.45873471156
0.47 11.9148936170213 1279.37362832858
0.404 8.91089108910891 1288.28451941769
0.426 8.45070422535211 1296.73522364304
0.449 2.44988864142539 1299.18511228447
0.448 -0.446428571428571 1298.73868371304
0.466 0 1298.73868371304
0.472 -0.847457627118644 1297.89122608592
0.489 -0.613496932515337 1297.2777291534
0.501 7.78443113772455 1305.06216029113
0.514 8.17120622568093 1313.23336651681
0.523 4.01529636711281 1317.24866288392
0.483 1.44927536231884 1318.69793824624
0.523 -0.573613766730402 1318.12432447951
0.521 7.86948176583493 1325.99380624535
0.475 7.36842105263158 1333.36222729798
0.443 12.8668171557562 1346.22904445373
0.444 0 1346.22904445373
0.526 -4.18250950570342 1342.04653494803
0.468 8.54700854700855 1350.59354349504
0.478 1.67364016736402 1352.2671836624
0.457 6.34573304157549 1358.61291670398
0.488 -0.819672131147541 1357.79324457283
0.5 7.6 1365.39324457283
0.522 -3.44827586206897 1361.94496871076
0.554 -22.7436823104693 1339.20128640029
0.491 13.6456211812627 1352.84690758155
0.421 11.6389548693587 1364.48586245091
0.476 14.2857142857143 1378.77157673663
0.514 2.33463035019455 1381.10620708682
0.605 4.79338842975207 1385.89959551657
0.578 6.9204152249135 1392.82001074149
0.457 2.40700218818381 1395.22701292967
0.42 10 1405.22701292967
0.435 18.6206896551724 1423.84770258484
0.45 16.8888888888889 1440.73659147373
0.477 4.82180293501048 1445.55839440874
0.497 13.0784708249497 1458.63686523369
0.454 15.4185022026432 1474.05536743634
0.503 10.5367793240557 1484.59214676039
0.502 9.9601593625498 1494.55230612294
0.424 12.2641509433962 1506.81645706634
0.48 17.0833333333333 1523.89979039967
0.443 3.83747178329571 1527.73726218297
0.438 16.8949771689498 1544.63223935192
0.438 13.2420091324201 1557.87424848434
0.406 23.6453201970443 1581.51956868138
0.464 6.03448275862069 1587.55405144
0.46 1.30434782608696 1588.85839926609
0.481 3.95010395010395 1592.80850321619
0.441 3.40136054421769 1596.20986376041
0.451 7.31707317073171 1603.52693693114
0.47 11.063829787234 1614.59076671838
0.426 14.0845070422535 1628.67527376063
0.364 2.1978021978022 1630.87307595843
0.45 -3.55555555555556 1627.31752040288
0.493 9.53346855983773 1636.85098896271
0.458 9.17030567685589 1646.02129463957
0.512 -1.171875 1644.84941963957
0.449 14.0311804008909 1658.88060004046
0.488 8.60655737704918 1667.48715741751
0.464 1.29310344827586 1668.78026086579
0.45 16 1684.78026086579
0.489 7.56646216768916 1692.34672303348
0.482 3.7344398340249 1696.0811628675
0.497 3.01810865191147 1699.09927151941
0.471 6.15711252653928 1705.25638404595
0.475 12 1717.25638404595
0.467 4.06852248394004 1721.32490652989
0.483 7.2463768115942 1728.57128334149
0.49 15.1020408163265 1743.67332415781
0.423 11.5839243498818 1755.25724850769
0.466 6.43776824034335 1761.69501674804
0.426 17.8403755868545 1779.53539233489
0.468 9.4017094017094 1788.9371017366
0.5 10.4 1799.3371017366
0.475 18.3157894736842 1817.65289121028
0.487 6.77618069815195 1824.42907190844
0.474 11.8143459915612 1836.2434179
0.444 10.3603603603604 1846.60377826036
0.474 13.0801687763713 1859.68394703673
0.472 -6.35593220338983 1853.32801483334
0.484 4.95867768595041 1858.28669251929
0.475 1.89473684210526 1860.1814293614
0.493 3.04259634888438 1863.22402571028
0.454 3.08370044052863 1866.30772615081
0.421 14.9643705463183 1881.27209669713
0.393 1.78117048346056 1883.05326718059
0.401 7.73067331670823 1890.7839404973
0.459 17.2113289760349 1907.99526947333
0.446 12.1076233183857 1920.10289279172
0.398 4.02010050251256 1924.12299329423
0.555 8.82882882882883 1932.95182212306
0.437 8.92448512585812 1941.87630724892
0.446 6.72645739910314 1948.60276464802
0.417 8.39328537170264 1956.99605001972
0.444 3.15315315315315 1960.14920317287
0.416 7.69230769230769 1967.84151086518
0.406 17.7339901477833 1985.57550101297
0.422 7.58293838862559 1993.15843940159
0.426 11.2676056338028 2004.42604503539
0.439 1.59453302961276 2006.02057806501
0.436 5.04587155963303 2011.06644962464
0.438 6.84931506849315 2017.91576469313
0.431 11.368909512761 2029.28467420589
0.411 8.02919708029197 2037.31387128619
0.386 12.9533678756477 2050.26723916183
0.406 11.3300492610837 2061.59728842292
0.419 9.78520286396181 2071.38249128688
0.47 -1.70212765957447 2069.6803636273
0.48 8.33333333333333 2078.01369696064
0.478 7.53138075313807 2085.54507771378
0.511 5.67514677103718 2091.22022448481
0.408 0.490196078431373 2091.71042056324
0.486 -1.64609053497942 2090.06433002826
0.428 7.94392523364486 2098.00825526191
0.464 2.1551724137931 2100.1634276757
0.479 6.05427974947808 2106.21770742518
0.468 5.55555555555556 2111.77326298074
0.44 -3.63636363636364 2108.13689934437
0.444 9.90990990990991 2118.04680925428
0.429 17.9487179487179 2135.995527203
0.46 0 2135.995527203
0.46 -0.869565217391304 2135.12596198561
0.426 -5.63380281690141 2129.49215916871
0.483 7.2463768115942 2136.7385359803
0.458 10.4803493449782 2147.21888532528
0.478 1.25523012552301 2148.4741154508
0.505 4.95049504950495 2153.42461050031
0.461 4.55531453362256 2157.97992503393
0.422 -4.739336492891 2153.24058854104
0.427 -2.57611241217799 2150.66447612886
0.51 10.9803921568627 2161.64486828572
0.476 3.78151260504202 2165.42638089077
0.443 9.25507900677201 2174.68145989754
0.503 3.37972166998012 2178.06118156752
0.525 -4 2174.06118156752
0.528 -3.78787878787879 2170.27330277964
0.52 -11.1538461538462 2159.11945662579
0.503 -8.54870775347912 2150.57074887232
0.478 6.27615062761506 2156.84689949993
0.518 13.5135135135135 2170.36041301344
0.467 1.9271948608137 2172.28760787426
0.464 -0.862068965517241 2171.42553890874
0.464 -15.5172413793103 2155.90829752943
0.519 0.192678227360308 2156.10097575679
0.5 6 2162.10097575679
0.45 -5.33333333333333 2156.76764242346
0.499 -9.81963927855711 2146.9480031449
0.523 -10.8986615678776 2136.04934157702
0.489 -10.0204498977505 2126.02889167927
0.495 -3.83838383838384 2122.19050784089
0.507 2.56410256410256 2124.75461040499
0.424 0 2124.75461040499
0.433 -4.38799076212471 2120.36661964287
0.452 -19.9115044247788 2100.45511521809
0.465 -12.258064516129 2088.19705070196
0.442 -4.97737556561086 2083.21967513635
0.493 1.01419878296146 2084.23387391931
0.539 -3.15398886827458 2081.07988505103
0.567 -5.11463844797178 2075.96524660306
0.583 -7.37564322469983 2068.58960337836
0.54 -4.07407407407407 2064.51552930429
0.611 6.0556464811784 2070.57117578547
0.522 8.04597701149425 2078.61715279696
0.493 -5.88235294117647 2072.73479985578
0.477 0.209643605870021 2072.94444346165
0.425 9.17647058823529 2082.12091404989
0.437 4.80549199084668 2086.92640604074
0.45 4 2090.92640604074
0.442 0 2090.92640604074
0.432 6.94444444444444 2097.87085048518
0.472 -9.74576271186441 2088.12508777332
0.44 -8.18181818181818 2079.9432695915
0.423 -2.12765957446809 2077.81561001703
0.424 1.41509433962264 2079.23070435665
0.437 3.4324942791762 2082.66319863583
0.454 -6.16740088105727 2076.49579775477
0.455 -1.97802197802198 2074.51777577675
0.429 -8.15850815850816 2066.35926761824
0.472 -8.05084745762712 2058.30842016061
0.456 -3.07017543859649 2055.23824472202
0.454 -0.440528634361233 2054.79771608766
0.461 5.42299349240781 2060.22070958006
0.448 -4.91071428571429 2055.30999529435
0.444 -6.30630630630631 2049.00368898804
0.501 -10.9780439121756 2038.02564507587
0.464 -3.01724137931034 2035.00840369656
0.52 3.46153846153846 2038.4699421581
0.448 4.01785714285714 2042.48779930095
0.466 9.01287553648069 2051.50067483743
0.497 -1.00603621730382 2050.49463862013
0.502 0.398406374501992 2050.89304499463
0.465 -10.5376344086022 2040.35541058603
0.52 -7.30769230769231 2033.04771827834
0.473 -14.5877378435518 2018.45998043479
0.546 -9.89010989010989 2008.56987054468
0.501 -6.58682634730539 2001.98304419737
0.491 -0.203665987780041 2001.77937820959
0.481 -6.44490644490644 1995.33447176468
0.465 -5.37634408602151 1989.95812767866
0.485 -9.69072164948454 1980.26740602918
0.541 -6.09981515711645 1974.16759087206
0.521 -2.49520153550864 1971.67238933655
0.471 -10.828025477707 1960.84436385885
0.484 -5.37190082644628 1955.4724630324
0.507 -12.4260355029586 1943.04642752944
0.492 -6.50406504065041 1936.54236248879
0.477 -5.24109014675052 1931.30127234204
0.5 12.4 1943.70127234204
0.492 2.03252032520325 1945.73379266724
0.53 -5.28301886792453 1940.45077379932
0.472 -0.423728813559322 1940.02704498576
0.531 -18.2674199623352 1921.75962502342
0.506 -5.92885375494071 1915.83077126848
0.506 -8.300395256917 1907.53037601157
0.529 -9.64083175803403 1897.88954425353
0.445 -9.21348314606742 1888.67606110747
0.433 -1.61662817551963 1887.05943293195
0.487 4.31211498973306 1891.37154792168
0.485 -0.206185567010309 1891.16536235467
0.465 -4.08602150537634 1887.07934084929
0.449 -13.5857461024499 1873.49359474684
0.453 -11.6997792494481 1861.79381549739
0.47 -6.38297872340426 1855.41083677399
0.498 -9.63855421686747 1845.77228255712
0.453 -1.98675496688742 1843.78552759023
0.438 -14.6118721461187 1829.17365544412
0.434 4.60829493087558 1833.78195037499
0.473 -13.3192389006343 1820.46271147436
0.535 -5.79439252336449 1814.66831895099
0.464 -9.05172413793103 1805.61659481306
0.501 -4.59081836327345 1801.02577644979
0.466 -8.15450643776824 1792.87127001202
0.469 -7.88912579957356 1784.98214421245
0.493 -17.2413793103448 1767.7407649021
0.49 -6.12244897959184 1761.61831592251
0.468 -9.4017094017094 1752.2166065208
0.473 -0.634249471458774 1751.58235704934
0.508 -5.51181102362205 1746.07054602572
0.495 -5.45454545454545 1740.61600057117
0.478 -8.36820083682008 1732.24779973435
0.468 -2.56410256410256 1729.68369717025
0.454 -7.48898678414097 1722.19471038611
0.471 -11.2526539278132 1710.9420564583
0.482 -13.2780082987552 1697.66404815954
0.496 -7.25806451612903 1690.40598364341
0.461 -6.72451193058568 1683.68147171283
0.549 12.9326047358834 1696.61407644871
0.466 -13.7339055793991 1682.88017086931
0.461 -8.89370932754881 1673.98646154176
0.456 -2.63157894736842 1671.35488259439
0.498 -10.8433734939759 1660.51150910042
0.452 -12.8318584070796 1647.67965069334
0.475 -11.5789473684211 1636.10070332492
0.474 -12.6582278481013 1623.44247547682
0.494 -6.47773279352227 1616.96474268329
0.472 -12.7118644067797 1604.25287827651
0.487 -4.31211498973306 1599.94076328678
0.488 -9.83606557377049 1590.10469771301
0.507 -6.11439842209073 1583.99029929092
0.474 -15.1898734177215 1568.8004258732
0.472 -3.38983050847458 1565.41059536472
0.438 -10.5022831050228 1554.9083122597
0.475 -16.6315789473684 1538.27673331233
0.511 -7.6320939334638 1530.64463937887
0.484 -16.9421487603306 1513.70249061854
0.435 -1.14942528735632 1512.55306533118
0.45 0 1512.55306533118
0.5 -3.2 1509.35306533118
0.466 -11.587982832618 1497.76508249856
0.422 -4.2654028436019 1493.49967965496
0.501 -2.9940119760479 1490.50566767891
0.478 -8.36820083682008 1482.13746684209
0.497 -6.63983903420523 1475.49762780789
0.452 -16.3716814159292 1459.12594639196
0.573 5.75916230366492 1464.88510869563
0.679 -6.03829160530191 1458.84681709032
0.633 -6.79304897314376 1452.05376811718
0.513 -7.21247563352826 1444.84129248365
0.498 -15.6626506024096 1429.17864188124
0.469 -12.5799573560768 1416.59868452516
0.495 -4.24242424242424 1412.35626028274
0.443 -6.54627539503386 1405.80998488771
0.412 -18.4466019417476 1387.36338294596
0.421 -14.9643705463183 1372.39901239964
0.497 -10.261569416499 1362.13744298314
0.482 -10.3734439834025 1351.76399899974
0.46 -7.82608695652174 1343.93791204322
0.446 -13.4529147982063 1330.48499724501
0.473 -8.24524312896406 1322.23975411605
0.47 -8.51063829787234 1313.72911581817
0.485 2.68041237113402 1316.40952818931
0.472 -8.89830508474576 1307.51122310456
0.458 -12.6637554585153 1294.84746764605
0.452 -11.5044247787611 1283.34304286729
0.461 -0.650759219088937 1282.6922836482
0.442 -12.2171945701357 1270.47508907806
0.445 -5.61797752808989 1264.85711154997
0.444 -4.5045045045045 1260.35260704547
0.422 -13.7440758293839 1246.60853121608
0.447 -8.27740492170022 1238.33112629438
0.456 -7.01754385964912 1231.31358243473
0.439 -17.995444191344 1213.31813824339
0.481 -13.0977130977131 1200.22042514568
0.465 -14.4086021505376 1185.81182299514
0.48 -11.25 1174.56182299514
0.451 1.55210643015521 1176.1139294253
0.387 0.775193798449612 1176.88912322374
0.438 -2.28310502283105 1174.60601820091
0.456 -14.0350877192982 1160.57093048162
0.468 -7.69230769230769 1152.87862278931
0.465 -17.4193548387097 1135.4592679506
0.385 -21.038961038961 1114.42030691164
0.422 -10.9004739336493 1103.51983297799
0.465 -6.66666666666667 1096.85316631132
0.419 -15.035799522673 1081.81736678865
0.463 1.9438444924406 1083.76121128109
0.447 5.59284116331096 1089.3540524444
0.436 -2.29357798165138 1087.06047446275
0.399 2.25563909774436 1089.31611356049
0.396 -3.53535353535354 1085.78076002514
0.426 -12.2065727699531 1073.57418725519
0.444 -11.7117117117117 1061.86247554347
0.43 -13.0232558139535 1048.83921972952
0.503 10.1391650099404 1058.97838473946
0.433 -1.61662817551963 1057.36175656394
0.446 -10.3139013452915 1047.04785521865
0.453 -8.16777041942605 1038.88008479922
0.461 -13.2321041214751 1025.64798067775
0.448 -5.35714285714286 1020.29083782061
0.434 -11.0599078341014 1009.2309299865
0.482758620689655 -14.2857142857143 994.94521570079
