gc_content gc_skew gc_culm
0.413 -3.6319612590799 -3.6319612590799
0.393 7.37913486005089 3.74717360097099
0.475 -17.8947368421053 -14.1475632411343
0.439 7.06150341685649 -7.08605982427778
0.423 4.9645390070922 -2.12152081718559
0.421 0.712589073634204 -1.40893174355138
0.383 14.3603133159269 12.9513815723755
0.356 3.37078651685393 16.3221680892294
0.395 7.34177215189873 23.6639402411282
0.357 14.2857142857143 37.9496545268425
0.363 -5.78512396694215 32.1645305599003
0.382 -7.85340314136126 24.3111274185391
0.407 6.63390663390663 30.9450340524457
0.377 1.3262599469496 32.2712939993953
0.412 -0.485436893203884 31.7858571061914
0.414 6.28019323671498 38.0660503429064
0.432 14.8148148148148 52.8808651577212
0.429 3.96270396270396 56.8435691204252
0.377 6.10079575596817 62.9443648763933
0.373 7.77479892761394 70.7191638040073
0.42 20.4761904761905 91.1953542801977
0.391 1.79028132992327 92.985635610121
0.386 2.59067357512953 95.5763091852506
0.397 9.31989924433249 104.896208429583
0.437 6.17848970251716 111.0746981321
0.392 13.265306122449 124.340004254549
0.377 4.50928381962865 128.849288074178
0.418 17.7033492822966 146.552637356474
0.417 23.7410071942446 170.293644550719
0.414 14.4927536231884 184.786398173908
0.373 5.09383378016086 189.880231954068
0.387 -0.775193798449612 189.105038155619
0.369 1.3550135501355 190.460051705754
0.382 -5.23560209424084 185.224449611513
0.403 12.1588089330025 197.383258544516
0.409 -8.55745721271394 188.825801331802
0.423 -0.709219858156028 188.116581473646
0.44 -1.36363636363636 186.75294511001
0.377 -6.10079575596817 180.652149354041
0.339 6.78466076696165 187.436810121003
0.36 1.66666666666667 189.10347678767
0.378 2.11640211640212 191.219878904072
0.414 2.41545893719807 193.63533784127
0.355 -3.09859154929577 190.536746291974
0.356 -20.2247191011236 170.312027190851
0.384 -17.1875 153.124527190851
0.388 7.21649484536082 160.341022036211
0.37 16.2162162162162 176.557238252428
0.392 17.8571428571429 194.41438110957
0.353 0.84985835694051 195.264239466511
0.334 0.598802395209581 195.863041861721
0.395 -3.29113924050633 192.571902621214
0.39 -12.3076923076923 180.264210313522
0.401 -6.73316708229426 173.531043231228
0.346 -0.578034682080925 172.953008549147
0.403 -5.70719602977668 167.24581251937
0.456 -7.89473684210526 159.351075677265
0.47 -8.08510638297872 151.265969294286
0.436 12.3853211009174 163.651290395203
0.427 7.25995316159251 170.911243556796
0.411 10.9489051094891 181.860148666285
0.427 -3.04449648711944 178.815652179166
0.432 1.85185185185185 180.667504031017
0.408 14.7058823529412 195.373386383959
0.402 -0.995024875621891 194.378361508337
0.382 1.04712041884817 195.425481927185
0.368 -7.06521739130435 188.360264535881
0.416 14.9038461538462 203.264110689727
0.424 8.9622641509434 212.22637484067
0.424 7.07547169811321 219.301846538783
0.419 11.6945107398568 230.99635727864
0.4 -4 226.99635727864
0.421 -5.46318289786223 221.533174380778
0.446 -4.93273542600897 216.600438954769
0.415 13.7349397590361 230.335378713805
0.393 -10.4325699745547 219.90280873925
0.424 0 219.90280873925
0.429 -6.75990675990676 213.142901979344
0.406 -9.35960591133005 203.783296068014
0.411 -6.08272506082725 197.700571007186
0.395 -10.379746835443 187.320824171743
0.446 -6.2780269058296 181.042797265914
0.416 0.480769230769231 181.523566496683
0.393 3.81679389312977 185.340360389813
0.386 -9.32642487046632 176.013935519346
0.37 -9.72972972972973 166.284205789617
0.454 -3.08370044052863 163.200505349088
0.379 17.6781002638522 180.87860561294
0.452 -3.98230088495575 176.896304727984
0.406 4.92610837438424 181.822413102369
0.378 7.40740740740741 189.229820509776
0.348 3.44827586206897 192.678096371845
0.337 -10.3857566765579 182.292339695287
0.343 0.87463556851312 183.1669752638
0.345 7.82608695652174 190.993062220322
0.365 3.56164383561644 194.554706055938
0.343 3.79008746355685 198.344793519495
0.363 22.3140495867769 220.658843106272
0.333 2.1021021021021 222.760945208374
0.347 3.1700288184438 225.930974026818
0.337 2.07715133531157 228.00812536213
0.348 0 228.00812536213
0.345 6.66666666666667 234.674792028796
0.366 -2.18579234972678 232.48899967907
0.396 11.6161616161616 244.105161295231
0.373 -1.87667560321716 242.228485692014
0.361 -4.70914127423823 237.519344417776
0.389 -5.39845758354756 232.120886834228
0.366 11.4754098360656 243.596296670294
0.33 -6.06060606060606 237.535690609688
0.343 6.70553935860058 244.241229968288
0.352 -3.40909090909091 240.832139059197
0.363 -3.03030303030303 237.801836028894
0.304 10.5263157894737 248.328151818368
0.333 -5.70570570570571 242.622446112662
0.355 -1.40845070422535 241.213995408437
0.344 -2.90697674418605 238.307018664251
0.332 12.6506024096386 250.95762107389
0.342 11.1111111111111 262.068732185001
0.337 19.2878338278932 281.356566012894
0.337 3.26409495548961 284.620660968383
0.333 10.5105105105105 295.131171478894
0.299 13.7123745819398 308.843546060834
0.331 7.55287009063444 316.396416151468
0.356 8.42696629213483 324.823382443603
0.366 4.37158469945355 329.194967143057
0.362 -0.552486187845304 328.642480955211
0.343 -0.87463556851312 327.767845386698
0.358 0.558659217877095 328.326504604575
0.345 -1.44927536231884 326.877229242256
0.377 -1.85676392572944 325.020465316527
0.344 11.046511627907 336.066976944434
0.366 -5.46448087431694 330.602496070117
0.438 5.02283105022831 335.625327120345
0.373 4.02144772117962 339.646774841525
0.391 -6.90537084398977 332.741403997535
0.413 17.1912832929782 349.932687290513
0.404 14.8514851485149 364.784172439028
0.389 15.681233933162 380.46540637219
0.375 9.86666666666667 390.332073038857
0.378 18.5185185185185 408.850591557375
0.37 5.40540540540541 414.255996962781
0.373 6.16621983914209 420.422216801923
0.361 0.831024930747922 421.253241732671
0.426 12.6760563380282 433.929298070699
0.434 16.1290322580645 450.058330328763
0.438 14.6118721461187 464.670202474882
0.396 -5.55555555555556 459.114646919327
0.407 2.21130221130221 461.325949130629
0.422 1.8957345971564 463.221683727785
0.394 15.2284263959391 478.450110123724
0.389 11.5681233933162 490.018233517041
0.44 21.3636363636364 511.381869880677
0.433 6.23556581986143 517.617435700538
0.444 19.8198198198198 537.437255520358
0.435 12.6436781609195 550.080933681278
0.446 1.79372197309417 551.874655654372
0.455 11.6483516483516 563.523007302723
0.423 16.7848699763593 580.307877279083
0.416 12.5 592.807877279083
0.38 17.8947368421053 610.702614121188
0.363 6.33608815426997 617.038702275458
0.357 -0.840336134453782 616.198366141004
0.431 10.9048723897912 627.103238530795
0.435 24.1379310344828 651.241169565278
0.441 17.0068027210884 668.247972286367
0.405 7.65432098765432 675.902293274021
0.404 9.40594059405941 685.30823386808
0.389 9.51156812339332 694.819801991474
0.437 19.4508009153318 714.270602906805
0.437 8.46681922196796 722.737422128773
0.427 9.13348946135831 731.870911590132
0.426 15.4929577464789 747.363869336611
0.423 12.0567375886525 759.420606925263
0.413 19.6125907990315 779.033197724295
0.423 11.5839243498818 790.617122074176
0.377 14.0583554376658 804.675477511842
0.381 18.6351706036745 823.310648115517
0.341 11.4369501466276 834.747598262144
0.392 3.06122448979592 837.80882275194
0.378 14.8148148148148 852.623637566755
0.391 -5.37084398976982 847.252793576985
0.414 4.34782608695652 851.600619663942
0.388 10.3092783505155 861.909898014457
0.38 17.8947368421053 879.804634856562
0.402 7.96019900497512 887.764833861538
0.364 3.2967032967033 891.061537158241
0.38 13.6842105263158 904.745747684557
0.383 8.61618798955614 913.361935674113
0.33 18.7878787878788 932.149814461992
0.341 14.3695014662757 946.519315928267
0.288 7.63888888888889 954.158204817156
0.307 9.44625407166124 963.604458888817
0.326 2.45398773006135 966.058446618879
0.348 7.47126436781609 973.529710986695
0.319 21.0031347962382 994.532845782933
0.276 3.6231884057971 998.15603418873
0.3 -8 990.15603418873
0.347 21.0374639769452 1011.19349816568
0.349 24.9283667621776 1036.12186492785
0.341 7.91788856304985 1044.0397534909
0.359 -4.17827298050139 1039.8614805104
0.399 11.2781954887218 1051.13967599912
0.356 11.7977528089888 1062.93742880811
0.328 6.70731707317073 1069.64474588128
0.389 18.7660668380463 1088.41081271933
0.388 15.4639175257732 1103.8747302451
0.369 11.1111111111111 1114.98584135621
0.371 14.8247978436658 1129.81063919988
0.35 0.571428571428571 1130.38206777131
0.367 7.35694822888283 1137.73901600019
0.336 -11.9047619047619 1125.83425409543
0.355 14.3661971830986 1140.20045127853
0.375 13.6 1153.80045127853
0.361 0.831024930747922 1154.63147620928
0.367 9.53678474114441 1164.16826095042
0.364 11.5384615384615 1175.70672248888
0.368 3.80434782608696 1179.51107031497
0.34 10 1189.51107031497
0.376 2.65957446808511 1192.17064478305
0.393 7.37913486005089 1199.5497796431
0.358 10.6145251396648 1210.16430478277
0.358 -6.14525139664805 1204.01905338612
0.38 14.7368421052632 1218.75589549138
0.352 22.1590909090909 1240.91498640047
0.36 -2.22222222222222 1238.69276417825
0.361 -3.601108033241 1235.09165614501
0.354 8.47457627118644 1243.5662324162
0.352 -0.568181818181818 1242.99805059802
0.377 28.3819628647215 1271.38001346274
0.348 8.62068965517241 1280.00070311791
0.364 -3.84615384615385 1276.15454927176
0.388 5.67010309278351 1281.82465236454
0.353 11.614730878187 1293.43938324273
0.364 13.1868131868132 1306.62619642954
0.363 3.03030303030303 1309.65649945984
0.382 -2.61780104712042 1307.03869841272
0.386 7.7720207253886 1314.81071913811
0.364 5.49450549450549 1320.30522463262
0.356 3.37078651685393 1323.67601114947
0.364 11.5384615384615 1335.21447268793
0.384 -1.04166666666667 1334.17280602127
0.345 -3.18840579710145 1330.98440022416
0.389 15.1670951156812 1346.15149533985
0.365 -2.46575342465753 1343.68574191519
0.382 3.66492146596859 1347.35066338116
0.379 -8.17941952506596 1339.17124385609
0.372 -17.741935483871 1321.42930837222
0.356 -4.49438202247191 1316.93492634975
0.368 2.71739130434783 1319.6523176541
0.363 4.6831955922865 1324.33551324638
0.383 15.9268929503916 1340.26240619677
0.443 9.70654627539503 1349.96895247217
0.429 10.02331002331 1359.99226249548
0.416 -3.84615384615385 1356.14610864932
0.41 6.82926829268293 1362.97537694201
0.425 21.4117647058824 1384.38714164789
0.416 12.9807692307692 1397.36791087866
0.361 -2.49307479224377 1394.87483608642
0.415 12.7710843373494 1407.64592042376
0.367 -4.63215258855586 1403.01376783521
0.399 5.26315789473684 1408.27692572995
0.401 8.22942643391521 1416.50635216386
0.413 7.50605326876513 1424.01240543263
0.364 7.14285714285714 1431.15526257548
0.399 8.7719298245614 1439.92719240004
0.368 16.304347826087 1456.23154022613
0.385 4.41558441558442 1460.64712464172
0.379 6.06860158311346 1466.71572622483
0.363 -9.64187327823691 1457.07385294659
0.331 2.7190332326284 1459.79288617922
0.353 14.4475920679887 1474.24047824721
0.387 9.56072351421189 1483.80120176142
0.397 11.8387909319899 1495.63999269341
0.382 9.42408376963351 1505.06407646305
0.382 9.42408376963351 1514.48816023268
0.379 11.8733509234828 1526.36151115616
0.376 -2.12765957446809 1524.23385158169
0.395 9.87341772151899 1534.10726930321
0.413 10.4116222760291 1544.51889157924
0.409 1.71149144254279 1546.23038302178
0.36 8.33333333333333 1554.56371635512
0.361 11.3573407202216 1565.92105707534
0.374 -16.5775401069519 1549.34351696839
0.356 -7.30337078651685 1542.04014618187
0.352 4.54545454545455 1546.58560072732
0.394 -5.58375634517767 1541.00184438215
0.46 -9.1304347826087 1531.87140959954
0.369 -14.9051490514905 1516.96626054805
0.363 -21.2121212121212 1495.75413933593
0.338 -14.2011834319527 1481.55295590397
0.411 -9.48905109489051 1472.06390480908
0.385 -12.7272727272727 1459.33663208181
0.418 -10.0478468899522 1449.28878519186
0.403 -11.166253101737 1438.12253209012
0.405 -10.6172839506173 1427.5052481395
0.413 17.6755447941889 1445.18079293369
0.341 12.6099706744868 1457.79076360818
0.366 -3.27868852459016 1454.51207508359
0.359 2.50696378830084 1457.01903887189
0.351 5.41310541310541 1462.432144285
0.323 14.5510835913313 1476.98322787633
0.361 -6.92520775623269 1470.05802012009
0.351 15.0997150997151 1485.15773521981
0.39 25.1282051282051 1510.28594034802
0.386 15.0259067357513 1525.31184708377
0.407 8.5995085995086 1533.91135568327
0.392 3.06122448979592 1536.97258017307
0.409 4.64547677261614 1541.61805694569
0.396 7.07070707070707 1548.68876401639
0.394 20.3045685279188 1568.99333254431
0.395 -10.8860759493671 1558.10725659495
0.386 -13.4715025906736 1544.63575400427
0.38 11.5789473684211 1556.21470137269
0.358 12.2905027932961 1568.50520416599
0.371 12.6684636118598 1581.17366777785
0.386 11.3989637305699 1592.57263150842
0.421 16.3895486935867 1608.96218020201
0.379 20.844327176781 1629.80650737879
0.327 0.305810397553517 1630.11231777634
0.365 7.3972602739726 1637.50957805031
0.403 20.5955334987593 1658.10511154907
0.402 6.96517412935323 1665.07028567843
0.411 6.56934306569343 1671.63962874412
0.391 16.1125319693095 1687.75216071343
0.403 6.20347394540943 1693.95563465884
0.402 23.3830845771144 1717.33871923595
0.397 3.77833753148615 1721.11705676744
0.404 4.95049504950495 1726.06755181694
0.386 12.4352331606218 1738.50278497757
0.391 -1.79028132992327 1736.71250364764
0.389 16.7095115681234 1753.42201521577
0.438 -4.10958904109589 1749.31242617467
0.414 3.38164251207729 1752.69406868675
0.377 3.44827586206897 1756.14234454882
0.388 11.340206185567 1767.48255073438
0.423 14.8936170212766 1782.37616775566
0.403 23.5732009925558 1805.94936874821
0.359 3.62116991643454 1809.57053866465
0.404 24.7524752475248 1834.32301391217
0.417 8.87290167865707 1843.19591559083
0.369 11.1111111111111 1854.30702670194
0.426 -10.7981220657277 1843.50890463621
0.318 -18.2389937106918 1825.26991092552
0.361 0.277008310249307 1825.54691923577
0.409 21.760391198044 1847.30731043382
0.408 7.84313725490196 1855.15044768872
0.409 17.359413202934 1872.50986089165
0.397 19.3954659949622 1891.90532688661
0.392 11.2244897959184 1903.12981668253
0.377 22.5464190981432 1925.67623578068
0.335 14.0298507462687 1939.70608652694
0.377 7.69230769230769 1947.39839421925
0.374 6.41711229946524 1953.81550651872
0.39 2.56410256410256 1956.37960908282
0.396 2.52525252525253 1958.90486160807
0.362 5.52486187845304 1964.42972348653
0.392 2.55102040816327 1966.98074389469
0.38 -0.526315789473684 1966.45442810522
0.366 -6.55737704918033 1959.89705105604
0.395 -14.9367088607595 1944.96034219528
0.35 0 1944.96034219528
0.336 22.6190476190476 1967.57938981432
0.339 15.0442477876106 1982.62363760193
0.354 -1.12994350282486 1981.49369409911
0.348 -2.29885057471264 1979.1948435244
0.381 2.88713910761155 1982.08198263201
0.368 4.34782608695652 1986.42980871896
0.358 9.49720670391062 1995.92701542288
0.422 17.5355450236967 2013.46256044657
0.378 1.58730158730159 2015.04986203387
0.399 -3.7593984962406 2011.29046353763
0.421 -14.9643705463183 1996.32609299131
0.399 7.26817042606516 2003.59426341738
0.396 19.1919191919192 2022.7861826093
0.412 12.1359223300971 2034.9221049394
0.376 6.91489361702128 2041.83699855642
0.392 18.8775510204082 2060.71454957683
0.418 10.0478468899522 2070.76239646678
0.448 -6.25 2064.51239646678
0.378 -18.5185185185185 2045.99387794826
0.368 -11.4130434782609 2034.58083447
0.383 17.4934725848564 2052.07430705485
0.378 16.9312169312169 2069.00552398607
0.393 11.4503816793893 2080.45590566546
0.405 18.0246913580247 2098.48059702349
0.386 -7.25388601036269 2091.22671101312
0.439 12.5284738041002 2103.75518481722
0.413 25.4237288135593 2129.17891363078
0.402 21.3930348258706 2150.57194845665
0.407 -1.71990171990172 2148.85204673675
0.434 6.91244239631336 2155.76448913306
0.378 27.5132275132275 2183.27771664629
0.371 24.5283018867925 2207.80601853308
0.348 30.4597701149425 2238.26578864803
0.377 26.790450928382 2265.05623957641
0.406 19.7044334975369 2284.76067307395
0.383 22.7154046997389 2307.47607777368
0.356 17.9775280898876 2325.45360586357
0.438 20.5479452054795 2346.00155106905
0.413 6.53753026634383 2352.5390813354
0.36 1.11111111111111 2353.65019244651
0.392 -1.53061224489796 2352.11958020161
0.441 4.76190476190476 2356.88148496351
0.372 -0.537634408602151 2356.34385055491
0.412 5.33980582524272 2361.68365638015
0.385 2.85714285714286 2364.5407992373
0.406 9.85221674876847 2374.39301598607
0.372 15.0537634408602 2389.44677942693
0.392 6.63265306122449 2396.07943248815
0.387 16.7958656330749 2412.87529812123
0.395 9.87341772151899 2422.74871584274
0.422 9.47867298578199 2432.22738882853
0.436 12.8440366972477 2445.07142552577
0.389 4.88431876606684 2449.95574429184
0.389 1.2853470437018 2451.24109133554
0.389 -3.34190231362468 2447.89918902192
0.423 19.6217494089835 2467.5209384309
0.38 10.5263157894737 2478.04725422037
0.396 -9.5959595959596 2468.45129462442
0.406 -7.88177339901478 2460.5695212254
0.411 27.9805352798054 2488.55005650521
0.347 20.4610951008646 2509.01115160607
0.399 1.75438596491228 2510.76553757098
0.371 9.97304582210243 2520.73858339309
0.409 27.6283618581907 2548.36694525128
0.375 1.33333333333333 2549.70027858461
0.443 -3.83747178329571 2545.86280680131
0.382 16.7539267015707 2562.61673350288
0.369 1.3550135501355 2563.97174705302
0.41 5.85365853658537 2569.8254055896
0.419 21.7183770883055 2591.54378267791
0.432 17.1296296296296 2608.67341230754
0.411 13.38199513382 2622.05540744136
0.404 18.8118811881188 2640.86728862948
0.428 12.6168224299065 2653.48411105939
0.402 8.45771144278607 2661.94182250217
0.369 -5.69105691056911 2656.2507655916
0.391 -6.39386189258312 2649.85690369902
0.372 -6.45161290322581 2643.40529079579
0.425 21.4117647058824 2664.81705550168
0.424 0.471698113207547 2665.28875361488
0.392 0.510204081632653 2665.79895769652
0.391 -0.767263427109974 2665.03169426941
0.428 -7.47663551401869 2657.55505875539
0.357 4.20168067226891 2661.75673942766
0.415 7.46987951807229 2669.22661894573
0.361 9.69529085872576 2678.92190980445
0.401 13.715710723192 2692.63762052765
0.394 8.12182741116751 2700.75944793881
0.387 14.2118863049096 2714.97133424372
0.419 7.39856801909308 2722.36990226282
0.415 8.43373493975904 2730.80363720258
0.438 14.6118721461187 2745.41550934869
0.425 4 2749.41550934869
0.408 8.33333333333333 2757.74884268203
0.412 17.4757281553398 2775.22457083737
0.442 17.1945701357466 2792.41914097311
0.439 6.1503416856492 2798.56948265876
0.398 13.0653266331658 2811.63480929193
0.379 8.70712401055409 2820.34193330248
0.415 7.95180722891566 2828.2937405314
0.388 4.63917525773196 2832.93291578913
0.379 4.48548812664908 2837.41840391578
0.396 13.6363636363636 2851.05476755214
0.378 7.93650793650794 2858.99127548865
0.405 9.62962962962963 2868.62090511828
0.372 8.06451612903226 2876.68542124731
0.38 16.3157894736842 2893.001210721
0.421 18.2897862232779 2911.29099694428
0.388 22.1649484536082 2933.45594539788
0.377 16.1803713527851 2949.63631675067
0.435 11.264367816092 2960.90068456676
0.47 9.78723404255319 2970.68791860931
0.407 6.14250614250614 2976.83042475182
0.41 12.1951219512195 2989.02554670304
0.403 17.6178660049628 3006.643412708
0.427 6.3231850117096 3012.96659771971
0.443 -5.19187358916479 3007.77472413055
0.409 1.71149144254279 3009.48621557309
0.341 16.1290322580645 3025.61524783115
0.393 10.941475826972 3036.55672365813
0.393 0.254452926208651 3036.81117658434
0.45 19.5555555555556 3056.36673213989
0.412 17.9611650485437 3074.32789718843
0.394 9.64467005076142 3083.9725672392
0.434 5.99078341013825 3089.96335064933
0.411 13.38199513382 3103.34534578315
0.421 15.9144893111639 3119.25983509432
0.412 10.1941747572816 3129.4540098516
0.416 0.480769230769231 3129.93477908237
0.415 -3.13253012048193 3126.80224896189
0.361 0.831024930747922 3127.63327389263
0.434 -0.921658986175115 3126.71161490646
0.484 -13.6363636363636 3113.0752512701
0.421 0.237529691211401 3113.31278096131
0.404 -2.97029702970297 3110.3424839316
0.356 -6.17977528089888 3104.16270865071
0.384 1.04166666666667 3105.20437531737
0.377 -9.28381962864722 3095.92055568873
0.381 -1.83727034120735 3094.08328534752
0.345 -4.92753623188406 3089.15574911563
0.384 4.6875 3093.84324911563
0.365 1.91780821917808 3095.76105733481
0.364 4.94505494505495 3100.70611227987
0.386 -4.14507772020725 3096.56103455966
0.376 1.06382978723404 3097.62486434689
0.398 6.03015075376884 3103.65501510066
0.38 -7.36842105263158 3096.28659404803
0.341 3.81231671554252 3100.09891076357
0.452 19.0265486725664 3119.12545943614
0.379 13.4564643799472 3132.58192381609
0.412 11.1650485436893 3143.74697235978
0.401 1.74563591022444 3145.49260827
0.425 18.1176470588235 3163.61025532882
0.4 15.5 3179.11025532882
0.366 1.09289617486339 3180.20315150369
0.388 8.24742268041237 3188.4505741841
0.415 -0.72289156626506 3187.72768261783
0.388 3.60824742268041 3191.33593004051
0.405 2.22222222222222 3193.55815226274
0.43 14.4186046511628 3207.9767569139
0.481 -7.69230769230769 3200.28444922159
0.402 10.4477611940299 3210.73221041562
0.381 0.78740157480315 3211.51961199043
0.421 14.9643705463183 3226.48398253674
0.419 4.05727923627685 3230.54126177302
0.403 -0.248138957816377 3230.2931228152
0.363 -1.37741046831956 3228.91571234688
0.38 11.5789473684211 3240.49465971531
0.35 -1.71428571428571 3238.78037400102
0.384 10.4166666666667 3249.19704066769
0.459 -4.13943355119826 3245.05760711649
0.449 8.68596881959911 3253.74357593609
0.375 -11.4666666666667 3242.27690926942
0.463 -6.69546436285097 3235.58144490657
0.451 13.5254988913525 3249.10694379792
0.428 7.94392523364486 3257.05086903157
0.415 20.4819277108434 3277.53279674241
0.4 -2 3275.53279674241
0.398 9.54773869346734 3285.08053543588
0.41 10.2439024390244 3295.3244378749
0.383 21.1488250652742 3316.47326294018
0.388 17.5257731958763 3333.99903613605
0.395 -2.78481012658228 3331.21422600947
0.371 -0.808625336927224 3330.40560067254
0.383 -3.39425587467363 3327.01134479787
0.386 8.29015544041451 3335.30150023828
0.37 1.08108108108108 3336.38258131937
0.387 13.6950904392765 3350.07767175864
0.349 0.286532951289398 3350.36420470993
0.349 -2.00573065902579 3348.35847405091
0.405 6.17283950617284 3354.53131355708
0.394 -5.0761421319797 3349.4551714251
0.434 10.1382488479263 3359.59342027303
0.42 31.4285714285714 3391.0219917016
0.397 17.3803526448363 3408.40234434643
0.48 16.25 3424.65234434643
0.406 8.86699507389163 3433.51933942032
0.419 15.5131264916468 3449.03246591197
0.378 -3.7037037037037 3445.32876220827
0.355 5.91549295774648 3451.24425516601
0.385 3.8961038961039 3455.14035906212
0.39 16.9230769230769 3472.06343598519
0.448 27.6785714285714 3499.74200741377
0.384 -4.16666666666667 3495.5753407471
0.355 10.9859154929577 3506.56125624006
0.327 14.3730886850153 3520.93434492507
0.352 10.2272727272727 3531.16161765234
0.33 12.7272727272727 3543.88889037962
0.393 -1.27226463104326 3542.61662574857
0.333 2.1021021021021 3544.71872785068
0.35 19.4285714285714 3564.14729927925
0.37 8.10810810810811 3572.25540738736
0.397 7.80856423173804 3580.06397161909
0.395 5.31645569620253 3585.3804273153
0.387 -3.35917312661499 3582.02125418868
0.38 0 3582.02125418868
0.378 11.1111111111111 3593.13236529979
0.379 11.3456464379947 3604.47801173779
0.42 -12.8571428571429 3591.62086888064
0.388 14.9484536082474 3606.56932248889
0.414 6.76328502415459 3613.33260751305
0.348 6.89655172413793 3620.22915923718
0.359 13.091922005571 3633.32108124276
0.358 -6.70391061452514 3626.61717062823
0.383 7.04960835509138 3633.66677898332
0.405 -0.246913580246914 3633.41986540308
0.345 2.02898550724638 3635.44885091032
0.355 20.5633802816901 3656.01223119201
0.291 1.03092783505155 3657.04315902706
0.325 -4 3653.04315902706
0.334 -4.79041916167665 3648.25273986539
0.347 -1.44092219020173 3646.81181767518
0.315 0.952380952380952 3647.76419862757
0.394 -3.55329949238579 3644.21089913518
0.426 -3.75586854460094 3640.45503059058
0.438 0.91324200913242 3641.36827259971
0.396 -4.04040404040404 3637.32786855931
0.424 3.30188679245283 3640.62975535176
0.422 9.95260663507109 3650.58236198683
0.37 -4.32432432432432 3646.25803766251
0.415 -5.54216867469879 3640.71586898781
0.391 6.39386189258312 3647.10973088039
0.393 -3.81679389312977 3643.29293698726
0.403 11.166253101737 3654.459190089
0.451 13.5254988913525 3667.98468898035
0.431 11.368909512761 3679.35359849311
0.451 10.8647450110865 3690.2183435042
0.434 19.3548387096774 3709.57318221388
0.355 13.8028169014085 3723.37599911528
0.421 11.1638954869359 3734.53989460222
0.451 -9.09090909090909 3725.44898551131
0.465 -5.80645161290323 3719.64253389841
0.452 23.4513274336283 3743.09386133204
0.418 20.0956937799043 3763.18955511194
0.437 37.2997711670481 3800.48932627899
0.42 13.3333333333333 3813.82265961232
0.407 3.68550368550369 3817.50816329783
0.436 -2.29357798165138 3815.21458531617
0.444 5.85585585585586 3821.07044117203
0.448 15.1785714285714 3836.2490126006
0.438 19.634703196347 3855.88371579695
0.407 19.4103194103194 3875.29403520727
0.403 10.1736972704715 3885.46773247774
0.482 20.3319502074689 3905.79968268521
0.409 10.0244498777506 3915.82413256296
0.449 7.34966592427617 3923.17379848724
0.463 20.0863930885529 3943.26019157579
0.516 2.71317829457364 3945.97336987036
0.463 26.5658747300216 3972.53924460038
0.447 5.59284116331096 3978.13208576369
0.427 19.9063231850117 3998.03840894871
0.388 14.9484536082474 4012.98686255695
0.442 -1.80995475113122 4011.17690780582
0.447 -13.1991051454139 3997.97780266041
0.41 -9.75609756097561 3988.22170509943
0.476 7.14285714285714 3995.36456224229
0.452 3.09734513274336 3998.46190737503
0.42 -5.71428571428571 3992.74762166075
0.414 -6.76328502415459 3985.98433663659
0.402 -6.46766169154229 3979.51667494505
0.416 -10.0961538461538 3969.4205210989
0.442 -12.2171945701357 3957.20332652876
0.446 -3.1390134529148 3954.06431307585
0.367 -4.63215258855586 3949.43216048729
0.408 -5.88235294117647 3943.54980754611
0.393 0.254452926208651 3943.80426047232
0.352 0.568181818181818 3944.3724422905
0.378 3.7037037037037 3948.07614599421
0.369 9.48509485094851 3957.56124084516
0.391 -0.255754475703325 3957.30548636945
0.391 -15.0895140664962 3942.21597230296
0.338 7.10059171597633 3949.31656401893
0.379 9.23482849604222 3958.55139251498
0.405 8.14814814814815 3966.69954066312
0.339 0.294985250737463 3966.99452591386
0.296 -10.1351351351351 3956.85939077873
0.364 -2.74725274725275 3954.11213803147
0.339 -7.9646017699115 3946.14753626156
0.372 11.8279569892473 3957.97549325081
0.362 4.41988950276243 3962.39538275357
0.381 -8.13648293963255 3954.25889981394
0.404 -4.95049504950495 3949.30840476443
0.417 -4.55635491606715 3944.75204984837
0.388 4.63917525773196 3949.3912251061
0.448 -1.78571428571429 3947.60551082038
0.395 2.78481012658228 3950.39032094697
0.401 -3.24189526184539 3947.14842568512
0.464 -6.03448275862069 3941.1139429265
0.393 -2.29007633587786 3938.82386659062
0.537 13.5940409683426 3952.41790755897
0.462 3.46320346320346 3955.88111102217
0.418 5.74162679425837 3961.62273781643
0.349 -3.15186246418338 3958.47087535224
0.411 -6.56934306569343 3951.90153228655
0.449 -0.22271714922049 3951.67881513733
0.382 0.523560209424084 3952.20237534675
0.441 -5.21541950113379 3946.98695584562
0.376 -2.65957446808511 3944.32738137754
0.422 -6.63507109004739 3937.69231028749
0.37 -7.02702702702703 3930.66528326046
0.448 -2.67857142857143 3927.98671183189
0.419 2.62529832935561 3930.61201016125
0.381 -0.78740157480315 3929.82460858644
0.391 -7.92838874680307 3921.89621983964
0.353 -4.81586402266289 3917.08035581698
0.39 -12.8205128205128 3904.25984299646
0.351 -11.1111111111111 3893.14873188535
0.44 -25.4545454545455 3867.69418643081
0.42 -18.0952380952381 3849.59894833557
0.427 -21.3114754098361 3828.28747292573
0.424 -6.13207547169811 3822.15539745403
0.387 3.35917312661499 3825.51457058065
0.376 -2.65957446808511 3822.85499611256
0.396 0.505050505050505 3823.36004661761
0.385 -4.41558441558442 3818.94446220203
0.358 -0.558659217877095 3818.38580298415
0.406 -5.41871921182266 3812.96708377233
0.433 -5.77367205542725 3807.1934117169
0.343 -1.45772594752187 3805.73568576938
0.39 -17.4358974358974 3788.29978833348
0.39 -21.025641025641 3767.27414730784
0.402 -19.4029850746269 3747.87116223322
0.418 -11.4832535885167 3736.3879086447
0.416 -11.0576923076923 3725.33021633701
0.395 -30.126582278481 3695.20363405853
0.421 -18.7648456057007 3676.43878845283
0.428 -17.7570093457944 3658.68177910703
0.423 -4.01891252955083 3654.66286657748
0.403 0.744416873449132 3655.40728345093
0.412 -11.6504854368932 3643.75679801404
0.397 -19.3954659949622 3624.36133201907
0.365 -16.1643835616438 3608.19694845743
0.397 -8.31234256926952 3599.88460588816
0.407 -14.4963144963145 3585.38829139185
0.402 -14.9253731343284 3570.46291825752
0.411 -18.2481751824818 3552.21474307504
0.408 -5.3921568627451 3546.82258621229
0.403 -24.0694789081886 3522.7531073041
0.424 -19.811320754717 3502.94178654939
0.43 -16.7441860465116 3486.19760050287
0.409 0.244498777506112 3486.44209928038
0.414 5.31400966183575 3491.75610894222
0.388 -12.3711340206186 3479.3849749216
0.404 3.46534653465347 3482.85032145625
0.401 -13.715710723192 3469.13461073306
0.387 -22.4806201550388 3446.65399057802
0.41 -13.6585365853659 3432.99545399265
0.396 -10.1010101010101 3422.89444389164
0.4 -2 3420.89444389164
0.416 3.84615384615385 3424.7405977378
0.403 -9.18114143920596 3415.55945629859
0.419 -19.8090692124105 3395.75038708618
0.384 -6.25 3389.50038708618
0.393 -16.5394402035623 3372.96094688262
0.374 -18.716577540107 3354.24436934251
0.425 -4.47058823529412 3349.77378110722
0.409 -17.8484107579462 3331.92537034927
0.384 -8.33333333333333 3323.59203701594
0.468 -17.0940170940171 3306.49801992192
0.473 -18.816067653277 3287.68195226864
0.402 -17.910447761194 3269.77150450745
0.476 -12.1848739495798 3257.58663055787
0.398 -3.01507537688442 3254.57155518099
0.375 8.8 3263.37155518099
0.412 -20.873786407767 3242.49776877322
0.4 -3 3239.49776877322
0.41 8.78048780487805 3248.2782565781
0.347 -4.32276657060519 3243.95549000749
0.342 -21.0526315789474 3222.90285842854
0.382 -25.130890052356 3197.77196837619
0.382 -4.18848167539267 3193.5834867008
0.352 -13.0681818181818 3180.51530488261
0.358 4.46927374301676 3184.98457862563
0.358 -7.82122905027933 3177.16334957535
0.334 -16.7664670658683 3160.39688250948
0.391 -15.0895140664962 3145.30736844299
0.353 -13.314447592068 3131.99292085092
0.474 -8.86075949367089 3123.13216135725
0.461 14.9674620390456 3138.09962339629
0.391 -2.30179028132992 3135.79783311496
0.394 0 3135.79783311496
0.401 3.24189526184539 3139.03972837681
0.441 -12.4716553287982 3126.56807304801
0.464 0.431034482758621 3126.99910753077
0.396 -1.01010101010101 3125.98900652067
0.395 -0.253164556962025 3125.73584196371
0.377 -16.1803713527851 3109.55547061092
0.425 -15.7647058823529 3093.79076472857
0.391 -18.6700767263427 3075.12068800223
0.341 -2.05278592375367 3073.06790207847
0.409 -10.0244498777506 3063.04345220072
0.386 -4.14507772020725 3058.89837448051
0.349 -10.6017191977077 3048.29665528281
0.36 -18.8888888888889 3029.40776639392
0.362 -7.18232044198895 3022.22544595193
0.383 -9.66057441253264 3012.5648715394
0.362 -14.3646408839779 2998.20023065542
0.353 -3.11614730878187 2995.08408334664
0.417 -1.19904076738609 2993.88504257925
0.62 -7.09677419354839 2986.7882683857
0.431 -6.26450116009281 2980.52376722561
0.402 -6.96517412935323 2973.55859309626
0.441 -6.57596371882086 2966.98262937743
0.462 -1.73160173160173 2965.25102764583
0.418 -20.0956937799043 2945.15533386593
0.394 -19.7969543147208 2925.35837955121
0.349 -7.73638968481375 2917.62198986639
0.406 -1.97044334975369 2915.65154651664
0.437 -0.68649885583524 2914.9650476608
0.435 10.3448275862069 2925.30987524701
0.453 -2.42825607064018 2922.88161917637
0.427 -4.91803278688525 2917.96358638949
0.384 -13.5416666666667 2904.42191972282
0.458 -12.2270742358079 2892.19484548701
0.454 -13.215859030837 2878.97898645617
0.347 -17.5792507204611 2861.39973573571
0.46 -8.26086956521739 2853.1388661705
0.428 -11.214953271028 2841.92391289947
0.456 -0.43859649122807 2841.48531640824
0.466 -3.86266094420601 2837.62265546403
0.48 -7.91666666666667 2829.70598879737
0.438 -4.5662100456621 2825.13977875171
0.454 -2.20264317180617 2822.9371355799
0.482 -10.3734439834025 2812.5636915965
0.398 -16.5829145728643 2795.98077702363
0.291 -9.27835051546392 2786.70242650817
0.388 -4.63917525773196 2782.06325125044
0.367 -12.2615803814714 2769.80167086897
0.392 -11.2244897959184 2758.57718107305
0.497 -11.8712273641851 2746.70595370886
0.416 -1.92307692307692 2744.78287678578
0.427 -22.7166276346604 2722.06624915112
0.455 -11.2087912087912 2710.85745794233
0.385 -20.5194805194805 2690.33797742285
0.402 -5.97014925373134 2684.36782816912
0.414 -2.89855072463768 2681.46927744448
0.361 -10.803324099723 2670.66595334476
0.371 6.73854447439353 2677.40449781915
0.402 -3.48258706467662 2673.92191075448
0.4 -10 2663.92191075448
0.442 6.33484162895928 2670.25675238344
0.394 -9.64467005076142 2660.61208233268
0.433 -11.7782909930716 2648.8337913396
0.431 -12.2969837587007 2636.5368075809
0.444 -10.3603603603604 2626.17644722054
0.425 -11.5294117647059 2614.64703545584
0.465 -11.3978494623656 2603.24918599347
0.401 3.24189526184539 2606.49108125532
0.473 -4.86257928118393 2601.62850197413
0.427 -13.3489461358314 2588.2795558383
0.452 -11.9469026548673 2576.33265318343
0.377 -26.2599469496021 2550.07270623383
0.423 -6.85579196217494 2543.21691427166
0.365 -6.3013698630137 2536.91554440864
0.385 -13.7662337662338 2523.14931064241
0.371 -30.4582210242588 2492.69108961815
0.436 -5.04587155963303 2487.64521805852
0.39 -11.7948717948718 2475.85034626365
0.435 -17.2413793103448 2458.6089669533
0.408 -10.2941176470588 2448.31484930624
0.4 3.5 2451.81484930624
0.42 -9.04761904761905 2442.76723025862
0.424 5.18867924528302 2447.95590950391
0.431 6.72853828306264 2454.68444778697
0.356 -8.98876404494382 2445.69568374203
0.461 1.08459869848156 2446.78028244051
0.45 -0.888888888888889 2445.89139355162
0.457 -3.7199124726477 2442.17148107897
0.44 -7.72727272727273 2434.4442083517
0.439 -6.60592255125285 2427.83828580044
0.416 -0.480769230769231 2427.35751656968
0.423 -2.12765957446809 2425.22985699521
0.422 -11.3744075829384 2413.85544941227
0.446 -4.93273542600897 2408.92271398626
0.463 -4.96760259179266 2403.95511139447
0.458 -5.24017467248908 2398.71493672198
0.508 -4.33070866141732 2394.38422806056
0.444 -10.8108108108108 2383.57341724975
0.463 -4.96760259179266 2378.60581465796
0.452 -4.42477876106195 2374.1810358969
0.509 -1.76817288801572 2372.41286300888
0.462 -9.09090909090909 2363.32195391797
0.469 -5.33049040511727 2357.99146351285
0.445 -3.82022471910112 2354.17123879375
0.488 -6.14754098360656 2348.02369781015
0.47 -3.82978723404255 2344.1939105761
0.437 -18.0778032036613 2326.11610737244
0.382 -8.90052356020942 2317.21558381223
0.366 -7.65027322404372 2309.56531058819
0.391 -8.95140664961637 2300.61390393857
0.418 -4.30622009569378 2296.30768384288
0.413 -9.44309927360775 2286.86458456927
0.533 -5.0656660412758 2281.79891852799
0.474 -3.37552742616034 2278.42339110183
0.529 -3.21361058601134 2275.20978051582
0.406 12.3152709359606 2287.52505145178
0.399 -5.26315789473684 2282.26189355705
0.38 -5.26315789473684 2276.99873566231
0.425 -3.05882352941176 2273.9399121329
0.404 -1.98019801980198 2271.9597141131
0.416 -7.21153846153846 2264.74817565156
0.462 -6.06060606060606 2258.68756959095
0.454 -10.1321585903084 2248.55541100064
0.343 -3.2069970845481 2245.3484139161
0.348 2.29885057471264 2247.64726449081
0.465 0.21505376344086 2247.86231825425
0.425 -12.4705882352941 2235.39173001896
0.453 -10.8167770419426 2224.57495297701
0.508 -5.90551181102362 2218.66944116599
0.489 -5.93047034764826 2212.73897081834
0.478 0.836820083682008 2213.57579090202
0.49 -5.71428571428571 2207.86150518774
0.463 7.99136069114471 2215.85286587888
0.408 -4.90196078431373 2210.95090509457
0.412 -20.873786407767 2190.0771186868
0.429 -10.955710955711 2179.12140773109
0.412 -12.1359223300971 2166.98548540099
0.429 -0.233100233100233 2166.75238516789
0.419 -12.6491646778043 2154.10322049009
0.46 -26.9565217391304 2127.14669875096
0.417 -5.99520383693046 2121.15149491403
0.408 -10.2941176470588 2110.85737726697
0.404 1.98019801980198 2112.83757528677
0.417 -2.15827338129496 2110.67930190548
0.341 -15.5425219941349 2095.13677991134
0.361 -2.49307479224377 2092.6437051191
0.391 -1.27877237851662 2091.36493274058
0.352 -14.2045454545455 2077.16038728603
0.403 -11.166253101737 2065.9941341843
0.378 -1.58730158730159 2064.406832597
0.407 -14.4963144963145 2049.91051810068
0.387 -27.1317829457364 2022.77873515495
0.376 -10.6382978723404 2012.1404372826
0.401 -9.72568578553616 2002.41475149707
0.419 -10.7398568019093 1991.67489469516
0.381 -2.88713910761155 1988.78775558755
0.458 -25.764192139738 1963.02356344781
0.426 -2.8169014084507 1960.20666203936
0.428 -7.47663551401869 1952.73002652534
0.511 -5.28375733855186 1947.44626918679
0.41 -5.36585365853659 1942.08041552825
0.411 -8.02919708029197 1934.05121844796
0.414 -15.9420289855072 1918.10918946245
0.371 -0.808625336927224 1917.30056412553
0.412 4.85436893203883 1922.15493305756
0.422 5.21327014218009 1927.36820319974
0.39 -7.69230769230769 1919.67589550744
0.388 -14.4329896907216 1905.24290581671
0.396 -10.6060606060606 1894.63684521065
0.4 -17 1877.63684521065
0.471 -2.76008492569002 1874.87676028496
0.43 -20.9302325581395 1853.94652772682
0.48 0.833333333333333 1854.77986106016
0.436 -14.6788990825688 1840.10096197759
0.406 -22.6600985221675 1817.44086345542
0.382 -17.2774869109948 1800.16337654443
0.411 -3.64963503649635 1796.51374150793
0.424 -8.49056603773585 1788.02317547019
0.438 -3.19634703196347 1784.82682843823
0.388 -2.06185567010309 1782.76497276813
0.424 1.88679245283019 1784.65176522096
0.4 -5 1779.65176522096
0.405 -23.4567901234568 1756.1949750975
0.408 -11.7647058823529 1744.43026921515
0.413 -15.7384987893462 1728.6917704258
0.371 -0.808625336927224 1727.88314508888
0.373 -6.16621983914209 1721.71692524973
0.36 -11.6666666666667 1710.05025858307
0.422 -5.21327014218009 1704.83698844089
0.38 -1.57894736842105 1703.25804107247
0.439 -13.4396355353075 1689.81840553716
0.388 -3.09278350515464 1686.725622032
0.348 5.17241379310345 1691.89803582511
0.389 -7.96915167095116 1683.92888415416
0.411 0.24330900243309 1684.17219315659
0.384 -15.625 1668.54719315659
0.41 7.80487804878049 1676.35207120537
0.373 -2.41286863270777 1673.93920257266
0.355 -12.112676056338 1661.82652651632
0.366 -9.83606557377049 1651.99046094255
0.427 -14.7540983606557 1637.2363625819
0.398 -19.5979899497487 1617.63837263215
0.37 4.86486486486486 1622.50323749701
0.383 -20.1044386422977 1602.39879885472
0.425 -2.11764705882353 1600.28115179589
0.394 -13.1979695431472 1587.08318225274
0.399 -5.26315789473684 1581.82002435801
0.458 -3.05676855895197 1578.76325579906
0.428 -2.33644859813084 1576.42680720093
0.36 2.22222222222222 1578.64902942315
0.378 7.93650793650794 1586.58553735966
0.393 -13.9949109414758 1572.59062641818
0.323 -5.26315789473684 1567.32746852344
0.378 -0.529100529100529 1566.79836799434
0.363 1.37741046831956 1568.17577846266
0.416 -0.480769230769231 1567.69500923189
0.365 -17.2602739726027 1550.43473525929
0.32 -5.625 1544.80973525929
0.398 -13.5678391959799 1531.24189606331
0.38 -25.2631578947368 1505.97873816857
0.362 -14.3646408839779 1491.6140972846
0.509 -15.5206286836935 1476.0934686009
0.441 -14.7392290249433 1461.35423957596
0.417 -10.7913669064748 1450.56287266948
0.396 -13.6363636363636 1436.92650903312
0.402 -10.4477611940299 1426.47874783909
0.435 -24.1379310344828 1402.34081680461
0.417 1.67865707434053 1404.01947387895
0.4 1 1405.01947387895
0.479 -22.7557411273486 1382.2637327516
0.42 -20 1362.2637327516
0.426 -11.2676056338028 1350.9961271178
0.444 -10.8108108108108 1340.18531630699
0.423 -7.32860520094563 1332.85671110604
0.429 -6.29370629370629 1326.56300481233
0.428 -8.8785046728972 1317.68450013944
0.41 -4.8780487804878 1312.80645135895
0.455 -11.2087912087912 1301.59766015016
0.413 3.6319612590799 1305.22962140924
0.414 2.41545893719807 1307.64508034644
0.414 -2.89855072463768 1304.7465296218
0.4 -15 1289.7465296218
0.5 -2 1287.7465296218
0.421 0.237529691211401 1287.98405931301
0.415 -5.54216867469879 1282.44189063831
0.41 -10.7317073170732 1271.71018332124
0.497 -6.63983903420523 1265.07034428703
0.405 11.1111111111111 1276.18145539814
0.408 -7.84313725490196 1268.33831814324
0.416 -23.5576923076923 1244.78062583555
0.439 -15.2619589977221 1229.51866683783
0.411 -11.9221411192214 1217.59652571861
0.562 -17.0818505338078 1200.5146751848
0.504 -8.33333333333333 1192.18134185146
0.397 4.78589420654912 1196.96723605801
0.398 -11.0552763819095 1185.9119596761
0.429 -10.4895104895105 1175.42244918659
0.417 -10.3117505995204 1165.11069858707
0.356 -4.49438202247191 1160.6163165646
0.403 -17.12158808933 1143.49472847527
0.397 5.2896725440806 1148.78440101935
0.369 -25.2032520325203 1123.58114898683
0.41 -6.34146341463415 1117.2396855722
0.383 -18.0156657963446 1099.22401977585
0.382 -10.9947643979058 1088.22925537795
0.456 -10.9649122807018 1077.26434309724
0.378 -0.529100529100529 1076.73524256814
0.409 1.22249388753056 1077.95773645567
0.392 4.59183673469388 1082.54957319037
0.396 -10.6060606060606 1071.94351258431
0.401 -17.2069825436409 1054.73653004067
0.587 -3.23679727427598 1051.49973276639
0.59 -1.35593220338983 1050.143800563
0.543 -4.97237569060773 1045.17142487239
0.452 -2.65486725663717 1042.51655761576
0.435 -12.183908045977 1030.33264956978
0.388 -8.76288659793815 1021.56976297184
0.397 -1.7632241813602 1019.80653879048
0.385 -15.8441558441558 1003.96238294633
0.412 -9.70873786407767 994.253645082248
0.394 -8.12182741116751 986.13181767108
0.421 -20.1900237529691 965.941793918111
0.401 -15.211970074813 950.729823843298
0.437 0.22883295194508 950.958656795243
0.418 -23.9234449760766 927.035211819167
0.407 -2.21130221130221 924.823909607864
0.383 7.04960835509138 931.873517962956
0.447 -10.9619686800895 920.911549282866
0.408 -7.35294117647059 913.558608106396
0.389 -1.2853470437018 912.273261062694
0.392 -15.3061224489796 896.967138613714
0.434 -8.29493087557604 888.672207738138
0.395 -8.35443037974684 880.317777358391
0.46 -16.5217391304348 863.796038227957
0.443 -4.74040632054176 859.055631907415
0.411 -18.2481751824818 840.807456724933
0.43 -13.0232558139535 827.78420091098
0.369 -14.3631436314363 813.421057279543
0.379 -8.17941952506596 805.241637754477
0.336 -0.595238095238095 804.646399659239
0.37 -5.94594594594595 798.700453713293
0.382 10.4712041884817 809.171657901775
0.433 -9.00692840646651 800.164729495308
0.418 -22.0095693779904 778.155160117318
0.386 -16.0621761658031 762.092983951515
0.404 -2.47524752475248 759.617736426762
0.411 -4.13625304136253 755.4814833854
0.502 -5.97609561752988 749.50538776787
0.382 3.66492146596859 753.170309233839
0.418 -14.3540669856459 738.816242248193
0.418 -15.7894736842105 723.026768563982
0.404 -9.9009900990099 713.125778464972
0.404 -23.2673267326733 689.858451732299
0.437 -21.7391304347826 668.119321297516
0.39 -18.4615384615385 649.657782835978
0.378 -13.2275132275132 636.430269608465
0.408 9.80392156862745 646.234191177092
0.383 -6.00522193211488 640.228969244977
0.322 -4.96894409937888 635.260025145598
0.399 -15.2882205513784 619.97180459422
0.423 -8.74704491725768 611.224759676962
0.48 0.833333333333333 612.058093010295
0.447 10.9619686800895 623.020061690385
0.412 -9.22330097087379 613.796760719511
0.395 -25.0632911392405 588.733469580271
0.466 -23.6051502145923 565.128319365678
0.429 -3.4965034965035 561.631815869175
0.402 -6.96517412935323 554.666641739822
0.426 -0.938967136150235 553.727674603672
0.445 6.06741573033708 559.795090334009
0.444 0 559.795090334009
0.391 -14.0664961636829 545.728594170326
0.382 -14.1361256544503 531.592468515875
0.441 -15.6462585034014 515.946210012474
0.413 -15.2542372881356 500.691972724338
0.406 -5.41871921182266 495.273253512516
0.351 -4.84330484330484 490.429948669211
0.395 -4.81012658227848 485.619822086932
0.461 -17.1366594360087 468.483162650924
0.418 -19.1387559808612 449.344406670063
0.405 -4.19753086419753 445.146875805865
0.412 -12.1359223300971 433.010953475768
0.42 -20.952380952381 412.058572523387
0.404 -8.91089108910891 403.147681434278
0.39 4.1025641025641 407.250245536842
0.354 0 407.250245536842
0.403 -9.67741935483871 397.572826182003
0.348 8.62068965517241 406.193515837176
0.373 -14.2091152815013 391.984400555675
0.381 -7.08661417322835 384.897786382446
0.386 -12.9533678756477 371.944418506799
0.428 -17.2897196261682 354.65469888063
0.378 -5.82010582010582 348.834593060524
0.358 0 348.834593060524
0.337 -10.3857566765579 338.448836383967
0.411 -9.00243309002433 329.446403293942
0.414 -6.28019323671498 323.166210057227
0.423 -9.21985815602837 313.946351901199
0.411 -5.59610705596107 308.350244845238
0.41 -2.92682926829268 305.423415576945
0.397 8.31234256926952 313.735758146215
0.416 8.17307692307692 321.908835069292
0.44 1.36363636363636 323.272471432928
0.418 11.4832535885167 334.755725021445
0.377 23.0769230769231 357.832648098368
0.451 12.6385809312639 370.471229029632
0.426 0.469483568075117 370.940712597707
0.409 2.68948655256724 373.630199150274
0.446 1.34529147982063 374.975490630095
0.469 -0.213219616204691 374.76227101389
0.417 8.39328537170264 383.155556385593
0.39 -6.66666666666667 376.488889718926
0.386 -10.3626943005181 366.126195418408
0.412 -1.45631067961165 364.669884738796
0.394 -4.06091370558376 360.608971033212
0.387 8.01033591731266 368.619306950525
0.44 1.36363636363636 369.982943314161
0.373 -11.5281501340483 358.454793180113
0.367 -2.45231607629428 356.002477103819
0.413 7.02179176755448 363.024268871373
0.407 13.022113022113 376.046381893486
0.43 3.72093023255814 379.767312126045
0.404 5.44554455445545 385.2128566805
0.405 6.17283950617284 391.385696186673
0.375 7.73333333333333 399.119029520006
0.407 -8.5995085995086 390.519520920498
0.449 -6.45879732739421 384.060723593103
0.434 -4.60829493087558 379.452428662228
0.42 -7.61904761904762 371.83338104318
0.427 -6.3231850117096 365.510196031471
0.391 0.255754475703325 365.765950507174
0.414 -5.31400966183575 360.451940845338
0.368 -4.34782608695652 356.104114758382
0.427 -14.7540983606557 341.350016397726
0.421 -0.712589073634204 340.637427324092
0.337 5.6379821958457 346.275409519937
0.43 -2.32558139534884 343.949828124589
0.508 7.8740157480315 351.82384387262
0.481 12.6819126819127 364.505756554533
0.477 -1.46750524109015 363.038251313443
0.444 12.6126126126126 375.650863926055
0.441 6.12244897959184 381.773312905647
0.479 3.96659707724426 385.739909982891
0.458 1.74672489082969 387.486634873721
0.467 10.9207708779443 398.407405751665
0.476 5.46218487394958 403.869590625615
0.463 9.28725701943844 413.156847645053
0.471 5.30785562632696 418.46470327138
0.476 10.5042016806723 428.968904952053
0.481 9.35550935550935 438.324414307562
0.453 -0.22075055187638 438.103663755685
0.476 6.72268907563025 444.826352831316
0.447 9.17225950782998 453.998612339146
0.464 11.6379310344828 465.636543373629
0.457 10.7221006564551 476.358644030084
0.446 8.96860986547085 485.327253895554
0.474 10.126582278481 495.453836174036
0.462 15.1515151515152 510.605351325551
0.479 4.80167014613779 515.407021471688
0.49 11.4285714285714 526.83559290026
0.486 11.1111111111111 537.946704011371
0.462 9.52380952380952 547.470513535181
0.442 -2.71493212669683 544.755581408484
0.465 10.1075268817204 554.863108290204
0.458 5.67685589519651 560.539964185401
0.477 0.628930817610063 561.168895003011
0.461 7.59219088937093 568.761085892382
0.482 7.46887966804979 576.229965560431
0.482 4.9792531120332 581.209218672465
0.469 5.75692963752665 586.966148309991
0.453 3.75275938189845 590.71890769189
0.468 6.83760683760684 597.556514529497
0.446 10.3139013452915 607.870415874788
0.472 8.89830508474576 616.768720959534
0.478 7.53138075313807 624.300101712672
0.45 8.44444444444444 632.744546157116
0.474 9.28270042194093 642.027246579057
0.468 10.6837606837607 652.711007262818
0.482 8.71369294605809 661.424700208876
0.47 10.2127659574468 671.637466166323
0.469 8.74200426439232 680.379470430715
0.462 4.32900432900433 684.708474759719
0.479 7.72442588726514 692.432900646985
0.444 5.85585585585586 698.28875650284
0.467 7.49464668094218 705.783403183783
0.452 0.884955752212389 706.668358935995
0.453 -0.662251655629139 706.006107280366
0.462 2.16450216450216 708.170609444868
0.441 -2.94784580498866 705.222763639879
0.474 -1.68776371308017 703.534999926799
0.436 -2.75229357798165 700.782706348818
0.483 -7.66045548654244 693.122250862275
0.435 2.06896551724138 695.191216379517
0.411 -3.64963503649635 691.54158134302
0.414 -11.1111111111111 680.430470231909
0.362 -8.28729281767956 672.14317741423
0.389 0.77120822622108 672.914385640451
0.386 7.7720207253886 680.686406365839
0.428 14.9532710280374 695.639677393877
0.39 8.2051282051282 703.844805599005
0.391 17.6470588235294 721.491864422534
0.414 12.56038647343 734.052250895964
0.391 8.43989769820972 742.492148594174
0.431 12.7610208816705 755.253169475844
0.408 11.2745098039216 766.527679279766
0.368 15.7608695652174 782.288548844983
0.389 3.34190231362468 785.630451158608
0.377 -3.97877984084881 781.651671317759
0.343 2.04081632653061 783.69248764429
0.398 6.53266331658291 790.225150960873
0.39 -13.8461538461538 776.378997114719
0.442 -8.1447963800905 768.234200734628
0.387 3.87596899224806 772.110169726877
0.396 2.02020202020202 774.130371747078
0.394 -0.50761421319797 773.622757533881
0.382 -7.85340314136126 765.769354392519
0.403 5.70719602977668 771.476550422296
0.401 -0.249376558603491 771.227173863692
0.392 -13.265306122449 757.961867741244
0.42 -6.66666666666667 751.295201074577
0.415 -3.6144578313253 747.680743243252
0.481 -1.45530145530146 746.22544178795
0.457 -3.28227571115974 742.94316607679
0.43 -6.51162790697674 736.431538169814
0.419 -3.10262529832936 733.328912871484
0.395 -8.86075949367089 724.468153377813
0.402 -5.4726368159204 718.995516561893
0.411 3.64963503649635 722.645151598389
0.416 6.25 728.895151598389
0.396 -8.58585858585859 720.309293012531
0.41 -15.609756097561 704.69953691497
0.391 11.5089514066496 716.208488321619
0.39 9.23076923076923 725.439257552389
0.395 4.30379746835443 729.743055020743
0.395 8.35443037974684 738.09748540049
0.401 0.748129675810474 738.8456150763
0.417 7.43405275779376 746.279667834094
0.389 -10.5398457583548 735.739822075739
0.384 -5.20833333333333 730.531488742406
0.362 -0.552486187845304 729.979002554561
0.39 9.23076923076923 739.20977178533
0.436 -2.75229357798165 736.457478207348
0.417 16.0671462829736 752.524624490322
0.438 2.73972602739726 755.264350517719
0.38 2.63157894736842 757.895929465088
0.375 -9.86666666666667 748.029262798421
0.367 0.817438692098093 748.846701490519
0.354 5.08474576271186 753.931447253231
0.334 -1.79640718562874 752.135040067602
0.41 -5.36585365853659 746.769186409065
0.397 -3.27455919395466 743.494627215111
0.394 -12.6903553299492 730.804271885162
0.447 -6.93512304250559 723.869148842656
0.411 -13.8686131386861 710.00053570397
0.372 -8.06451612903226 701.936019574938
0.368 -13.0434782608696 688.892541314068
0.341 -2.63929618768328 686.253245126385
0.32 2.5 688.753245126385
0.364 -18.6813186813187 670.071926445066
0.346 -13.8728323699422 656.199094075124
0.359 -20.3342618384401 635.864832236684
0.416 1.92307692307692 637.787909159761
0.269230769230769 14.2857142857143 652.073623445475
