gc_content gc_skew gc_culm
0.39 -6.66666666666667 -6.66666666666667
0.379 20.3166226912929 13.6499560246262
0.366 15.8469945355191 29.4969505601453
0.343 3.2069970845481 32.7039476446934
0.413 -2.6634382566586 30.0405093880348
0.378 -1.05820105820106 28.9823083298338
0.366 -1.09289617486339 27.8894121549704
0.339 -6.19469026548673 21.6947218894837
0.375 5.6 27.2947218894837
0.445 0.674157303370786 27.9688791928545
0.418 0.478468899521531 28.447348092376
0.41 11.219512195122 39.6668602874979
0.404 -13.8613861386139 25.8054741488841
0.386 5.69948186528497 31.5049560141691
0.372 -2.1505376344086 29.3544183797604
0.377 0.26525198938992 29.6196703691504
0.373 -7.23860589812332 22.381064471027
0.42 -12.8571428571429 9.52392161388419
0.416 -25.4807692307692 -15.956847616885
0.412 -16.504854368932 -32.4617019858171
0.373 -2.41286863270777 -34.8745706185249
0.402 -14.4278606965174 -49.3024313150423
0.432 -6.48148148148148 -55.7839127965238
0.397 -9.82367758186398 -65.6075903783877
0.388 -2.57731958762887 -68.1849099660166
0.397 -3.27455919395466 -71.4594691599713
0.417 -19.4244604316547 -90.8839295916259
0.371 -8.35579514824798 -99.2397247398739
0.38 -4.21052631578947 -103.450251055663
0.429 -4.89510489510489 -108.345355950768
0.426 -14.0845070422535 -122.429862993022
0.418 -5.74162679425837 -128.17148978728
0.412 -0.970873786407767 -129.142363573688
0.373 0.804289544235925 -128.338074029452
0.405 -5.18518518518519 -133.523259214637
0.386 7.25388601036269 -126.269373204275
0.362 5.52486187845304 -120.744511325821
0.357 -17.0868347338936 -137.831346059715
0.388 -5.67010309278351 -143.501449152499
0.361 -1.93905817174515 -145.440507324244
0.382 -16.7539267015707 -162.194434025814
0.425 -1.17647058823529 -163.37090461405
0.421 -5.46318289786223 -168.834087511912
0.448 -4.01785714285714 -172.851944654769
0.475 16.2105263157895 -156.64141833898
0.391 -7.41687979539642 -164.058298134376
0.401 3.74064837905237 -160.317649755324
0.419 -1.67064439140811 -161.988294146732
0.359 18.6629526462396 -143.325341500492
0.345 13.6231884057971 -129.702153094695
0.361 19.1135734072022 -110.588579687493
0.322 0.62111801242236 -109.96746167507
0.342 0.584795321637427 -109.382666353433
0.368 14.1304347826087 -95.2522315708244
0.37 7.56756756756757 -87.6846640032568
0.41 15.1219512195122 -72.5627127837446
0.449 6.01336302895323 -66.5493497547914
0.394 11.6751269035533 -54.8742228512381
0.395 3.79746835443038 -51.0767544968077
0.408 4.41176470588235 -46.6649897909253
0.339 3.83480825958702 -42.8301815313383
0.351 -4.84330484330484 -47.6734863746432
0.37 -1.08108108108108 -48.7545674557243
0.374 9.62566844919786 -39.1288990065264
0.379 -3.43007915567282 -42.5589781621992
0.434 -0.921658986175115 -43.4806371483743
0.422 -16.5876777251185 -60.0683148734928
0.434 3.2258064516129 -56.8425084218799
0.392 -9.18367346938776 -66.0261818912677
0.361 -0.277008310249307 -66.303190201517
0.383 4.43864229765013 -61.8645479038668
0.385 12.2077922077922 -49.6567556960746
0.42 -8.57142857142857 -58.2281842675032
0.401 0.249376558603491 -57.9788077088997
0.395 -7.34177215189873 -65.3205798607984
0.393 -4.83460559796438 -70.1551854587628
0.387 -9.04392764857881 -79.1991131073416
0.394 -11.1675126903553 -90.366625797697
0.414 14.0096618357488 -76.3569639619482
0.394 9.13705583756345 -67.2199081243847
0.414 -5.31400966183575 -72.5339177862205
0.414 -4.34782608695652 -76.881743873177
0.398 5.0251256281407 -71.8566182450363
0.402 8.95522388059701 -62.9013943644393
0.415 1.68674698795181 -61.2146473764875
0.433 7.15935334872979 -54.0552940277577
0.449 2.89532293986637 -51.1599710878913
0.484 2.47933884297521 -48.6806322449161
0.414 3.38164251207729 -45.2989897328388
0.423 5.91016548463357 -39.3888242482052
0.399 14.2857142857143 -25.103109962491
0.395 0.253164556962025 -24.8499454055289
0.402 -6.46766169154229 -31.3176070970712
0.384 8.33333333333333 -22.9842737637379
0.39 -0.512820512820513 -23.4970942765584
0.397 -1.7632241813602 -25.2603184579186
0.389 -1.2853470437018 -26.5456655016204
0.439 7.06150341685649 -19.4841620847639
0.394 14.2131979695431 -5.27096411522075
0.394 -6.5989847715736 -11.8699488867944
0.346 -3.46820809248555 -15.3381569792799
0.373 4.55764075067024 -10.7805162286097
0.389 -3.34190231362468 -14.1224185422343
0.371 -14.8247978436658 -28.9472163859001
0.407 -11.5479115479115 -40.4951279338117
0.431 -13.2250580046404 -53.720185938452
0.387 -8.52713178294574 -62.2473177213978
0.414 -13.0434782608696 -75.2907959822673
0.395 -16.9620253164557 -92.252821298723
0.391 -8.43989769820972 -100.692718996933
0.426 -15.962441314554 -116.655160311487
0.389 -6.426735218509 -123.081895529996
0.386 -1.55440414507772 -124.636299675073
0.364 9.34065934065934 -115.295640334414
0.415 10.8433734939759 -104.452266840438
0.408 3.43137254901961 -101.020894291419
0.434 -2.76497695852535 -103.785871249944
0.485 8.04123711340206 -95.7446341365419
0.433 3.46420323325635 -92.2804309032855
0.473 0.211416490486258 -92.0690144127993
0.445 4.26966292134831 -87.799351491451
0.462 -1.73160173160173 -89.5309532230527
0.449 -0.22271714922049 -89.7536703722732
0.459 0.65359477124183 -89.1000756010313
0.465 -7.95698924731183 -97.0570648483432
0.441 -6.12244897959184 -103.179513827935
0.481 -6.44490644490644 -109.624420272841
0.462 -6.49350649350649 -116.117926766348
0.465 -7.52688172043011 -123.644808486778
0.476 -9.66386554621849 -133.308674032997
0.481 -8.93970893970894 -142.248382972705
0.466 -11.587982832618 -153.836365805324
0.473 -8.24524312896406 -162.081608934288
0.452 -9.29203539823009 -171.373644332518
0.477 -7.33752620545073 -178.711170537968
0.474 -8.0168776371308 -186.728048175099
0.447 -10.5145413870246 -197.242589562124
0.468 -7.26495726495726 -204.507546827081
0.449 -4.67706013363029 -209.184606960711
0.466 -5.15021459227468 -214.334821552986
0.486 -4.11522633744856 -218.450047890435
0.486 -8.23045267489712 -226.680500565332
0.457 -7.65864332603939 -234.339143891371
0.476 -0.840336134453782 -235.179480025825
0.461 -4.98915401301518 -240.16863403884
0.463 -10.5831533477322 -250.751787386572
0.446 1.79372197309417 -248.958065413478
0.463 -7.55939524838013 -256.517460661858
0.482 -11.6182572614108 -268.135717923269
0.492 -12.1951219512195 -280.330839874489
0.477 -4.40251572327044 -284.733355597759
0.463 -14.0388768898488 -298.772232487608
0.472 -12.7118644067797 -311.484096894387
0.449 -6.45879732739421 -317.942894221782
0.453 -11.2582781456954 -329.201172367477
0.465 -11.3978494623656 -340.599021829843
0.448 -9.375 -349.974021829843
0.475 -7.36842105263158 -357.342442882474
0.452 0.442477876106195 -356.899965006368
0.483 -9.3167701863354 -366.216735192703
0.475 -10.3157894736842 -376.532524666388
0.472 -5.50847457627119 -382.040999242659
0.464 -9.91379310344828 -391.954792346107
0.473 -4.86257928118393 -396.817371627291
0.467 -10.0642398286938 -406.881611455985
0.457 -2.40700218818381 -409.288613644169
0.481 -4.36590436590437 -413.654518010073
0.441 -7.02947845804989 -420.683996468123
0.448 -11.6071428571429 -432.291139325266
0.474 1.68776371308017 -430.603375612186
0.481 -13.0977130977131 -443.701088709899
0.505 -6.53465346534653 -450.235742175245
0.435 0.229885057471264 -450.005857117774
0.331 -3.92749244712991 -453.933349564904
0.427 -0.702576112412178 -454.635925677316
0.426 14.5539906103286 -440.081935066987
0.366 5.46448087431694 -434.61745419267
0.419 5.01193317422434 -429.605521018446
0.386 -0.518134715025907 -430.123655733472
0.427 8.66510538641686 -421.458550347055
0.423 4.9645390070922 -416.494011339963
0.432 4.62962962962963 -411.864381710333
0.451 6.43015521064302 -405.43422649969
0.405 8.64197530864197 -396.792251191048
0.378 -6.87830687830688 -403.670558069355
0.401 -5.7356608478803 -409.406218917235
0.409 -6.11246943765281 -415.518688354888
0.425 -3.05882352941176 -418.5775118843
0.408 -13.2352941176471 -431.812806001947
0.416 -6.73076923076923 -438.543575232716
0.366 2.18579234972678 -436.35778288299
0.371 12.1293800539084 -424.228402829081
0.438 -2.28310502283105 -426.511507851912
0.388 -7.21649484536082 -433.728002697273
0.395 3.29113924050633 -430.436863456767
0.414 2.41545893719807 -428.021404519569
0.384 8.85416666666667 -419.167237852902
0.394 7.61421319796954 -411.553024654932
0.413 -9.9273607748184 -421.480385429751
0.467 1.49892933618844 -419.981456093562
0.45 -0.444444444444444 -420.425900538007
0.409 -3.66748166259169 -424.093382200599
0.427 -0.234192037470726 -424.327574238069
0.45 -12.4444444444444 -436.772018682514
0.38 -23.1578947368421 -459.929913419356
0.411 -10.9489051094891 -470.878818528845
0.443 -1.58013544018059 -472.458953969025
0.416 -9.13461538461539 -481.593569353641
0.397 -7.80856423173804 -489.402133585379
0.41 2.4390243902439 -486.963109195135
0.412 6.31067961165049 -480.652429583484
0.426 8.92018779342723 -471.732241790057
0.41 6.34146341463415 -465.390778375423
0.41 8.29268292682927 -457.098095448594
0.343 10.7871720116618 -446.310923436932
0.358 0 -446.310923436932
0.375 5.06666666666667 -441.244256770265
0.43 18.1395348837209 -423.104721886544
0.382 12.0418848167539 -411.062837069791
0.385 8.05194805194805 -403.010889017842
0.371 14.2857142857143 -388.725174732128
0.349 -8.88252148997135 -397.6076962221
0.404 8.91089108910891 -388.696805132991
0.35 -0.571428571428571 -389.268233704419
0.391 -3.32480818414322 -392.593041888562
0.401 8.72817955112219 -383.86486233744
0.423 21.5130023640662 -362.351859973374
0.417 11.7505995203837 -350.60126045299
0.401 3.74064837905237 -346.860612073938
0.415 20 -326.860612073938
0.463 16.6306695464363 -310.229942527502
0.391 5.37084398976982 -304.859098537732
0.356 5.61797752808989 -299.241121009642
0.408 5.88235294117647 -293.358768068466
0.412 14.5631067961165 -278.795661272349
0.438 14.6118721461187 -264.18378912623
0.383 13.3159268929504 -250.86786223328
0.393 17.0483460559796 -233.8195161773
0.441 -0.226757369614512 -234.046273546915
0.445 -6.06741573033708 -240.113689277252
0.429 0.233100233100233 -239.880589044152
0.401 6.23441396508728 -233.646175079064
0.43 3.72093023255814 -229.925244846506
0.462 23.8095238095238 -206.115721036982
0.396 26.2626262626263 -179.853094774356
0.413 8.95883777239709 -170.894257001959
0.445 -10.561797752809 -181.456054754768
0.48 -1.66666666666667 -183.122721421435
0.423 8.274231678487 -174.848489742948
0.406 15.7635467980296 -159.084942944918
0.32 3.75 -155.334942944918
0.378 7.93650793650794 -147.39843500841
0.409 -11.0024449877751 -158.400879996185
0.375 12 -146.400879996185
0.391 20.7161125319693 -125.684767464216
0.44 20.9090909090909 -104.775676555125
0.401 22.6932668329177 -82.0824097222073
0.407 10.5651105651106 -71.5172991570968
0.415 16.144578313253 -55.3727208438437
0.418 11.4832535885167 -43.889467255327
0.383 0.261096605744125 -43.6283706495829
0.501 2.9940119760479 -40.634358673535
0.412 7.76699029126214 -32.8673683822728
0.407 -0.245700245700246 -33.1130686279731
0.387 16.2790697674419 -16.8339988605312
0.415 21.4457831325301 4.6117842719989
0.431 9.04872389791183 13.6605081699107
0.386 -9.84455958549223 3.81594858441851
0.365 9.04109589041096 12.8570444748295
0.336 0 12.8570444748295
0.382 7.32984293193717 20.1868874067666
0.364 15.3846153846154 35.571502791382
0.433 13.1639722863741 48.7354750777562
0.414 16.9082125603865 65.6436876381426
0.441 4.76190476190476 70.4055924000474
0.457 16.4113785557987 86.8169709558461
0.4 9 95.8169709558461
0.433 7.62124711316397 103.43821806901
0.391 15.6010230179028 119.039241086913
0.39 2.05128205128205 121.090523138195
0.401 7.23192019950125 128.322443337696
0.451 9.09090909090909 137.413352428605
0.386 -4.66321243523316 132.750139993372
0.406 1.97044334975369 134.720583343126
0.411 22.6277372262774 157.348320569403
0.444 0.45045045045045 157.798771019854
0.399 16.2907268170426 174.089497836896
0.42 20 194.089497836896
0.396 9.09090909090909 203.180406927805
0.411 10.4622871046229 213.642694032428
0.385 13.7662337662338 227.408927798662
0.402 1.49253731343284 228.901465112095
0.387 9.04392764857881 237.945392760674
0.436 12.8440366972477 250.789429457921
0.453 2.42825607064018 253.217685528561
0.536 4.85074626865672 258.068431797218
0.588 2.38095238095238 260.449384178171
0.588 3.40136054421769 263.850744722388
0.407 15.970515970516 279.821260692904
0.393 10.4325699745547 290.253830667459
0.392 -4.59183673469388 285.661993932765
0.408 -1.96078431372549 283.70120961904
0.382 3.1413612565445 286.842570875584
0.452 10.1769911504425 297.019562026027
0.381 9.71128608923885 306.730848115265
0.386 17.6165803108808 324.347428426146
0.414 6.28019323671498 330.627621662861
0.369 25.7452574525745 356.372879115436
0.391 -5.88235294117647 350.490526174259
0.4 16.5 366.990526174259
0.356 6.17977528089888 373.170301455158
0.417 10.7913669064748 383.961668361633
0.429 10.02331002331 393.984978384943
0.399 9.77443609022556 403.759414475169
0.399 -3.7593984962406 400.000015978928
0.499 7.01402805611222 407.01404403504
0.557 17.7737881508079 424.787832185848
0.421 13.0641330166271 437.851965202475
0.442 15.3846153846154 453.236580587091
0.414 23.1884057971014 476.424986384192
0.405 8.14814814814815 484.57313453234
0.405 -11.1111111111111 473.462023421229
0.498 5.62248995983936 479.084513381068
0.411 11.4355231143552 490.520036495424
0.415 6.02409638554217 496.544132880966
0.416 -0.480769230769231 496.063363650197
0.504 3.57142857142857 499.634792221625
0.403 11.6625310173697 511.297323238995
0.405 2.22222222222222 513.519545461217
0.422 -0.947867298578199 512.571678162639
0.413 -3.14769975786925 509.42397840477
0.454 11.4537444933921 520.877722898162
0.409 4.15647921760391 525.034202115766
0.425 11.0588235294118 536.093025645177
0.429 5.36130536130536 541.454331006483
0.422 6.63507109004739 548.08940209653
0.447 10.0671140939597 558.15651619049
0.423 11.5839243498818 569.740440540372
0.423 19.6217494089835 589.362189949355
0.475 22.5263157894737 611.888505738829
0.404 -0.495049504950495 611.393456233878
0.42 -1.42857142857143 609.964884805307
0.432 25 634.964884805307
0.403 10.1736972704715 645.138582075778
0.396 14.6464646464646 659.785046722243
0.418 9.09090909090909 668.875955813152
0.44 15.4545454545455 684.330501267698
0.502 14.7410358565737 699.071537124271
0.375 14.6666666666667 713.738203790938
0.376 25 738.738203790938
0.398 14.070351758794 752.808555549732
0.322 5.59006211180124 758.398617661533
0.358 16.7597765363128 775.158394197846
0.416 1.92307692307692 777.081471120923
0.368 -1.6304347826087 775.451036338314
0.374 -1.60427807486631 773.846758263448
0.324 6.17283950617284 780.019597769621
0.395 15.9493670886076 795.968964858228
0.371 -8.89487870619946 787.074086152029
0.364 -3.2967032967033 783.777382855326
0.431 3.01624129930394 786.793624154629
0.454 1.76211453744493 788.555738692074
0.404 7.42574257425743 795.981481266332
0.389 12.0822622107969 808.063743477129
0.428 0.467289719626168 808.531033196755
0.385 23.6363636363636 832.167396833119
0.365 -5.20547945205479 826.961917381064
0.398 15.5778894472362 842.5398068283
0.429 15.6177156177156 858.157522446016
0.362 12.1546961325967 870.312218578612
0.36 11.6666666666667 881.978885245279
0.373 2.94906166219839 884.927946907477
0.407 -8.5995085995086 876.328438307969
0.384 14.0625 890.390938307969
0.414 1.93236714975845 892.323305457727
0.388 7.21649484536082 899.539800303088
0.348 -4.59770114942529 894.942099153663
0.392 1.53061224489796 896.472711398561
0.432 15.2777777777778 911.750489176338
0.379 1.31926121372032 913.069750390059
0.432 4.62962962962963 917.699380019688
0.354 11.864406779661 929.563786799349
0.376 6.91489361702128 936.478680416371
0.368 0.543478260869565 937.02215867724
0.411 16.301703163017 953.323861840257
0.412 9.22330097087379 962.547162811131
0.406 24.6305418719212 987.177704683052
0.393 6.36132315521628 993.539027838269
0.423 -2.12765957446809 991.4113682638
0.391 2.30179028132992 993.71315854513
0.438 0 993.71315854513
0.425 10.1176470588235 1003.83080560395
0.413 5.08474576271186 1008.91555136667
0.384 16.1458333333333 1025.0613847
0.405 20.9876543209877 1046.04903902099
0.44 15.9090909090909 1061.95812993008
0.467 1.49892933618844 1063.45705926627
0.436 17.8899082568807 1081.34696752315
0.466 4.72103004291846 1086.06799756607
0.399 14.7869674185464 1100.85496498461
0.405 13.0864197530864 1113.9413847377
0.387 12.6614987080103 1126.60288344571
0.391 6.39386189258312 1132.99674533829
0.421 -3.08788598574822 1129.90885935254
0.41 -4.39024390243902 1125.5186154501
0.374 0.53475935828877 1126.05337480839
0.413 14.7699757869249 1140.82335059532
0.411 8.51581508515815 1149.33916568048
0.403 4.71464019851117 1154.05380587899
0.521 5.56621880998081 1159.62002468897
0.425 7.76470588235294 1167.38473057132
0.421 2.13776722090261 1169.52249779222
0.461 25.8134490238612 1195.33594681608
0.385 2.33766233766234 1197.67360915375
0.413 11.864406779661 1209.53801593341
0.401 8.72817955112219 1218.26619548453
0.378 12.1693121693122 1230.43550765384
0.385 27.7922077922078 1258.22771544605
0.411 13.38199513382 1271.60971057987
0.379 1.31926121372032 1272.92897179359
0.396 11.1111111111111 1284.0400829047
0.358 12.8491620111732 1296.88924491587
0.395 3.29113924050633 1300.18038415638
0.36 0.555555555555556 1300.73593971194
0.334 16.1676646706587 1316.9036043826
0.416 3.36538461538462 1320.26898899798
0.405 -1.72839506172839 1318.54059393625
0.411 10.9489051094891 1329.48949904574
0.415 4.09638554216868 1333.58588458791
0.466 25.7510729613734 1359.33695754928
0.415 13.2530120481928 1372.58996959748
0.425 2.11764705882353 1374.7076166563
0.416 11.0576923076923 1385.76530896399
0.427 12.8805620608899 1398.64587102488
0.412 20.3883495145631 1419.03422053944
0.414 4.83091787439614 1423.86513841384
0.458 -9.17030567685589 1414.69483273698
0.49 5.71428571428571 1420.40911845127
0.474 -1.68776371308017 1418.72135473819
0.49 6.53061224489796 1425.25196698309
0.507 6.90335305719921 1432.15532004029
0.451 10.8647450110865 1443.02006505137
0.428 10.7476635514019 1453.76772860278
0.463 0.215982721382289 1453.98371132416
0.361 -1.38504155124654 1452.59866977291
0.327 4.58715596330275 1457.18582573621
0.467 9.20770877944326 1466.39353451566
0.458 5.67685589519651 1472.07039041085
0.417 7.9136690647482 1479.9840594756
0.401 0.748129675810474 1480.73218915141
0.425 4 1484.73218915141
0.387 4.39276485788114 1489.12495400929
0.394 4.06091370558376 1493.18586771488
0.407 -9.58230958230958 1483.60355813257
0.529 3.21361058601134 1486.81716871858
0.466 1.71673819742489 1488.533906916
0.538 4.08921933085502 1492.62312624686
0.416 12.9807692307692 1505.60389547763
0.418 1.43540669856459 1507.03930217619
0.388 8.76288659793815 1515.80218877413
0.373 8.31099195710456 1524.11318073124
0.376 10.6382978723404 1534.75147860358
0.439 17.0842824601367 1551.83576106371
0.464 5.17241379310345 1557.00817485682
0.492 4.8780487804878 1561.8862236373
0.443 2.48306997742664 1564.36929361473
0.47 7.65957446808511 1572.02886808282
0.464 6.46551724137931 1578.4943853242
0.503 0.596421471172962 1579.09080679537
0.46 6.08695652173913 1585.17776331711
0.44 12.2727272727273 1597.45049058983
0.436 1.37614678899083 1598.82663737883
0.428 9.81308411214953 1608.63972149098
0.442 5.42986425339367 1614.06958574437
0.409 0.733496332518337 1614.80308207689
0.434 10.1382488479263 1624.94133092481
0.452 2.65486725663717 1627.59619818145
0.447 0.671140939597315 1628.26733912105
0.46 -2.17391304347826 1626.09342607757
0.441 2.04081632653061 1628.1342424041
0.351 4.84330484330484 1632.9775472474
0.45 -3.11111111111111 1629.86643613629
0.406 -4.43349753694581 1625.43293859935
0.428 7.00934579439252 1632.44228439374
0.385 3.37662337662338 1635.81890777036
0.435 8.04597701149425 1643.86488478186
0.419 16.4677804295943 1660.33266521145
0.395 9.87341772151899 1670.20608293297
0.423 16.3120567375887 1686.51813967056
0.36 23.3333333333333 1709.85147300389
0.376 13.8297872340426 1723.68126023794
0.39 -1.02564102564103 1722.65561921229
0.372 14.5161290322581 1737.17174824455
0.454 22.0264317180617 1759.19817996261
0.42 12.3809523809524 1771.57913234357
0.454 11.4537444933921 1783.03287683696
0.462 2.5974025974026 1785.63027943436
0.398 1.00502512562814 1786.63530455999
0.468 14.5299145299145 1801.1652190899
0.421 4.51306413301663 1805.67828322292
0.458 13.1004366812227 1818.77871990414
0.435 11.7241379310345 1830.50285783518
0.415 13.7349397590361 1844.23779759421
0.38 4.21052631578947 1848.44832391
0.435 -2.52873563218391 1845.91958827782
0.41 8.78048780487805 1854.7000760827
0.389 2.82776349614396 1857.52783957884
0.37 -6.48648648648649 1851.04135309236
0.386 13.4715025906736 1864.51285568303
0.407 4.66830466830467 1869.18116035133
0.395 3.29113924050633 1872.47229959184
0.387 21.9638242894057 1894.43612388125
0.469 13.8592750533049 1908.29539893455
0.427 14.7540983606557 1923.04949729521
0.429 5.36130536130536 1928.41080265651
0.459 11.5468409586057 1939.95764361512
0.429 8.62470862470862 1948.58235223983
0.328 13.4146341463415 1961.99698638617
0.362 5.52486187845304 1967.52184826462
0.327 15.5963302752294 1983.11817853985
0.423 14.4208037825059 1997.53898232236
0.478 8.78661087866109 2006.32559320102
0.439 -2.0501138952164 2004.2754793058
0.462 4.76190476190476 2009.03738406771
0.472 9.32203389830508 2018.35941796601
0.459 3.7037037037037 2022.06312166971
0.466 1.28755364806867 2023.35067531778
0.428 10.2803738317757 2033.63104914956
0.416 12.0192307692308 2045.65027991879
0.354 12.4293785310734 2058.07965844986
0.509 11.5913555992141 2069.67101404908
0.411 12.8953771289538 2082.56639117803
0.408 12.7450980392157 2095.31148921725
0.425 3.52941176470588 2098.84090098195
0.462 -0.432900432900433 2098.40800054905
0.425 -4.94117647058824 2093.46682407846
0.442 -0.452488687782805 2093.01433539068
0.379 2.37467018469657 2095.38900557538
0.361 18.5595567867036 2113.94856236208
0.414 16.9082125603865 2130.85677492247
0.433 18.7066974595843 2149.56347238205
0.423 -7.80141843971631 2141.76205394234
0.438 15.5251141552511 2157.28716809759
0.399 3.7593984962406 2161.04656659383
0.506 7.11462450592885 2168.16119109976
0.613 2.44698205546493 2170.60817315522
0.338 -1.77514792899408 2168.83302522623
0.366 14.7540983606557 2183.58712358688
0.378 8.994708994709 2192.58183258159
0.371 12.6684636118598 2205.25029619345
0.351 8.83190883190883 2214.08220502536
0.368 14.6739130434783 2228.75611806884
0.353 8.78186968838527 2237.53798775722
0.398 4.02010050251256 2241.55808825974
0.376 12.2340425531915 2253.79213081293
0.371 9.97304582210243 2263.76517663503
0.394 12.6903553299492 2276.45553196498
0.417 17.0263788968825 2293.48191086186
0.379 17.1503957783641 2310.63230664023
0.382 -5.23560209424084 2305.39670454598
0.419 1.67064439140811 2307.06734893739
0.458 4.36681222707424 2311.43416116447
0.44 8.18181818181818 2319.61597934629
0.408 -4.41176470588235 2315.2042146404
0.359 -0.278551532033426 2314.92566310837
0.422 0 2314.92566310837
0.463 -5.83153347732181 2309.09412963105
0.433 2.07852193995381 2311.172651571
0.389 16.7095115681234 2327.88216313913
0.37 20 2347.88216313913
0.336 6.54761904761905 2354.42978218674
0.35 6.85714285714286 2361.28692504389
0.373 2.94906166219839 2364.23598670609
0.357 6.44257703081233 2370.6785637369
0.377 11.9363395225464 2382.61490325944
0.359 23.1197771587744 2405.73468041822
0.359 12.5348189415042 2418.26949935972
0.355 11.5492957746479 2429.81879513437
0.429 -10.02331002331 2419.79548511106
0.379 6.59630606860158 2426.39179117966
0.406 15.2709359605911 2441.66272714025
0.398 -10.0502512562814 2431.61247588397
0.401 9.22693266832918 2440.8394085523
0.489 13.7014314928425 2454.54084004514
0.396 17.6767676767677 2472.21760772191
0.475 20 2492.21760772191
0.452 14.1592920353982 2506.37689975731
0.385 15.8441558441558 2522.22105560147
0.407 -3.19410319410319 2519.02695240736
0.425 20.9411764705882 2539.96812887795
0.38 18.4210526315789 2558.38918150953
0.378 7.93650793650794 2566.32568944604
0.396 14.1414141414141 2580.46710358745
0.413 17.1912832929782 2597.65838688043
0.4 8 2605.65838688043
0.416 -7.21153846153846 2598.44684841889
0.392 7.6530612244898 2606.09990964338
0.397 9.31989924433249 2615.41980888771
0.422 15.6398104265403 2631.05961931425
0.375 23.2 2654.25961931425
0.394 6.09137055837563 2660.35098987263
0.419 2.14797136038186 2662.49896123301
0.387 8.52713178294574 2671.02609301596
0.4 -0.5 2670.52609301596
0.452 -0.442477876106195 2670.08361513985
0.409 19.3154034229829 2689.39901856283
0.42 19.5238095238095 2708.92282808664
0.398 22.1105527638191 2731.03338085046
0.402 0.497512437810945 2731.53089328827
0.418 26.3157894736842 2757.84668276196
0.408 12.2549019607843 2770.10158472274
0.401 13.216957605985 2783.31854232873
0.392 15.3061224489796 2798.62466477771
0.376 17.0212765957447 2815.64594137345
0.387 12.6614987080103 2828.30744008146
0.418 7.6555023923445 2835.96294247381
0.408 4.90196078431373 2840.86490325812
0.402 -1.99004975124378 2838.87485350688
0.45 26.6666666666667 2865.54152017354
0.406 15.2709359605911 2880.81245613413
0.413 26.8765133171913 2907.68896945133
0.414 12.0772946859903 2919.76626413732
0.408 17.6470588235294 2937.41332296084
0.403 14.6401985111663 2952.05352147201
0.391 21.227621483376 2973.28114295539
0.365 14.5205479452055 2987.80169090059
0.379 1.31926121372032 2989.12095211431
0.424 3.77358490566038 2992.89453701997
0.384 7.8125 3000.70703701997
0.365 -3.01369863013699 2997.69333838984
0.417 3.59712230215827 3001.29046069199
0.37 0 3001.29046069199
0.38 1.57894736842105 3002.86940806042
0.392 -0.510204081632653 3002.35920397878
0.427 9.60187353629976 3011.96107751508
0.413 20.5811138014528 3032.54219131654
0.439 24.8291571753986 3057.37134849193
0.419 15.9904534606205 3073.36180195255
0.341 23.1671554252199 3096.52895737777
0.402 5.4726368159204 3102.00159419369
0.356 1.12359550561798 3103.12518969931
0.392 4.59183673469388 3107.71702643401
0.381 3.93700787401575 3111.65403430802
0.434 -1.38248847926267 3110.27154582876
0.42 4.28571428571429 3114.55726011447
0.387 4.39276485788114 3118.95002497236
0.415 4.09638554216868 3123.04641051452
0.389 5.91259640102828 3128.95900691555
0.431 1.62412993039443 3130.58313684595
0.398 1.50753768844221 3132.09067453439
0.438 4.5662100456621 3136.65688458005
0.392 5.10204081632653 3141.75892539638
0.363 5.78512396694215 3147.54404936332
0.416 -8.17307692307692 3139.37097244024
0.523 -11.6634799235182 3127.70749251672
0.481 -8.10810810810811 3119.59938440862
0.409 8.06845965770171 3127.66784406632
0.451 5.09977827050998 3132.76762233683
0.403 -2.23325062034739 3130.53437171648
0.388 3.09278350515464 3133.62715522164
0.473 -1.90274841437632 3131.72440680726
0.371 -7.27762803234501 3124.44677877491
0.407 9.58230958230958 3134.02908835722
0.403 2.72952853598015 3136.7586168932
0.375 5.06666666666667 3141.82528355987
0.369 -4.6070460704607 3137.21823748941
0.345 -11.304347826087 3125.91388966332
0.366 12.0218579234973 3137.93574758682
0.339 5.6047197640118 3143.54046735083
0.299 5.01672240802676 3148.55718975886
0.358 -3.91061452513966 3144.64657523372
0.392 -10.2040816326531 3134.44249360107
0.384 -9.375 3125.06749360107
0.347 1.44092219020173 3126.50841579127
0.39 15.8974358974359 3142.4058516887
0.386 -2.07253886010363 3140.3333128286
0.387 -12.6614987080103 3127.67181412059
0.357 -3.0812324929972 3124.59058162759
0.372 -5.37634408602151 3119.21423754157
0.383 7.04960835509138 3126.26384589666
0.401 2.7431421446384 3129.0069880413
0.396 10.6060606060606 3139.61304864736
0.439 3.87243735763098 3143.48548600499
0.44 14.0909090909091 3157.5763950959
0.4 11 3168.5763950959
0.392 1.02040816326531 3169.59680325917
0.439 7.51708428246014 3177.11388754163
0.433 2.54041570438799 3179.65430324601
0.444 -2.25225225225225 3177.40205099376
0.459 -5.01089324618736 3172.39115774758
0.439 11.1617312072893 3183.55288895486
0.438 7.76255707762557 3191.31544603249
0.403 3.2258064516129 3194.5412524841
0.421 -17.3396674584323 3177.20158502567
0.424 -25.4716981132075 3151.72988691246
0.46 -10.4347826086957 3141.29510430377
0.477 -15.7232704402516 3125.57183386352
0.515 -16.1165048543689 3109.45532900915
0.443 -1.12866817155756 3108.32666083759
0.429 -17.9487179487179 3090.37794288887
0.435 -7.1264367816092 3083.25150610726
0.469 -13.8592750533049 3069.39223105396
0.402 -17.4129353233831 3051.97929573057
0.402 -21.8905472636816 3030.08874846689
0.443 -19.6388261851016 3010.44992228179
0.45 -11.5555555555556 2998.89436672624
0.441 0.226757369614512 2999.12112409585
0.43 0.465116279069767 2999.58624037492
0.408 -8.33333333333333 2991.25290704159
0.431 -20.1856148491879 2971.0672921924
0.429 -31.9347319347319 2939.13256025767
0.446 -17.4887892376682 2921.64377102
0.434 -24.8847926267281 2896.75897839327
0.46 10.8695652173913 2907.62854361066
0.453 8.60927152317881 2916.23781513384
0.403 -12.1588089330025 2904.07900620084
0.336 -17.8571428571429 2886.2218633437
0.473 -20.507399577167 2865.71446376653
0.451 -8.2039911308204 2857.51047263571
0.415 -13.7349397590361 2843.77553287667
0.446 -11.2107623318386 2832.56477054483
0.406 -8.86699507389163 2823.69777547094
0.404 0.99009900990099 2824.68787448084
0.391 3.32480818414322 2828.01268266499
0.401 3.24189526184539 2831.25457792683
0.354 -9.03954802259887 2822.21502990423
0.449 -2.00445434298441 2820.21057556125
0.403 -6.69975186104218 2813.51082370021
0.412 7.28155339805825 2820.79237709826
0.451 -2.4390243902439 2818.35335270802
0.433 6.69745958429561 2825.05081229232
0.346 4.6242774566474 2829.67508974896
0.32 -6.25 2823.42508974896
0.345 2.02898550724638 2825.45407525621
0.35 5.14285714285714 2830.59693239907
0.316 2.53164556962025 2833.12857796869
0.292 -6.84931506849315 2826.27926290019
0.345 -18.2608695652174 2808.01839333498
0.38 -1.05263157894737 2806.96576175603
0.395 1.26582278481013 2808.23158454084
0.399 -6.76691729323308 2801.46466724761
0.312 12.1794871794872 2813.64415442709
0.379 -12.9287598944591 2800.71539453263
0.368 -9.23913043478261 2791.47626409785
0.407 -8.5995085995086 2782.87675549834
0.392 -5.10204081632653 2777.77471468202
0.413 0.242130750605327 2778.01684543262
0.368 -13.0434782608696 2764.97336717175
0.375 -6.66666666666667 2758.30670050509
0.399 4.26065162907268 2762.56735213416
0.38 -0.526315789473684 2762.04103634468
0.401 0.748129675810474 2762.78916602049
0.382 -13.6125654450262 2749.17660057547
0.367 -11.1716621253406 2738.00493845013
0.342 -15.7894736842105 2722.21546476592
0.345 0.289855072463768 2722.50531983838
0.378 -0.529100529100529 2721.97621930928
0.341 -11.4369501466276 2710.53926916265
0.341 -11.4369501466276 2699.10231901603
0.338 -14.792899408284 2684.30941960774
0.364 -9.89010989010989 2674.41930971763
0.41 -9.75609756097561 2664.66321215666
0.425 -19.5294117647059 2645.13380039195
0.391 -17.6470588235294 2627.48674156842
0.38 -3.68421052631579 2623.8025310421
0.362 1.10497237569061 2624.9075034178
0.369 0.813008130081301 2625.72051154788
0.433 -8.54503464203233 2617.17547690584
0.423 -15.839243498818 2601.33623340703
0.45 -20 2581.33623340703
0.407 -22.8501228501229 2558.4861105569
0.434 -23.963133640553 2534.52297691635
0.414 -0.483091787439614 2534.03988512891
0.401 -5.23690773067332 2528.80297739824
0.389 -1.79948586118252 2527.00349153706
0.341 1.46627565982405 2528.46976719688
0.367 -2.99727520435967 2525.47249199252
0.365 -11.7808219178082 2513.69167007471
0.399 -2.25563909774436 2511.43603097697
0.365 -8.49315068493151 2502.94288029204
0.4 7 2509.94288029204
0.365 1.36986301369863 2511.31274330573
0.384 0 2511.31274330573
0.397 -22.9219143576826 2488.39082894805
0.387 -14.2118863049096 2474.17894264314
0.41 -20.9756097560976 2453.20333288704
0.389 -0.77120822622108 2452.43212466082
0.415 3.6144578313253 2456.04658249215
0.428 -20.5607476635514 2435.4858348286
0.411 -10.9489051094891 2424.53692971911
0.486 -10.6995884773663 2413.83734124174
0.428 14.9532710280374 2428.79061226978
0.374 1.60427807486631 2430.39489034465
0.487 -1.02669404517454 2429.36819629947
0.425 -7.29411764705882 2422.07407865241
0.369 -3.5230352303523 2418.55104342206
0.354 3.38983050847458 2421.94087393053
0.379 -13.9841688654354 2407.9567050651
0.375 -0.266666666666667 2407.69003839843
0.4 -5.5 2402.19003839843
0.434 -3.68663594470046 2398.50340245373
0.387 -8.52713178294574 2389.97627067079
0.406 -1.97044334975369 2388.00582732103
0.414 -12.0772946859903 2375.92853263504
0.471 10.4033970276008 2386.33192966264
0.427 -13.8173302107728 2372.51459945187
0.394 -1.52284263959391 2370.99175681228
0.396 -1.01010101010101 2369.98165580218
0.403 -5.70719602977668 2364.2744597724
0.395 -4.30379746835443 2359.97066230404
0.354 -6.21468926553672 2353.75597303851
0.414 -21.256038647343 2332.49993439116
0.411 -9.48905109489051 2323.01088329627
0.424 -2.83018867924528 2320.18069461703
0.384 -17.7083333333333 2302.4723612837
0.437 -18.9931350114416 2283.47922627225
0.393 -9.4147582697201 2274.06446800253
0.33 3.63636363636364 2277.7008316389
0.421 3.08788598574822 2280.78871762465
0.389 -5.39845758354756 2275.3902600411
0.377 -5.03978779840849 2270.35047224269
0.363 3.58126721763085 2273.93173946032
0.37 -1.08108108108108 2272.85065837924
0.365 -1.91780821917808 2270.93285016006
0.389 -4.88431876606684 2266.04853139399
0.345 5.50724637681159 2271.55577777081
0.384 2.60416666666667 2274.15994443747
0.389 4.37017994858612 2278.53012438606
0.355 5.35211267605634 2283.88223706211
0.36 5 2288.88223706211
0.433 1.61662817551963 2290.49886523763
0.467 12.6338329764454 2303.13269821408
0.436 4.12844036697248 2307.26113858105
0.402 -3.48258706467662 2303.77855151638
0.406 -0.492610837438424 2303.28594067894
0.396 3.03030303030303 2306.31624370924
0.399 -2.75689223057644 2303.55935147866
0.43 -13.4883720930233 2290.07097938564
0.433 -10.8545034642032 2279.21647592144
0.403 -17.12158808933 2262.09488783211
0.411 -0.24330900243309 2261.85157882967
0.396 -21.2121212121212 2240.63945761755
0.433 -13.1639722863741 2227.47548533118
0.422 -17.0616113744076 2210.41387395677
0.416 -5.28846153846154 2205.12541241831
0.378 -7.40740740740741 2197.7180050109
0.325 -9.53846153846154 2188.17954347244
0.445 -2.02247191011236 2186.15707156233
0.437 4.80549199084668 2190.96256355318
0.423 -14.8936170212766 2176.0689465319
0.404 -13.3663366336634 2162.70260989824
0.407 -9.58230958230958 2153.12030031593
0.431 -8.12064965197216 2144.99965066395
0.467 -10.4925053533191 2134.50714531063
0.396 -10.6060606060606 2123.90108470457
0.394 -17.7664974619289 2106.13458724265
0.396 -27.7777777777778 2078.35680946487
0.411 -17.7615571776156 2060.59525228725
0.363 -6.33608815426997 2054.25916413298
0.394 -13.7055837563452 2040.55358037664
0.39 -10.7692307692308 2029.78434960741
0.398 -8.5427135678392 2021.24163603957
0.391 -12.5319693094629 2008.7096667301
0.36 5 2013.7096667301
0.397 -10.3274559193955 2003.38221081071
0.427 -7.72833723653396 1995.65387357417
0.373 -8.31099195710456 1987.34288161707
0.409 -5.62347188264059 1981.71940973443
0.438 -16.4383561643836 1965.28105357005
0.441 -17.0068027210884 1948.27425084896
0.403 -21.0918114143921 1927.18243943456
0.423 2.12765957446809 1929.31009900903
0.422 -7.10900473933649 1922.2010942697
0.44 -13.6363636363636 1908.56473063333
0.414 -10.6280193236715 1897.93671130966
0.418 -8.13397129186603 1889.8027400178
0.359 -19.2200557103064 1870.58268430749
0.411 -6.08272506082725 1864.49995924666
0.393 -8.9058524173028 1855.59410682936
0.35 -13.7142857142857 1841.87982111507
0.406 -6.89655172413793 1834.98326939094
0.377 2.38726790450928 1837.37053729544
0.439 4.32801822323462 1841.69855551868
0.376 -1.06382978723404 1840.63472573145
0.401 2.24438902743142 1842.87911475888
0.438 -10.0456621004566 1832.83345265842
0.4 -12 1820.83345265842
0.407 8.5995085995086 1829.43296125793
0.361 0.831024930747922 1830.26398618868
0.365 5.75342465753425 1836.01741084621
0.414 -9.17874396135266 1826.83866688486
0.441 -15.1927437641723 1811.64592312069
0.387 -19.3798449612403 1792.26607815945
0.416 -12.9807692307692 1779.28530892868
0.436 -18.8073394495413 1760.47796947913
0.413 -19.1283292978208 1741.34964018131
0.392 -2.55102040816327 1738.79861977315
0.36 -4.44444444444444 1734.35417532871
0.407 -5.65110565110565 1728.7030696776
0.423 -4.9645390070922 1723.73853067051
0.385 -9.09090909090909 1714.6476215796
0.402 -23.8805970149254 1690.76702456467
0.368 -1.08695652173913 1689.68006804293
0.396 -10.6060606060606 1679.07400743687
0.357 -23.249299719888 1655.82470771699
0.42 -17.1428571428571 1638.68185057413
0.414 6.76328502415459 1645.44513559828
0.387 4.90956072351421 1650.3546963218
0.376 -15.9574468085106 1634.39724951329
0.429 -12.8205128205128 1621.57673669277
0.391 8.43989769820972 1630.01663439098
0.394 -8.12182741116751 1621.89480697982
0.395 -2.27848101265823 1619.61632596716
0.435 -14.4827586206897 1605.13356734647
0.413 -12.8329297820823 1592.30063756439
0.391 -5.88235294117647 1586.41828462321
0.384 -14.0625 1572.35578462321
0.394 -6.5989847715736 1565.75679985164
0.373 -20.6434316353887 1545.11336821625
0.408 -6.86274509803922 1538.25062311821
0.411 3.16301703163017 1541.41364014984
0.373 -10.455764075067 1530.95787607477
0.388 1.54639175257732 1532.50426782735
0.444 -9.00900900900901 1523.49525881834
0.386 7.25388601036269 1530.7491448287
0.36 0.555555555555556 1531.30470038426
0.428 -14.4859813084112 1516.81871907585
0.41 -19.5121951219512 1497.3065239539
0.38 -23.1578947368421 1474.14862921705
0.365 -20 1454.14862921705
0.411 -20.6812652068127 1433.46736401024
0.375 -28 1405.46736401024
0.344 -27.906976744186 1377.56038726605
0.381 -24.9343832020997 1352.62600406396
0.392 -25.5102040816327 1327.11579998232
0.425 -0.235294117647059 1326.88050586468
0.406 0.985221674876847 1327.86572753955
0.395 -26.5822784810127 1301.28344905854
0.43 -30.6976744186047 1270.58577463993
0.416 0.961538461538462 1271.54731310147
0.397 -4.28211586901763 1267.26519723246
0.402 -13.4328358208955 1253.83236141156
0.393 -11.9592875318066 1241.87307387975
0.359 -23.1197771587744 1218.75329672098
0.379 -7.12401055408971 1211.62928616689
0.377 12.9973474801061 1224.626633647
0.395 18.9873417721519 1243.61397541915
0.445 -2.47191011235955 1241.14206530679
0.406 -10.3448275862069 1230.79723772058
0.406 -15.7635467980296 1215.03369092255
0.375 -4.53333333333333 1210.50035758922
0.407 -20.8845208845209 1189.6158367047
0.386 -18.6528497409326 1170.96298696376
0.435 3.90804597701149 1174.87103294078
0.404 9.40594059405941 1184.27697353484
0.387 5.42635658914729 1189.70333012398
0.398 -6.53266331658291 1183.1706668074
0.378 -14.8148148148148 1168.35585199259
0.367 -13.3514986376022 1155.00435335498
0.381 0.78740157480315 1155.79175492979
0.379 0.263852242744063 1156.05560717253
0.334 1.19760479041916 1157.25321196295
0.375 -1.86666666666667 1155.38654529628
0.319 -17.2413793103448 1138.14516598594
0.339 -16.8141592920354 1121.3310066939
0.37 3.78378378378378 1125.11479047769
0.392 10.2040816326531 1135.31887211034
0.368 9.23913043478261 1144.55800254512
0.375 -0.266666666666667 1144.29133587846
0.379 -7.65171503957784 1136.63962083888
0.367 -0.817438692098093 1135.82218214678
0.422 -3.7914691943128 1132.03071295247
0.353 -3.68271954674221 1128.34799340572
0.405 -9.1358024691358 1119.21219093659
0.347 -4.89913544668588 1114.3130554899
0.353 -18.9801699716714 1095.33288551823
0.385 -14.8051948051948 1080.52769071304
0.394 -20.3045685279188 1060.22312218512
0.399 -19.2982456140351 1040.92487657108
0.41 -12.1951219512195 1028.72975461986
0.408 -9.80392156862745 1018.92583305124
0.404 -22.7722772277228 996.153555823513
0.337 9.79228486646884 1005.94584068998
0.325 10.1538461538462 1016.09968684383
0.438 12.7853881278539 1028.88507497168
0.373 -10.455764075067 1018.42931089661
0.415 -16.6265060240964 1001.80280487252
0.404 -14.8514851485149 986.951319724003
0.346 -13.2947976878613 973.656522036142
0.412 -20.873786407767 952.782735628375
0.435 -15.8620689655172 936.920666662858
0.375 -11.4666666666667 925.453999996191
0.398 -1.00502512562814 924.448974870563
0.421 5.46318289786223 929.912157768425
0.41 -8.78048780487805 921.131669963547
0.4 -5.5 915.631669963547
0.382 -2.61780104712042 913.013868916427
0.399 -11.2781954887218 901.735673427705
0.397 -8.81612090680101 892.919552520904
0.396 -9.09090909090909 883.828643429995
0.397 -14.8614609571788 868.967182472816
0.411 -13.8686131386861 855.09856933413
0.389 -8.48329048843188 846.615278845698
0.41 -6.82926829268293 839.786010553015
0.406 -9.35960591133005 830.426404641685
0.396 -20.7070707070707 809.719333934614
0.351 -1.99430199430199 807.725031940313
0.349 -6.59025787965616 801.134774060656
0.366 -23.4972677595628 777.637506301094
0.437 -14.8741418764302 762.763364424663
0.375 -13.0666666666667 749.696697757997
0.373 -5.63002680965147 744.066670948345
0.362 -13.2596685082873 730.807002440058
0.374 -11.7647058823529 719.042296557705
0.391 13.5549872122762 732.597283769981
0.375 6.66666666666667 739.263950436648
0.416 -21.1538461538462 718.110104282802
0.394 5.58375634517767 723.693860627979
0.408 -10.7843137254902 712.909546902489
0.394 -2.03045685279188 710.879090049697
0.394 -14.2131979695431 696.665892080154
0.408 -19.6078431372549 677.058048942899
0.358 -20.6703910614525 656.387657881447
0.367 -12.2615803814714 644.126077499975
0.336 4.76190476190476 648.88798226188
0.329 -10.6382978723404 638.24968438954
0.36 -8.33333333333333 629.916351056206
0.368 0 629.916351056206
0.374 -1.60427807486631 628.31207298134
0.347 -6.05187319884726 622.260199782493
0.399 -12.781954887218 609.478244895275
0.414 5.79710144927536 615.27534634455
0.398 14.070351758794 629.345698103344
0.403 11.166253101737 640.511951205081
0.4 7.5 648.011951205081
0.399 18.796992481203 666.808943686284
0.36 19.4444444444444 686.253388130728
0.352 9.09090909090909 695.344297221638
0.382 17.2774869109948 712.621784132632
0.462 6.49350649350649 719.115290626139
0.367 -0.817438692098093 718.297851934041
0.353 3.11614730878187 721.413999242823
0.359 7.52089136490251 728.934890607725
0.359 13.6490250696379 742.583915677363
0.381 -7.08661417322835 735.497301504135
0.373 -11.5281501340483 723.969151370086
0.403 -6.20347394540943 717.765677424677
0.405 -10.6172839506173 707.14839347406
0.385 -2.33766233766234 704.810731136397
0.392 -2.04081632653061 702.769914809867
0.358 -11.1731843575419 691.596730452325
0.393 -13.9949109414758 677.601819510849
0.398 -9.04522613065327 668.556593380196
0.402 -12.9353233830846 655.621269997111
0.361 -5.81717451523546 649.804095481876
0.35 -18.2857142857143 631.518381196161
0.329 3.34346504559271 634.861846241754
0.372 5.37634408602151 640.238190327776
0.399 -0.75187969924812 639.486310628527
0.364 -10.4395604395604 629.046750188967
0.385 -16.8831168831169 612.16363330585
0.399 -10.2756892230576 601.887944082793
0.355 -0.28169014084507 601.606253941947
0.422 -7.10900473933649 594.497249202611
0.395 -6.83544303797468 587.661806164636
0.386 -9.32642487046632 578.33538129417
0.399 8.27067669172932 586.606057985899
0.381 -17.5853018372703 569.020756148629
0.38 5.78947368421053 574.810229832839
0.431 -20.6496519721578 554.160577860682
0.42 -20.4761904761905 533.684387384491
0.405 0.246913580246914 533.931300964738
0.409 4.15647921760391 538.087780182342
0.446 -13.4529147982063 524.634865384136
0.422 -11.8483412322275 512.786524151908
0.363 -15.1515151515152 497.635009000393
0.373 -2.94906166219839 494.685947338195
0.366 -3.27868852459016 491.407258813605
0.357 7.00280112044818 498.410059934053
0.376 21.8085106382979 520.218570572351
0.39 7.17948717948718 527.398057751838
0.38 -5.78947368421053 521.608584067627
0.346 -1.73410404624277 519.874480021385
0.392 -13.265306122449 506.609173898936
0.36 5.55555555555556 512.164729454491
0.369 -3.5230352303523 508.641694224139
0.37 -4.86486486486486 503.776829359274
0.347 -8.35734870317003 495.419480656104
0.386 -9.32642487046632 486.093055785638
0.385 -1.81818181818182 484.274873967456
0.363 4.6831955922865 488.958069559742
0.373 -9.38337801608579 479.574691543656
0.366 -8.7431693989071 470.831522144749
0.35 -18.8571428571429 451.974379287606
0.392 3.57142857142857 455.545807859035
0.359 -4.17827298050139 451.367534878534
0.352 -14.7727272727273 436.594807605806
0.37 -17.8378378378378 418.756969767969
0.337 -3.26409495548961 415.492874812479
0.379 -6.59630606860158 408.896568743877
0.349 8.88252148997135 417.779090233849
0.353 -5.94900849858357 411.830081735265
0.376 -27.6595744680851 384.17050726718
0.366 2.18579234972678 386.356299616907
0.345 -4.34782608695652 382.00847352995
0.386 -7.25388601036269 374.754587519588
0.388 -5.15463917525773 369.59994834433
0.346 -3.46820809248555 366.131740251844
0.362 -13.2596685082873 352.872071743557
0.363 -6.33608815426997 346.535983589287
0.371 -7.27762803234501 339.258355556942
0.363 -4.13223140495868 335.126124151983
0.36 -8.88888888888889 326.237235263094
0.361 -9.14127423822715 317.095961024867
0.367 -12.8065395095368 304.289421515331
0.332 7.2289156626506 311.518337177981
0.372 -1.61290322580645 309.905433952175
0.347 -7.20461095100865 302.700823001166
0.361 -14.1274238227147 288.573399178451
0.382 -12.565445026178 276.007954152273
0.395 -22.5316455696203 253.476308582653
0.366 -12.568306010929 240.908002571724
0.332 -7.2289156626506 233.679086909074
0.391 -13.0434782608696 220.635608648204
0.375 -4.53333333333333 216.102275314871
0.366 0 216.102275314871
0.325 -13.8461538461538 202.256121468717
0.356 -17.4157303370787 184.840391131638
0.333 -19.5195195195195 165.320871612119
0.286 9.79020979020979 175.111081402328
0.295 -11.1864406779661 163.924640724362
0.328 -17.6829268292683 146.241713895094
0.341 -4.39882697947214 141.842886915622
0.326 -7.97546012269939 133.867426792922
0.299 -5.01672240802676 128.850704384896
0.293 -12.6279863481229 116.222718036773
0.35 -13.7142857142857 102.508432322487
0.331 -21.4501510574018 81.0582812650853
0.383 -7.57180156657963 73.4864796985057
0.38 -6.84210526315789 66.6443744353478
0.378 0 66.6443744353478
0.4 -14 52.6443744353478
0.38 -26.8421052631579 25.8022691721899
0.375 4 29.8022691721899
0.431 -6.72853828306264 23.0737308891273
0.371 2.42587601078167 25.4996068999089
0.384 -10.4166666666667 15.0829402332423
0.393 -5.34351145038168 9.73942878286058
0.356 -17.4157303370787 -7.67630155421807
0.364 -21.978021978022 -29.65432353224
0.402 -11.4427860696517 -41.0971096018918
0.412 -13.1067961165049 -54.2039057183966
0.418 -20.5741626794258 -74.7780683978225
0.407 -6.63390663390663 -81.4119750317291
0.43 -12.093023255814 -93.5049982875431
0.445 -7.86516853932584 -101.370166826869
0.423 -18.2033096926714 -119.57347651954
0.433 -14.5496535796767 -134.123130099217
0.389 -4.88431876606684 -139.007448865284
0.418 -11.4832535885167 -150.490702453801
0.401 -10.7231920199501 -161.213894473751
0.454 -21.1453744493392 -182.35926892309
0.433 -22.4018475750577 -204.761116498148
0.406 -4.92610837438424 -209.687224872532
0.367 -1.36239782016349 -211.049622692695
0.351 -4.27350427350427 -215.3231269662
0.402 -15.4228855721393 -230.746012538339
0.411 -14.8418491484185 -245.587861686757
0.411 -12.8953771289538 -258.483238815711
0.473 -16.2790697674419 -274.762308583153
0.457 -1.09409190371991 -275.856400486873
0.417 -15.5875299760192 -291.443930462892
0.436 -20.1834862385321 -311.627416701424
0.455 -6.81318681318681 -318.440603514611
0.426 -18.7793427230047 -337.219946237616
0.389 -16.7095115681234 -353.929457805739
0.403 -12.6550868486352 -366.584544654374
0.406 1.47783251231527 -365.106712142059
0.393 0.763358778625954 -364.343353363433
0.398 2.01005025125628 -362.333303112177
0.459 -14.5969498910675 -376.930253003244
0.432 -19.9074074074074 -396.837660410652
0.414 -7.72946859903382 -404.567129009686
0.378 -2.11640211640212 -406.683531126088
0.352 -8.52272727272727 -415.206258398815
0.361 0.277008310249307 -414.929250088566
0.386 -19.1709844559585 -434.100234544524
0.373 -10.9919571045576 -445.092191649082
0.39 -19.4871794871795 -464.579371136261
0.426 -14.5539906103286 -479.13336174659
0.391 -8.43989769820972 -487.5732594448
0.402 2.98507462686567 -484.588184817934
0.368 -10.8695652173913 -495.457750035325
0.435 -1.60919540229885 -497.066945437624
0.359 4.17827298050139 -492.888672457123
0.353 -13.314447592068 -506.203120049191
0.376 5.31914893617021 -500.883971113021
0.345 2.60869565217391 -498.275275460847
0.357 1.40056022408964 -496.874715236757
0.343 1.45772594752187 -495.416989289235
0.351 -4.84330484330484 -500.26029413254
0.367 -3.54223433242507 -503.802528464965
0.355 -4.7887323943662 -508.591260859331
0.317 -8.51735015772871 -517.10861101706
0.31 -14.1935483870968 -531.302159404157
0.315 -4.76190476190476 -536.064064166062
0.364 -15.3846153846154 -551.448679550677
0.331 -14.1993957703927 -565.64807532107
0.345 -11.8840579710145 -577.532133292084
0.334 -11.377245508982 -588.909378801066
0.361 1.93905817174515 -586.970320629321
0.334 5.38922155688623 -581.581099072435
0.328 3.04878048780488 -578.53231858463
0.316 -4.43037974683544 -582.962698331465
0.345 -4.34782608695652 -587.310524418422
0.366 8.7431693989071 -578.567355019515
0.349 -10.6017191977077 -589.169074217223
0.319 8.46394984326019 -580.705124373962
0.378 -14.2857142857143 -594.990838659677
0.382 10.4712041884817 -584.519634471195
0.371 4.04312668463612 -580.476507786559
0.377 -5.57029177718833 -586.046799563747
0.391 -3.32480818414322 -589.37160774789
0.355 -7.6056338028169 -596.977241550707
0.344 -4.06976744186047 -601.047008992568
0.347 4.89913544668588 -596.147873545882
0.346 0 -596.147873545882
0.339 -6.19469026548673 -602.342563811369
0.342 -7.60233918128655 -609.944902992655
0.349 -20.9169054441261 -630.861808436781
0.363 1.37741046831956 -629.484397968462
0.355 -9.29577464788732 -638.780172616349
0.336 -6.54761904761905 -645.327791663968
0.338 7.69230769230769 -637.63548397166
0.338 2.9585798816568 -634.676904090004
0.354 -0.564971751412429 -635.241875841416
0.39 -7.17948717948718 -642.421363020903
0.432 -7.40740740740741 -649.828770428311
0.436 1.37614678899083 -648.45262363932
0.383 -9.13838120104439 -657.591004840364
0.457 -1.53172866520788 -659.122733505572
0.344 16.8604651162791 -642.262268389293
0.396 3.03030303030303 -639.23196535899
0.399 0.25062656641604 -638.981338792574
0.428 -2.33644859813084 -641.317787390705
0.424 11.7924528301887 -629.525334560516
0.4 8 -621.525334560516
0.411 6.56934306569343 -614.955991494823
0.416 10.0961538461538 -604.859837648669
0.456 1.75438596491228 -603.105451683757
0.376 5.85106382978723 -597.254387853969
0.398 2.01005025125628 -595.244337602713
0.437 -10.7551487414188 -605.999486344132
0.433 4.84988452655889 -601.149601817573
0.409 8.55745721271394 -592.592144604859
0.422 -1.4218009478673 -594.013945552726
0.416 -8.17307692307692 -602.187022475803
0.419 -9.30787589498807 -611.494898370791
0.442 -15.3846153846154 -626.879513755407
0.383 -3.39425587467363 -630.27376963008
0.374 2.67379679144385 -627.599972838636
0.379 1.31926121372032 -626.280711624916
0.419 -2.14797136038186 -628.428682985298
0.425 -16.2352941176471 -644.663977102945
0.409 3.17848410757946 -641.485492995366
0.43 0.465116279069767 -641.020376716296
0.418 -11.4832535885167 -652.503630304813
0.428 -6.54205607476636 -659.045686379579
0.442 -4.97737556561086 -664.02306194519
0.471 6.58174097664544 -657.441320968544
0.43 9.76744186046512 -647.673879108079
0.401 -0.748129675810474 -648.42200878389
0.327 -3.36391437308869 -651.785923156978
0.428 11.214953271028 -640.57096988595
0.386 16.580310880829 -623.990659005121
0.381 -0.78740157480315 -624.778060579924
0.334 -4.79041916167665 -629.568479741601
0.38 -2.63157894736842 -632.20005868897
0.38 -20 -652.20005868897
0.367816091954023 -13.8888888888889 -666.088947577858
