gc_content gc_skew gc_culm
0.488 0 0
0.519 10.9826589595376 10.9826589595376
0.476 -2.52100840336134 8.46165055617623
0.429 3.4965034965035 11.9581540526797
0.494 13.3603238866397 25.3184779393194
0.487 11.2936344969199 36.6121124362393
0.494 6.47773279352227 43.0898452297616
0.506 11.4624505928854 54.552295822647
0.515 7.96116504854369 62.5134608711907
0.504 1.98412698412698 64.4975878553176
0.515 4.85436893203883 69.3519567873565
0.502 4.7808764940239 74.1328332813804
0.446 1.79372197309417 75.9265552544746
0.464 3.44827586206897 79.3748311165435
0.496 6.85483870967742 86.2296698262209
0.526 5.70342205323194 91.9330918794529
0.514 -0.389105058365759 91.5439868210871
0.526 0 91.5439868210871
0.523 11.6634799235182 103.207466744605
0.487 0.205338809034908 103.41280555364
0.527 8.15939278937381 111.572198343014
0.519 3.27552986512524 114.847728208139
0.476 10.9243697478992 125.772097956038
0.524 1.90839694656489 127.680494902603
0.514 15.9533073929961 143.633802295599
0.507 7.69230769230769 151.326109987907
0.552 6.88405797101449 158.210167958922
0.538 10.4089219330855 168.619089892007
0.519 10.597302504817 179.216392396824
0.481 12.2661122661123 191.482504662936
0.499 7.41482965931864 198.897334322255
0.45 7.55555555555556 206.45288987781
0.492 -2.4390243902439 204.013865487567
0.479 7.72442588726514 211.738291374832
0.513 7.99220272904483 219.730494103877
0.478 3.34728033472803 223.077774438605
0.494 8.90688259109312 231.984657029698
0.516 12.7906976744186 244.775354704116
0.489 1.43149284253579 246.206847546652
0.537 -4.28305400372439 241.923793542928
0.54 1.48148148148148 243.405275024409
0.489 5.11247443762781 248.517749462037
0.512 -7.03125 241.486499462037
0.548 -2.18978102189781 239.296718440139
0.463 -3.23974082073434 236.056977619405
0.552 8.69565217391304 244.752629793318
0.535 1.68224299065421 246.434872783972
0.545 -6.42201834862385 240.012854435348
0.552 -0.72463768115942 239.288216754189
0.528 -0.378787878787879 238.909428875401
0.555 6.30630630630631 245.215735181707
0.476 1.26050420168067 246.476239383388
0.462 3.8961038961039 250.372343279492
0.532 6.39097744360902 256.763320723101
0.501 8.98203592814371 265.745356651245
0.479 3.54906054279749 269.294417194042
0.495 5.85858585858586 275.153003052628
0.503 4.57256461232604 279.725567664954
0.527 8.53889943074004 288.264467095694
0.478 7.53138075313807 295.795847848832
0.487 10.0616016427105 305.857449491543
0.489 13.2924335378323 319.149883029375
0.519 10.597302504817 329.747185534192
0.486 5.76131687242798 335.50850240662
0.488 3.27868852459016 338.78719093121
0.467 10.4925053533191 349.279696284529
0.497 1.81086519114688 351.090561475676
0.518 -0.772200772200772 350.318360703475
0.513 4.48343079922027 354.801791502695
0.507 1.77514792899408 356.576939431689
0.491 -0.610997963340122 355.965941468349
0.51 7.84313725490196 363.809078723251
0.484 4.54545454545455 368.354533268706
0.514 1.55642023346304 369.910953502169
0.483 8.90269151138716 378.813645013556
0.552 1.81159420289855 380.625239216455
0.537 15.0837988826816 395.709038099136
0.519 11.3680154142582 407.077053513394
0.517 4.83558994197292 411.912643455367
0.49 2.85714285714286 414.76978631251
0.514 1.16731517509728 415.937101487607
0.499 -1.00200400801603 414.935097479591
0.485 8.45360824742268 423.388705727014
0.464 3.44827586206897 426.836981589083
0.485 8.45360824742268 435.290589836506
0.476 6.30252100840336 441.593110844909
0.491 -3.46232179226069 438.130789052648
0.493 0.202839756592292 438.333628809241
0.469 5.75692963752665 444.090558446767
0.494 6.88259109311741 450.973149539885
0.515 6.01941747572816 456.992567015613
0.525 14.6666666666667 471.65923368228
0.494 4.45344129554656 476.112674977826
0.49 5.71428571428571 481.826960692112
0.472 8.89830508474576 490.725265776858
0.517 5.22243713733075 495.947702914188
0.517 10.6382978723404 506.586000786529
0.493 6.28803245436105 512.87403324089
0.508 6.69291338582677 519.566946626717
0.498 -2.40963855421687 517.1573080725
0.502 0.398406374501992 517.555714447002
0.493 -4.25963488843813 513.296079558564
0.497 -1.00603621730382 512.29004334126
0.501 -0.598802395209581 511.69124094605
0.494 -0.404858299595142 511.286382646455
0.522 -1.53256704980843 509.753815596647
0.478 2.09205020920502 511.845865805852
0.495 6.66666666666667 518.512532472518
0.48 8.75 527.262532472518
0.47 6.38297872340426 533.645511195923
0.473 9.09090909090909 542.736420286832
0.49 8.97959183673469 551.716012123566
0.485 3.09278350515464 554.808795628721
0.52 -5.76923076923077 549.03956485949
0.517 -2.90135396518375 546.138210894306
0.511 7.24070450097847 553.378915395285
0.513 6.4327485380117 559.811663933297
0.535 3.17757009345794 562.989234026755
0.481 1.45530145530146 564.444535482056
0.537 0.186219739292365 564.630755221348
0.48 6.25 570.880755221348
0.463 -0.215982721382289 570.664772499966
0.53 7.92452830188679 578.589300801853
0.516 8.52713178294574 587.116432584799
0.492 3.65853658536585 590.774969170164
0.469 6.18336886993603 596.958338040101
0.487 8.41889117043121 605.377229210532
0.478 6.27615062761506 611.653379838147
0.464 13.3620689655172 625.015448803664
0.514 15.5642023346303 640.579651138294
0.511 -8.80626223091977 631.773388907375
0.502 -1.59362549800797 630.179763409367
0.489 8.38445807770961 638.564221487076
0.502 5.57768924302789 644.141910730104
0.473 4.0169133192389 648.158824049343
0.525 -0.571428571428571 647.587395477914
0.417 9.83213429256595 657.41952977048
0.446 10.3139013452915 667.733431115772
0.494 6.47773279352227 674.211163909294
0.492 -5.28455284552845 668.926611063766
0.441 -1.13378684807256 667.792824215693
0.425 6.82352941176471 674.616353627458
0.39 -4.61538461538461 670.000969012073
0.436 -8.25688073394495 661.744088278128
0.495 -9.09090909090909 652.653179187219
0.422 15.6398104265403 668.292989613759
0.394 3.55329949238579 671.846289106145
0.456 6.14035087719298 677.986639983338
0.4 5 682.986639983338
0.427 5.3864168618267 688.373056845165
0.384 4.6875 693.060556845165
0.389 6.94087403598972 700.001430881155
0.407 3.19410319410319 703.195534075258
0.438 -1.82648401826484 701.369050056993
0.504 11.1111111111111 712.480161168104
0.526 11.4068441064639 723.887005274568
0.515 6.79611650485437 730.683121779422
0.507 4.14201183431953 734.825133613742
0.416 6.25 741.075133613742
0.505 -8.11881188118812 732.956321732554
0.492 2.03252032520325 734.988842057757
0.5 1.2 736.188842057757
0.477 3.56394129979036 739.752783357547
0.476 7.14285714285714 746.895640500405
0.445 5.1685393258427 752.064179826247
0.517 8.70406189555126 760.768241721799
0.511 2.5440313111546 763.312273032953
0.48 9.58333333333333 772.895606366286
0.484 -7.02479338842975 765.870812977857
0.489 -0.204498977505112 765.666314000352
0.491 11.6089613034623 777.275275303814
0.522 -2.68199233716475 774.593282966649
0.508 5.90551181102362 780.498794777673
0.447 2.9082774049217 783.407072182594
0.49 0 783.407072182594
0.465 -9.24731182795699 774.159760354637
0.478 -0.836820083682008 773.322940270955
0.486 6.99588477366255 780.318825044618
0.499 15.0300601202405 795.348885164859
0.494 3.23886639676113 798.58775156162
0.491 1.0183299389002 799.60608150052
0.553 8.1374321880651 807.743513688585
0.483 -6.41821946169772 801.325294226887
0.486 3.7037037037037 805.028997930591
0.471 13.8004246284501 818.829422559041
0.473 5.70824524312896 824.53766780217
0.475 9.89473684210526 834.432404644275
0.507 0.986193293885602 835.418597938161
0.497 1.00603621730382 836.424634155465
0.513 -1.75438596491228 834.670248190552
0.539 0.556586270871985 835.226834461424
0.548 5.47445255474453 840.701287016169
0.539 5.38033395176252 846.081620967931
0.522 9.19540229885057 855.277023266782
0.512 9.765625 865.042648266782
0.523 12.0458891013384 877.08853736812
0.485 10.1030927835052 887.191630151626
0.501 13.7724550898204 900.964085241446
0.515 8.3495145631068 909.313599804553
0.491 -1.0183299389002 908.295269865653
0.52 3.07692307692308 911.372192942576
0.469 4.90405117270789 916.276244115283
0.441 10.2040816326531 926.480325747937
0.529 6.23818525519849 932.718511003135
0.507 -2.16962524654832 930.548885756587
0.527 7.02087286527514 937.569758621862
0.493 6.69371196754564 944.263470589407
0.499 5.01002004008016 949.273490629488
0.509 8.05500982318271 957.32850045267
0.521 0.959692898272553 958.288193350943
0.518 4.63320463320463 962.921397984148
0.505 2.17821782178218 965.09961580593
0.51 13.7254901960784 978.825106002008
0.51 10.5882352941176 989.413341296126
0.512 9.375 998.788341296126
0.495 9.09090909090909 1007.87925038703
0.462 2.16450216450216 1010.04375255154
0.502 15.9362549800797 1025.98000753162
0.543 12.707182320442 1038.68718985206
0.528 5.68181818181818 1044.36900803388
0.519 6.35838150289017 1050.72738953677
0.503 12.9224652087475 1063.64985474551
0.459 5.44662309368192 1069.0964778392
0.511 10.7632093933464 1079.85968723254
0.51 10.9803921568627 1090.84007938941
0.51 17.2549019607843 1108.09498135019
0.501 5.38922155688623 1113.48420290708
0.477 11.5303983228512 1125.01460122993
0.45 1.77777777777778 1126.79237900771
0.503 3.37972166998012 1130.17210067769
0.437 1.1441647597254 1131.31626543741
0.461 11.9305856832972 1143.24685112071
0.5 -4 1139.24685112071
0.525 10.0952380952381 1149.34208921595
0.513 4.09356725146199 1153.43565646741
0.492 5.69105691056911 1159.12671337798
0.494 -9.7165991902834 1149.41011418769
0.475 7.78947368421053 1157.1995878719
0.487 6.36550308008214 1163.56509095199
0.506 8.69565217391304 1172.2607431259
0.491 12.0162932790224 1184.27703640492
0.532 13.5338345864662 1197.81087099139
0.524 3.43511450381679 1201.2459854952
0.531 13.7476459510358 1214.99363144624
0.557 5.2064631956912 1220.20009464193
0.513 9.94152046783626 1230.14161510977
0.488 13.1147540983607 1243.25636920813
0.484 18.595041322314 1261.85141053044
0.488 12.7049180327869 1274.55632856323
0.494 6.47773279352227 1281.03406135675
0.506 12.6482213438735 1293.68228270063
0.524 10.6870229007634 1304.36930560139
0.503 15.3081510934394 1319.67745669483
0.504 9.92063492063492 1329.59809161546
0.512 3.125 1332.72309161546
0.488 5.73770491803279 1338.4607965335
0.479 -0.208768267223382 1338.25202826627
0.496 11.6935483870968 1349.94557665337
0.537 12.4767225325885 1362.42229918596
0.536 17.5373134328358 1379.95961261879
0.469 -1.06609808102345 1378.89351453777
0.492 3.2520325203252 1382.1455470581
0.477 -1.46750524109015 1380.678041817
0.545 3.11926605504587 1383.79730787205
0.536 -0.373134328358209 1383.42417354369
0.599 7.51252086811352 1390.93669441181
0.523 3.63288718929254 1394.5695816011
0.563 3.01953818827709 1397.58911978938
0.526 7.98479087452472 1405.5739106639
0.516 3.10077519379845 1408.6746858577
0.473 9.09090909090909 1417.76559494861
0.527 0.94876660341556 1418.71436155202
0.499 0.601202404809619 1419.31556395683
0.519 -0.192678227360308 1419.12288572947
0.539 7.23562152133581 1426.35850725081
0.532 -2.63157894736842 1423.72692830344
0.515 5.63106796116505 1429.35799626461
0.526 7.98479087452472 1437.34278713913
0.53 8.67924528301887 1446.02203242215
0.535 -2.80373831775701 1443.21829410439
0.526 7.98479087452472 1451.20308497892
0.564 7.09219858156028 1458.29528356048
0.529 0.56710775047259 1458.86239131095
0.485 6.39175257731959 1465.25414388827
0.524 4.19847328244275 1469.45261717071
0.531 -3.2015065913371 1466.25111057937
0.473 -3.17124735729387 1463.07986322208
0.46 9.1304347826087 1472.21029800469
0.453 2.86975717439294 1475.08005517908
0.51 12.9411764705882 1488.02123164967
0.543 6.07734806629834 1494.09857971597
0.521 0.191938579654511 1494.29051829562
0.503 2.5844930417495 1496.87501133737
0.51 0 1496.87501133737
0.484 8.67768595041322 1505.55269728779
0.545 14.8623853211009 1520.41508260889
0.522 7.27969348659004 1527.69477609548
0.524 0.763358778625954 1528.4581348741
0.517 5.99613152804642 1534.45426640215
0.521 11.7082533589251 1546.16251976107
0.5 3.2 1549.36251976107
0.506 5.92885375494071 1555.29137351602
0.49 6.93877551020408 1562.23014902622
0.479 1.04384133611691 1563.27399036234
0.47 10.2127659574468 1573.48675631978
0.51 6.66666666666667 1580.15342298645
0.505 -1.38613861386139 1578.76728437259
0.51 -4.31372549019608 1574.45355888239
0.501 -1.79640718562874 1572.65715169676
0.512 1.953125 1574.61027669676
0.519 1.34874759152216 1575.95902428829
0.506 11.8577075098814 1587.81673179817
0.513 8.38206627680312 1596.19879807497
0.519 5.20231213872832 1601.4011102137
0.522 -5.3639846743295 1596.03712553937
0.523 7.07456978967495 1603.11169532904
0.518 1.54440154440154 1604.65609687345
0.481 10.6029106029106 1615.25900747636
0.478 13.8075313807531 1629.06653885711
0.521 -1.34357005758157 1627.72296879953
0.528 7.57575757575758 1635.29872637529
0.549 19.4899817850638 1654.78870816035
0.518 9.26640926640927 1664.05511742676
0.522 13.7931034482759 1677.84822087503
0.536 8.95522388059701 1686.80344475563
0.525 12.7619047619048 1699.56534951754
0.495 13.9393939393939 1713.50474345693
0.506 13.8339920948617 1727.33873555179
0.554 7.5812274368231 1734.91996298861
0.543 15.2854511970534 1750.20541418567
0.479 1.87891440501044 1752.08432859068
0.515 4.07766990291262 1756.16199849359
0.52 1.53846153846154 1757.70046003205
0.549 8.19672131147541 1765.89718134353
0.543 16.7587476979742 1782.6559290415
0.46 15.6521739130435 1798.30810295455
0.508 17.3228346456693 1815.63093760022
0.573 16.2303664921466 1831.86130409236
0.516 7.75193798449612 1839.61324207686
0.529 14.5557655954631 1854.16900767232
0.547 9.68921389396709 1863.85822156629
0.542 10.7011070110701 1874.55932857736
0.529 9.64083175803403 1884.20016033539
0.547 2.0109689213894 1886.21112925678
0.535 11.7757009345794 1897.98683019136
0.52 11.5384615384615 1909.52529172982
0.531 0.941619585687382 1910.46691131551
0.494 10.1214574898785 1920.58836880539
0.534 -0.749063670411985 1919.83930513498
0.514 19.0661478599222 1938.9054529949
0.532 18.796992481203 1957.7024454761
0.541 5.36044362292052 1963.06288909902
0.55 4.36363636363636 1967.42652546266
0.499 3.0060120240481 1970.43253748671
0.539 11.317254174397 1981.7497916611
0.531 3.57815442561205 1985.32794608672
0.445 7.86516853932584 1993.19311462604
0.474 12.6582278481013 2005.85134247414
0.458 5.24017467248908 2011.09151714663
0.447 3.35570469798658 2014.44722184462
0.517 -0.967117988394584 2013.48010385622
0.447 7.38255033557047 2020.86265419179
0.504 -2.38095238095238 2018.48170181084
0.491 5.4989816700611 2023.9806834809
0.446 15.2466367713004 2039.2273202522
0.5 4.4 2043.6273202522
0.494 14.5748987854251 2058.20221903763
0.52 16.5384615384615 2074.74068057609
0.497 -0.201207243460765 2074.53947333263
0.513 7.99220272904483 2082.53167606167
0.438 15.9817351598174 2098.51341122149
0.464 2.1551724137931 2100.66858363528
0.527 2.46679316888046 2103.13537680417
0.508 9.05511811023622 2112.1904949144
0.503 5.76540755467197 2117.95590246907
0.493 6.69371196754564 2124.64961443662
0.482 11.6182572614108 2136.26787169803
0.521 14.7792706333973 2151.04714233143
0.502 10.7569721115538 2161.80411444298
0.461 3.68763557483731 2165.49175001782
0.518 12.7413127413127 2178.23306275913
0.496 4.43548387096774 2182.6685466301
0.53 12.0754716981132 2194.74401832821
0.482 -2.4896265560166 2192.2543917722
0.512 7.8125 2200.0668917722
0.511 9.19765166340509 2209.2645434356
0.497 11.8712273641851 2221.13577079979
0.541 10.90573012939 2232.04150092918
0.5 0.4 2232.44150092918
0.53 -3.0188679245283 2229.42263300465
0.513 15.009746588694 2244.43237959334
0.519 6.35838150289017 2250.79076109623
0.537 0.558659217877095 2251.34942031411
0.52 8.84615384615385 2260.19557416026
0.527 11.1954459203036 2271.39102008057
0.513 10.3313840155945 2281.72240409616
0.501 9.3812375249501 2291.10364162111
0.534 8.98876404494382 2300.09240566605
0.513 10.7212475633528 2310.81365322941
0.518 0.386100386100386 2311.19975361551
0.497 5.43259557344064 2316.63234918895
0.525 8.19047619047619 2324.82282537942
0.51 7.05882352941176 2331.88164890884
0.465 0.21505376344086 2332.09670267228
0.504 3.17460317460317 2335.27130584688
0.496 3.62903225806452 2338.90033810495
0.529 7.75047258979206 2346.65081069474
0.492 2.4390243902439 2349.08983508498
0.488 7.37704918032787 2356.46688426531
0.52 4.23076923076923 2360.69765349608
0.487 5.95482546201232 2366.65247895809
0.434 -6.91244239631336 2359.74003656178
0.543 12.3388581952118 2372.07889475699
0.538 15.6133828996283 2387.69227765662
0.508 17.3228346456693 2405.01511230229
0.532 5.6390977443609 2410.65421004665
0.509 6.8762278978389 2417.53043794449
0.471 5.73248407643312 2423.26292202092
0.432 10.6481481481481 2433.91107016907
0.464 13.3620689655172 2447.27313913458
0.533 13.6960600375235 2460.96919917211
0.532 1.12781954887218 2462.09701872098
0.471 17.1974522292994 2479.29447095028
0.461 16.2689804772234 2495.5634514275
0.427 1.17096018735363 2496.73441161486
0.445 7.41573033707865 2504.15014195194
0.485 -0.618556701030928 2503.5315852509
0.488 8.19672131147541 2511.72830656238
0.528 12.1212121212121 2523.84951868359
0.506 8.69565217391304 2532.54517085751
0.477 14.8846960167715 2547.42986687428
0.515 9.90291262135922 2557.33277949564
0.491 14.0529531568228 2571.38573265246
0.5 6.4 2577.78573265246
0.478 10.0418410041841 2587.82757365664
0.502 -0.398406374501992 2587.42916728214
0.464 1.29310344827586 2588.72227073042
0.476 5.88235294117647 2594.60462367159
0.491 -4.27698574338086 2590.32763792821
0.58 -16.8965517241379 2573.43108620407
0.564 0 2573.43108620407
0.558 -3.2258064516129 2570.20527975246
0.559 3.39892665474061 2573.6042064072
0.529 -3.59168241965974 2570.01252398754
0.532 -6.76691729323308 2563.24560669431
0.563 -3.73001776198934 2559.51558893232
0.537 1.67597765363128 2561.19156658595
0.531 -6.59133709981168 2554.60022948614
0.548 -13.5036496350365 2541.0965798511
0.501 2.59481037924152 2543.69139023034
0.599 -1.1686143572621 2542.52277587308
0.553 -5.96745027124774 2536.55532560183
0.517 -5.22243713733075 2531.3328884645
0.579 0.518134715025907 2531.85102317953
0.566 -2.47349823321555 2529.37752494631
0.534 0 2529.37752494631
0.582 -3.43642611683849 2525.94109882948
0.542 -2.5830258302583 2523.35807299922
0.537 -1.67597765363128 2521.68209534559
0.566 -5.65371024734982 2516.02838509824
0.528 -5.3030303030303 2510.72535479521
0.523 -1.33843212237094 2509.38692267283
0.56 -5.71428571428571 2503.67263695855
0.557 -0.538599640933573 2503.13403731762
0.541 -2.77264325323475 2500.36139406438
0.573 -0.174520069808028 2500.18687399457
0.583 4.28816466552316 2504.4750386601
0.54 -0.37037037037037 2504.10466828973
0.528 -1.13636363636364 2502.96830465336
0.544 -5.14705882352941 2497.82124582983
0.562 0.711743772241993 2498.53298960207
0.609 -5.41871921182266 2493.11427039025
0.61 0.327868852459016 2493.44213924271
0.581 -4.30292598967298 2489.13921325304
0.589 -2.54668930390492 2486.59252394913
0.606 -3.63036303630363 2482.96216091283
0.622 -8.03858520900322 2474.92357570383
0.617 -7.61750405186386 2467.30607165196
0.571 -8.23117338003503 2459.07489827193
0.56 -2.85714285714286 2456.21775541478
0.546 -2.93040293040293 2453.28735248438
0.56 -3.92857142857143 2449.35878105581
0.552 -3.6231884057971 2445.73559265001
0.578 0.346020761245675 2446.08161341126
0.492 -2.84552845528455 2443.23608495597
0.522 4.98084291187739 2448.21692786785
0.522 5.3639846743295 2453.58091254218
0.511 2.93542074363992 2456.51633328582
0.435 2.52873563218391 2459.045068918
0.454 -1.76211453744493 2457.28295438056
0.465 7.09677419354839 2464.37972857411
0.463 4.1036717062635 2468.48340028037
0.449 1.55902004454343 2470.04242032492
0.521 -0.191938579654511 2469.85048174526
0.512 4.296875 2474.14735674526
0.485 -0.206185567010309 2473.94117117825
0.565 0.530973451327434 2474.47214462958
0.55 -4 2470.47214462958
0.572 1.74825174825175 2472.22039637783
0.574 -0.348432055749129 2471.87196432208
0.537 0.931098696461825 2472.80306301854
0.557 0.538599640933573 2473.34166265948
0.562 1.06761565836299 2474.40927831784
0.53 -1.50943396226415 2472.89984435557
0.519 4.43159922928709 2477.33144358486
0.517 -0.58027079303675 2476.75117279182
0.449 9.57683741648107 2486.32801020831
0.467 8.77944325481799 2495.10745346312
0.493 5.0709939148073 2500.17844737793
0.49 0.816326530612245 2500.99477390854
0.496 9.67741935483871 2510.67219326338
0.509 -0.589390962671906 2510.08280230071
0.489 8.38445807770961 2518.46726037842
0.505 -0.198019801980198 2518.26924057644
0.5 9.2 2527.46924057644
0.512 10.546875 2538.01611557644
0.537 0.558659217877095 2538.57477479432
0.531 7.72128060263653 2546.29605539695
0.515 11.4563106796117 2557.75236607657
0.454 15.8590308370044 2573.61139691357
0.445 5.61797752808989 2579.22937444166
0.444 10.8108108108108 2590.04018525247
0.49 2.44897959183673 2592.48916484431
0.506 7.11462450592885 2599.60378935024
0.494 -1.21457489878543 2598.38921445145
0.447 3.35570469798658 2601.74491914944
0.484 2.89256198347107 2604.63748113291
0.461 3.68763557483731 2608.32511670775
0.487 5.5441478439425 2613.86926455169
0.488 0.819672131147541 2614.68893668284
0.454 3.08370044052863 2617.77263712336
0.512 7.03125 2624.80388712336
0.505 16.039603960396 2640.84349108376
0.518 16.2162162162162 2657.05970729998
0.481 8.10810810810811 2665.16781540808
0.493 6.69371196754564 2671.86152737563
0.496 0.806451612903226 2672.66797898853
0.518 8.49420849420849 2681.16218748274
0.53 8.30188679245283 2689.46407427519
0.517 8.70406189555126 2698.16813617075
0.427 8.66510538641686 2706.83324155716
0.463 13.6069114470842 2720.44015300425
0.5 1.2 2721.64015300425
0.447 7.38255033557047 2729.02270333982
0.454 7.9295154185022 2736.95221875832
0.533 3.18949343339587 2740.14171219172
0.485 5.97938144329897 2746.12109363501
0.472 8.89830508474576 2755.01939871976
0.526 -4.56273764258555 2750.45666107717
0.456 5.70175438596491 2756.15841546314
0.472 8.89830508474576 2765.05672054789
0.512 11.71875 2776.77547054789
0.519 1.73410404624277 2778.50957459413
0.517 5.22243713733075 2783.73201173146
0.555 6.30630630630631 2790.03831803777
0.522 3.83141762452107 2793.86973566229
0.495 -3.43434343434343 2790.43539222794
0.465 1.0752688172043 2791.51066104515
0.505 0.594059405940594 2792.10472045109
0.477 -3.14465408805031 2788.96006636304
0.503 1.78926441351889 2790.74933077656
0.537 6.51769087523277 2797.26702165179
0.495 11.9191919191919 2809.18621357098
0.506 7.11462450592885 2816.30083807691
0.526 17.1102661596958 2833.41110423661
0.51 14.5098039215686 2847.92090815817
0.521 16.6986564299424 2864.61956458812
0.534 14.6067415730337 2879.22630616115
0.509 11.5913555992141 2890.81766176036
0.509 9.62671905697446 2900.44438081734
0.525 3.61904761904762 2904.06342843639
0.549 9.65391621129326 2913.71734464768
0.534 10.8614232209738 2924.57876786865
0.495 9.49494949494949 2934.0737173636
0.573 2.96684118673647 2937.04055855034
0.461 4.55531453362256 2941.59587308396
0.509 10.8055009823183 2952.40137406628
0.536 10.4477611940299 2962.84913526031
0.549 -0.910746812386157 2961.93838844792
0.581 -1.54905335628227 2960.38933509164
0.542 11.4391143911439 2971.82844948279
0.552 11.5942028985507 2983.42265238134
0.504 2.77777777777778 2986.20043015911
0.533 3.56472795497186 2989.76515811409
0.515 0.58252427184466 2990.34768238593
0.501 1.79640718562874 2992.14408957156
0.533 3.18949343339587 2995.33358300496
0.489 6.33946830265849 3001.67305130761
0.497 5.43259557344064 3007.10564688105
0.493 8.72210953346856 3015.82775641452
0.512 17.578125 3033.40588141452
0.515 11.4563106796117 3044.86219209414
0.435 1.60919540229885 3046.47138749643
0.432 7.87037037037037 3054.3417578668
0.541 9.79667282809612 3064.1384306949
0.536 0.746268656716418 3064.88469935162
0.535 11.4018691588785 3076.2865685105
0.552 5.43478260869565 3081.72135111919
0.555 5.94594594594595 3087.66729706514
0.536 10.0746268656716 3097.74192393081
0.516 3.48837209302326 3101.23029602383
0.508 6.69291338582677 3107.92320940966
0.507 11.2426035502959 3119.16581295995
0.496 2.82258064516129 3121.98839360512
0.561 8.73440285204991 3130.72279645717
0.513 10.7212475633528 3141.44404402052
0.542 5.16605166051661 3146.61009568103
0.551 5.26315789473684 3151.87325357577
0.525 5.14285714285714 3157.01611071863
0.515 7.96116504854369 3164.97727576717
0.507 2.9585798816568 3167.93585564883
0.535 6.54205607476636 3174.4779117236
0.528 7.95454545454545 3182.43245717814
0.552 10.1449275362319 3192.57738471437
0.52 3.07692307692308 3195.6543077913
0.506 5.53359683794466 3201.18790462924
0.475 7.36842105263158 3208.55632568187
0.487 -0.616016427104723 3207.94030925477
0.446 8.07174887892377 3216.01205813369
0.531 2.82485875706215 3218.83691689075
0.504 0.396825396825397 3219.23374228758
0.499 1.00200400801603 3220.2357462956
0.518 -4.63320463320463 3215.60254166239
0.499 -3.0060120240481 3212.59652963834
0.498 -1.20481927710843 3211.39171036123
0.554 -1.08303249097473 3210.30867787026
0.565 5.48672566371681 3215.79540353398
0.563 -1.59857904085258 3214.19682449312
0.48 12.5 3226.69682449312
0.511 8.41487279843444 3235.11169729156
0.472 17.7966101694915 3252.90830746105
0.51 10.5882352941176 3263.49654275517
0.501 9.78043912175649 3273.27698187692
0.535 3.92523364485981 3277.20221552178
0.523 8.22179732313576 3285.42401284492
0.471 -0.212314225053079 3285.21169861987
0.474 -1.68776371308017 3283.52393490679
0.553 6.32911392405063 3289.85304883084
0.533 4.31519699812383 3294.16824582896
0.515 -2.13592233009709 3292.03232349886
0.538 -4.83271375464684 3287.19960974422
0.534 -1.12359550561798 3286.0760142386
0.514 7.39299610894942 3293.46901034755
0.44 7.27272727272727 3300.74173762027
0.478 4.18410041841004 3304.92583803869
0.508 0 3304.92583803869
0.514 5.05836575875486 3309.98420379744
0.542 5.90405904059041 3315.88826283803
0.469 4.05117270788913 3319.93943554592
0.459 -11.9825708061002 3307.95686473982
0.514 -7.00389105058366 3300.95297368924
0.48 0 3300.95297368924
0.517 -4.44874274661509 3296.50423094262
0.504 -7.14285714285714 3289.36137379976
0.466 -5.5793991416309 3283.78197465813
0.507 -12.0315581854043 3271.75041647273
0.528 -10.6060606060606 3261.14435586667
0.524 -13.7404580152672 3247.4038978514
0.468 2.56410256410256 3249.9680004155
0.511 -8.80626223091977 3241.16173818458
0.531 -13.3709981167608 3227.79074006782
0.534 -14.9812734082397 3212.80946665958
0.451 -10.8647450110865 3201.9447216485
0.505 0.198019801980198 3202.14274145048
0.454 -11.8942731277533 3190.24846832272
0.506 -1.18577075098814 3189.06269757174
0.562 -4.98220640569395 3184.08049116604
0.513 -15.7894736842105 3168.29101748183
0.551 -11.7967332123412 3156.49428426949
0.574 -11.4982578397213 3144.99602642977
0.47 -0.425531914893617 3144.57049451487
0.44 -7.27272727272727 3137.29776724215
0.474 -8.0168776371308 3129.28088960502
0.444 -5.40540540540541 3123.87548419961
0.449 7.79510022271715 3131.67058442233
0.496 -7.25806451612903 3124.4125199062
0.554 -8.66425992779783 3115.7482599784
0.534 1.87265917602996 3117.62091915443
0.531 -11.1111111111111 3106.50980804332
0.492 -3.65853658536585 3102.85127145795
0.541 -2.03327171903882 3100.81799973892
0.475 -12.4210526315789 3088.39694710734
0.528 -1.13636363636364 3087.26058347097
0.469 0.639658848614073 3087.90024231959
0.513 -2.92397660818713 3084.9762657114
0.524 -9.9236641221374 3075.05260158926
0.559 -2.68336314847943 3072.36923844078
0.501 -8.18363273453094 3064.18560570625
0.513 -5.26315789473684 3058.92244781152
0.505 -1.38613861386139 3057.53630919765
0.542 -4.0590405904059 3053.47726860725
0.516 -2.32558139534884 3051.1516872119
0.493 -5.88235294117647 3045.26933427072
0.503 -3.77733598409543 3041.49199828663
0.457 -5.0328227571116 3036.45917552952
0.52 -8.84615384615385 3027.61302168336
0.5 -2.4 3025.21302168336
0.478 0 3025.21302168336
0.546 -4.3956043956044 3020.81741728776
0.565 -12.9203539823009 3007.89706330546
0.496 -3.62903225806452 3004.26803104739
0.555 -10.990990990991 2993.2770400564
0.566 -14.1342756183746 2979.14276443803
0.543 -12.707182320442 2966.43558211758
0.522 0 2966.43558211758
0.482 -2.4896265560166 2963.94595556157
0.523 1.7208413001912 2965.66679686176
0.513 -8.7719298245614 2956.8948670372
0.499 -0.601202404809619 2956.29366463239
0.506 -7.90513833992095 2948.38852629247
0.5 -11.2 2937.18852629247
0.537 -3.53817504655493 2933.65035124591
0.508 -3.93700787401575 2929.7133433719
0.52 -8.46153846153846 2921.25180491036
0.516 -6.2015503875969 2915.05025452276
0.555 -4.14414414414414 2910.90611037862
0.525 -0.19047619047619 2910.71563418814
0.544 -8.45588235294118 2902.2597518352
0.535 -2.42990654205607 2899.82984529314
0.521 -5.56621880998081 2894.26362648316
0.514 6.6147859922179 2900.87841247538
0.512 1.171875 2902.05028747538
0.548 -2.55474452554745 2899.49554294983
0.506 -5.13833992094862 2894.35720302888
0.522 -4.59770114942529 2889.75950187946
0.493 -3.85395537525355 2885.90554650421
0.462 -2.16450216450216 2883.7410443397
0.484 -8.67768595041322 2875.06335838929
0.496 -8.06451612903226 2866.99884226026
0.537 -6.14525139664805 2860.85359086361
0.487 -9.65092402464066 2851.20266683897
0.505 -7.32673267326733 2843.8759341657
0.549 4.91803278688525 2848.79396695259
0.547 -6.39853747714808 2842.39542947544
0.503 -1.39165009940358 2841.00377937604
0.55 -3.27272727272727 2837.73105210331
0.553 -8.86075949367089 2828.87029260964
0.538 -9.66542750929368 2819.20486510034
0.491 -6.72097759674134 2812.4838875036
0.49 -1.22448979591837 2811.25939770768
0.523 -4.01529636711281 2807.24410134057
0.48 -10.8333333333333 2796.41076800724
0.523 -0.573613766730402 2795.83715424051
0.528 -7.57575757575758 2788.26139666475
0.552 -6.88405797101449 2781.37733869374
0.554 3.24909747292419 2784.62643616666
0.496 -8.87096774193548 2775.75546842472
0.421 -5.46318289786223 2770.29228552686
0.426 0 2770.29228552686
0.485 -12.1649484536082 2758.12733707325
0.502 -2.78884462151394 2755.33849245174
0.514 -12.0622568093385 2743.2762356424
0.493 -16.4300202839757 2726.84621535843
0.55 -11.2727272727273 2715.5734880857
0.49 -11.0204081632653 2704.55307992243
0.529 -6.99432892249527 2697.55875099994
0.49 -6.93877551020408 2690.61997548973
0.513 -6.04288499025341 2684.57709049948
0.512 -5.078125 2679.49896549948
0.524 -10.3053435114504 2669.19362198803
0.545 -10.8256880733945 2658.36793391464
0.512 -1.953125 2656.41480891464
0.519 -14.4508670520231 2641.96394186261
0.515 -7.96116504854369 2634.00277681407
0.543 -9.39226519337017 2624.6105116207
0.546 -20.1465201465201 2604.46399147418
0.515 -13.7864077669903 2590.67758370719
0.517 0.193423597678917 2590.87100730487
0.46 -18.695652173913 2572.17535513095
0.518 -11.5830115830116 2560.59234354794
0.512 -1.5625 2559.02984354794
0.518 -11.969111969112 2547.06073157883
0.528 -7.95454545454545 2539.10618612428
0.534 -5.2434456928839 2533.8627404314
0.564 -10.2836879432624 2523.57905248814
0.545 -13.394495412844 2510.18455707529
0.501 -12.1756487025948 2498.0089083727
0.499 -7.01402805611222 2490.99488031659
0.536 -12.3134328358209 2478.68144748077
0.521 -4.79846449136276 2473.8829829894
0.554 -1.44404332129964 2472.4389396681
0.54 -8.88888888888889 2463.55005077921
0.537 -6.14525139664805 2457.40479938257
0.548 -13.5036496350365 2443.90114974753
0.565 -8.67256637168142 2435.22858337585
0.532 -7.14285714285714 2428.08572623299
0.526 -7.60456273764259 2420.48116349535
0.522 -4.59770114942529 2415.88346234592
0.518 -8.49420849420849 2407.38925385172
0.525 -18.8571428571429 2388.53211099457
0.502 -10.3585657370518 2378.17354525752
0.557 -10.951526032316 2367.2220192252
0.486 -0.823045267489712 2366.39897395772
0.539 -5.00927643784787 2361.38969751987
0.528 -5.3030303030303 2356.08666721684
0.535 -10.6542056074766 2345.43246160936
0.509 -14.3418467583497 2331.09061485101
0.531 -12.241054613936 2318.84956023707
0.568 -6.33802816901408 2312.51153206806
0.522 -5.74712643678161 2306.76440563128
0.542 -14.3911439114391 2292.37326171984
0.506 -3.55731225296443 2288.81594946688
0.526 -8.74524714828897 2280.07070231859
0.555 -5.22522522522523 2274.84547709336
0.472 -16.9491525423729 2257.89632455099
0.514 -19.0661478599222 2238.83017669107
0.585 -10.4273504273504 2228.40282626372
0.516 -14.3410852713178 2214.0617409924
0.505 -6.93069306930693 2207.13104792309
0.562 -6.04982206405694 2201.08122585903
0.514 -14.0077821011673 2187.07344375787
0.567 -7.2310405643739 2179.84240319349
0.524 -9.16030534351145 2170.68209784998
0.504 -11.1111111111111 2159.57098673887
0.549 -8.19672131147541 2151.37426542739
0.524 3.05343511450382 2154.4277005419
0.523 -0.956022944550669 2153.47167759735
0.544 -4.04411764705882 2149.42755995029
0.551 -5.62613430127042 2143.80142564902
0.522 -2.68199233716475 2141.11943331185
0.504 -11.9047619047619 2129.21467140709
0.503 -9.34393638170974 2119.87073502538
0.501 -12.9740518962076 2106.89668312917
0.497 -14.2857142857143 2092.61096884346
0.514 -7.78210116731517 2084.82886767615
0.506 -7.90513833992095 2076.92372933622
0.538 -12.2676579925651 2064.65607134366
0.524 -9.9236641221374 2054.73240722152
0.526 -5.32319391634981 2049.40921330517
0.515 -2.13592233009709 2047.27329097508
0.541 -2.03327171903882 2045.24001925604
0.522 -9.96168582375479 2035.27833343228
0.502 -9.16334661354582 2026.11498681874
0.524 -10.3053435114504 2015.80964330729
0.472 -9.32203389830508 2006.48760940898
0.542 -1.1070110701107 2005.38059833887
0.536 -2.61194029850746 2002.76865804036
0.519 -7.12909441233141 1995.63956362803
0.551 1.99637023593466 1997.63593386397
0.52 -13.0769230769231 1984.55901078704
0.481 -7.69230769230769 1976.86670309473
0.541 -6.46950092421442 1970.39720217052
0.547 -2.0109689213894 1968.38623324913
0.529 -7.37240075614367 1961.01383249299
0.513 -10.7212475633528 1950.29258492963
0.51 -7.05882352941176 1943.23376140022
0.532 -6.76691729323308 1936.46684410699
0.512 -6.25 1930.21684410699
0.569 -7.20562390158172 1923.01122020541
0.543 -11.6022099447514 1911.40901026066
0.522 -12.2605363984674 1899.14847386219
0.519 -9.05587668593449 1890.09259717625
0.502 -9.56175298804781 1880.53084418821
0.506 -7.5098814229249 1873.02096276528
0.529 -2.83553875236295 1870.18542401292
0.518 -8.10810810810811 1862.07731590481
0.518 -5.40540540540541 1856.67191049941
0.5 -5.6 1851.07191049941
0.525 -11.2380952380952 1839.83381526131
0.518 -10.8108108108108 1829.0230044505
0.534 -0.749063670411985 1828.27394078009
0.536 -12.6865671641791 1815.58737361591
0.546 -6.95970695970696 1808.6276666562
0.491 -11.2016293279022 1797.4260373283
0.535 -5.42056074766355 1792.00547658064
0.516 -8.13953488372093 1783.86594169691
0.53 -9.05660377358491 1774.80933792333
0.542 2.5830258302583 1777.39236375359
0.493 -10.7505070993915 1766.6418566542
0.524 -11.8320610687023 1754.80979558549
0.528 -13.6363636363636 1741.17343194913
0.518 -13.1274131274131 1728.04601882172
0.476 -11.3445378151261 1716.70148100659
0.471 -1.91082802547771 1714.79065298111
0.462 0.432900432900433 1715.22355341401
0.518 -1.54440154440154 1713.67915186961
0.472 0.847457627118644 1714.52660949673
0.476 -12.6050420168067 1701.92156747992
0.476 -6.72268907563025 1695.19887840429
0.538 -9.66542750929368 1685.533450895
0.515 -11.8446601941748 1673.68879070083
0.472 1.27118644067797 1674.9599771415
0.493 -1.01419878296146 1673.94577835854
0.532 -5.26315789473684 1668.68262046381
0.531 -5.83804143126177 1662.84457903254
0.479 -8.55949895615866 1654.28508007638
0.504 -2.77777777777778 1651.50730229861
0.516 -2.71317829457364 1648.79412400403
0.529 2.83553875236295 1651.6296627564
0.525 -3.23809523809524 1648.3915675183
0.516 -5.81395348837209 1642.57761402993
0.508 -6.2992125984252 1636.2784014315
0.532 -13.1578947368421 1623.12050669466
0.511 -12.720156555773 1610.40035013889
0.54 -16.2962962962963 1594.10405384259
0.498 -18.8755020080321 1575.22855183456
0.478 -12.1338912133891 1563.09466062117
0.479 -16.4926931106472 1546.60196751052
0.484 -3.71900826446281 1542.88295924606
0.502 -4.38247011952191 1538.50048912654
0.479 -9.39457202505219 1529.10591710149
0.501 -7.38522954091816 1521.72068756057
0.505 -12.4752475247525 1509.24544003582
0.519 -3.27552986512524 1505.96991017069
0.458 -1.74672489082969 1504.22318527986
0.538 -12.639405204461 1491.5837800754
0.518 -0.386100386100386 1491.1976796893
0.525 -4.38095238095238 1486.81672730835
0.556 -6.11510791366906 1480.70161939468
0.498 -10.8433734939759 1469.8582459007
0.502 -13.1474103585657 1456.71083554214
0.525 -6.66666666666667 1450.04416887547
0.525 -10.8571428571429 1439.18702601833
0.525 -4.76190476190476 1434.42512125642
0.502 -10.3585657370518 1424.06655551937
0.49 -8.57142857142857 1415.49512694794
0.487 -4.31211498973306 1411.18301195821
0.475 -7.78947368421053 1403.393538274
0.496 -14.9193548387097 1388.47418343529
0.502 -9.9601593625498 1378.51402407274
0.507 -2.16962524654832 1376.34439882619
0.479 -4.80167014613779 1371.54272868005
0.494 -10.5263157894737 1361.01641289058
0.496 -7.66129032258065 1353.355122568
0.509 -5.69744597249509 1347.6576765955
0.496 -3.2258064516129 1344.43187014389
0.481 1.45530145530146 1345.88717159919
0.499 -2.60521042084168 1343.28196117835
0.499 -7.01402805611222 1336.26793312224
0.447 -4.25055928411633 1332.01737383812
0.491 -12.8309572301426 1319.18641660798
0.532 9.77443609022556 1328.9608526982
0.532 16.5413533834586 1345.50220608166
0.497 15.0905432595573 1360.59274934122
0.526 6.4638783269962 1367.05662766822
0.54 17.7777777777778 1384.83440544599
0.445 4.71910112359551 1389.55350656959
0.481 -16.008316008316 1373.54519056127
0.479 -6.47181628392484 1367.07337427735
0.51 -1.96078431372549 1365.11258996362
0.519 -7.89980732177264 1357.21278264185
0.504 -9.52380952380952 1347.68897311804
0.513 -2.53411306042885 1345.15486005761
0.476 0 1345.15486005761
0.505 3.36633663366337 1348.52119669128
0.538 -1.11524163568773 1347.40595505559
0.532 -11.2781954887218 1336.12775956687
0.496 -9.67741935483871 1326.45034021203
0.498 -0.803212851405622 1325.64712736062
0.536 -1.86567164179104 1323.78145571883
0.477 -5.24109014675052 1318.54036557208
0.508 -3.93700787401575 1314.60335769807
0.485 -4.74226804123711 1309.86108965683
0.52 -1.92307692307692 1307.93801273375
0.502 -11.9521912350598 1295.98582149869
0.507 -11.2426035502959 1284.7432179484
0.459 -15.4684095860566 1269.27480836234
0.512 -10.9375 1258.33730836234
0.495 -6.66666666666667 1251.67064169567
0.51 -8.62745098039216 1243.04319071528
0.537 -11.731843575419 1231.31134713986
0.504 -8.33333333333333 1222.97801380653
0.493 -8.31643002028398 1214.66158378624
0.462 -9.95670995670996 1204.70487382953
0.481 -9.35550935550935 1195.34936447402
0.498 -7.63052208835341 1187.71884238567
0.515 -8.3495145631068 1179.36932782256
0.547 -6.76416819012797 1172.60515963244
0.487 -11.2936344969199 1161.31152513552
0.523 -9.75143403441683 1151.5600911011
0.496 -14.1129032258065 1137.44718787529
0.503 -14.5129224652087 1122.93426541008
0.508 -5.11811023622047 1117.81615517386
0.517 -1.35396518375242 1116.46218999011
0.502 -3.18725099601594 1113.2749389941
0.487 -10.0616016427105 1103.21333735139
0.508 -6.2992125984252 1096.91412475296
0.504 -4.36507936507936 1092.54904538788
0.512 -1.953125 1090.59592038788
0.49 1.63265306122449 1092.2285734491
0.506 -3.95256916996047 1088.27600427914
0.496 0.403225806451613 1088.6792300856
0.515 -0.194174757281553 1088.48505532831
0.552 -1.81159420289855 1086.67346112542
0.501 -1.79640718562874 1084.87705393979
0.527 -1.70777988614801 1083.16927405364
0.521 -6.71785028790787 1076.45142376573
0.516 -6.58914728682171 1069.86227647891
0.525 2.0952380952381 1071.95751457415
0.528 -6.43939393939394 1065.51812063475
0.522 6.13026819923372 1071.64838883399
0.518 -2.31660231660232 1069.33178651739
0.513 -4.48343079922027 1064.84835571817
0.505 -8.91089108910891 1055.93746462906
0.492 -14.2276422764228 1041.70982235263
0.486 4.52674897119342 1046.23657132383
0.489 0.613496932515337 1046.85006825634
0.523 4.78011472275335 1051.6301829791
0.52 6.15384615384615 1057.78402913294
0.531 -0.941619585687382 1056.84240954725
0.504 -6.34920634920635 1050.49320319805
0.503 -8.54870775347912 1041.94449544457
0.495 4.24242424242424 1046.18691968699
0.486 -5.76131687242798 1040.42560281457
0.481 -7.27650727650728 1033.14909553806
0.51 -1.17647058823529 1031.97262494982
0.542 -2.5830258302583 1029.38959911956
0.509 -2.55402750491159 1026.83557161465
0.494 0.809716599190283 1027.64528821384
0.531 -2.82485875706215 1024.82042945678
0.483 -3.51966873706004 1021.30076071972
0.522 -11.1111111111111 1010.18964960861
0.517 -6.38297872340426 1003.80667088521
0.511 -6.0665362035225 997.740134681683
0.531 -1.31826741996234 996.42186726172
0.497 -7.44466800804829 988.977199253672
0.491 -9.16496945010183 979.81222980357
0.475 -5.68421052631579 974.128019277255
0.49 0.816326530612245 974.944345807867
0.508 -5.51181102362205 969.432534784245
0.502 0 969.432534784245
0.509 -5.30451866404715 964.128016120198
0.496 0.806451612903226 964.934467733101
0.512 -6.640625 958.293842733101
0.494 -4.8582995951417 953.435543137959
0.503 -5.76540755467197 947.670135583287
0.516 -4.26356589147287 943.406569691814
0.431 -3.48027842227378 939.92629126954
0.48 -1.25 938.67629126954
0.455 5.93406593406593 944.610357203606
0.492 -4.47154471544715 940.138812488159
0.483 6.41821946169772 946.557031949857
0.506 -2.76679841897233 943.790233530885
0.538 -13.3828996282528 930.407333902632
0.555 -10.990990990991 919.416342911641
0.445 -13.2584269662921 906.157915945349
0.488 -7.37704918032787 898.780866765021
0.526 -11.787072243346 886.993794521675
0.543 -11.2338858195212 875.759908702154
0.507 -6.11439842209073 869.645510280063
0.529 -9.26275992438563 860.382750355677
0.472 -10.1694915254237 850.213258830254
0.526 -7.60456273764259 842.608696092611
0.52 -10.7692307692308 831.83946532338
0.519 -7.12909441233141 824.710370911049
0.52 4.23076923076923 828.941140141818
0.526 -6.08365019011407 822.857489951704
0.529 -5.4820415879017 817.375448363802
0.535 -2.80373831775701 814.571710046045
0.516 -6.2015503875969 808.370159658448
0.521 -5.56621880998081 802.803940848468
0.489 2.65848670756646 805.462427556034
0.485 -6.80412371134021 798.658303844694
0.471 -9.55414012738854 789.104163717305
0.467 -3.21199143468951 785.892172282616
0.476 -3.36134453781513 782.530827744801
0.483 -6.00414078674948 776.526686958051
0.491 -14.0529531568228 762.473733801228
0.481 -2.7027027027027 759.771031098526
0.523 -5.54493307839388 754.226098020132
0.482 1.2448132780083 755.47091129814
0.494 -3.64372469635628 751.827186601784
0.515 -1.35922330097087 750.467963300813
0.495 -9.49494949494949 740.973013805864
0.461 -2.81995661605206 738.153057189811
0.491 -6.31364562118126 731.83941156863
0.495 7.87878787878788 739.718199447418
0.512 -5.078125 734.640074447418
0.516 -4.65116279069767 729.98891165672
0.506 -6.32411067193676 723.664800984784
0.531 -7.34463276836158 716.320168216422
0.504 3.57142857142857 719.891596787851
0.498 -14.859437751004 705.032159036847
0.528 -18.5606060606061 686.47155297624
0.488 -6.14754098360656 680.324011992634
0.552 -2.53623188405797 677.787780108576
0.518 -6.17760617760618 671.61017393097
0.5 -2 669.61017393097
0.477 -1.46750524109015 668.14266868988
0.561 -0.89126559714795 667.251403092732
0.524 1.14503816793893 668.396441260671
0.521 1.72744721689059 670.123888477561
0.519 -4.04624277456647 666.077645702995
0.483 2.69151138716356 668.769157090158
0.5 -11.6 657.169157090158
0.522 -4.21455938697318 652.954597703185
0.519 -0.192678227360308 652.761919475825
0.548 9.48905109489051 662.250970570715
0.527 1.32827324478178 663.579243815497
0.488 9.42622950819672 673.005473323694
0.438 2.73972602739726 675.745199351091
0.54 2.96296296296296 678.708162314054
0.5 -1.6 677.108162314054
0.513 -8.38206627680312 668.726096037251
0.504 -5.55555555555556 663.170540481695
0.484 -4.54545454545455 658.625085936241
0.496 -2.01612903225806 656.608956903983
0.482 -6.63900414937759 649.969952754605
0.462 -9.52380952380952 640.446143230796
0.52 1.92307692307692 642.369220153873
0.519 4.81695568400771 647.18617583788
0.469 -0.639658848614073 646.546516989266
0.502 -6.77290836653386 639.773608622732
0.484 -4.13223140495868 635.641377217774
0.472 0 635.641377217774
0.495 -13.5353535353535 622.10602368242
0.54 -16.2962962962963 605.809727386124
0.546 -14.2857142857143 591.52401310041
0.419 -10.7398568019093 580.7841562985
0.417 -6.95443645083933 573.829719847661
0.523 -0.956022944550669 572.87369690311
0.56 -8.57142857142857 564.302268331682
0.519 -4.81695568400771 559.485312647674
0.491 -5.09164969450102 554.393662953173
0.525 -11.6190476190476 542.774615334125
0.468 -8.54700854700855 534.227606787117
0.516 -3.48837209302326 530.739234694094
0.505 4.95049504950495 535.689729743598
0.512 -17.96875 517.720979743598
0.512 -2.734375 514.986604743598
0.527 -10.0569259962049 504.929678747394
0.475 -7.78947368421053 497.140205063183
0.523 -0.191204588910134 496.949000474273
0.511 -4.10958904109589 492.839411433177
0.525 -3.61904761904762 489.220363814129
0.5 -4 485.220363814129
0.482 -11.6182572614108 473.602106552719
0.481 -14.7609147609148 458.841191791804
0.518 -5.79150579150579 453.049686000298
0.519 -9.82658959537572 443.223096404922
0.533 -14.4465290806754 428.776567324247
0.468 -11.5384615384615 417.238105785785
0.534 -5.61797752808989 411.620128257695
0.526 -5.70342205323194 405.916706204464
0.546 4.02930402930403 409.946010233768
0.525 -10.0952380952381 399.850772138529
0.506 8.300395256917 408.151167395446
0.537 -1.67597765363128 406.475189741815
0.521 -6.33397312859885 400.141216613216
0.553 -4.15913200723327 395.982084605983
0.526 1.90114068441065 397.883225290394
0.523 -6.30975143403442 391.573473856359
0.528 -8.33333333333333 383.240140523026
0.497 -8.65191146881288 374.588229054213
0.499 1.40280561122244 375.991034665436
0.537 -8.75232774674116 367.238706918694
0.494 1.61943319838057 368.858140117075
0.513 -9.94152046783626 358.916619649239
0.501 -1.79640718562874 357.12021246361
0.531 -16.0075329566855 341.112679506924
0.528 -7.95454545454545 333.158134052379
0.447 -9.17225950782998 323.985874544549
0.493 -12.3732251521298 311.612649392419
0.521 -2.11132437619962 309.50132501622
0.505 -10.8910891089109 298.610235907309
0.545 -10.8256880733945 287.784547833914
0.515 -13.0097087378641 274.77483909605
0.503 -9.34393638170974 265.43090271434
0.536 -18.2835820895522 247.147320624788
0.499 -14.6292585170341 232.518062107754
0.511 -12.720156555773 219.797905551981
0.525 -4 215.797905551981
0.541 -2.03327171903882 213.764633832942
0.512 -5.859375 207.905258832942
0.516 -8.13953488372093 199.765723949221
0.503 -7.75347912524851 192.012244823973
0.517 -0.193423597678917 191.818821226294
0.509 -11.9842829076621 179.834538318632
0.527 -9.67741935483871 170.157118963793
0.496 -0.806451612903226 169.35066735089
0.465 -10.1075268817204 159.243140469169
0.502 -2.78884462151394 156.454295847655
0.559 -1.96779964221825 154.486496205437
0.492 -17.0731707317073 137.41332547373
0.426 1.87793427230047 139.29125974603
0.46 1.73913043478261 141.030390180813
0.494 5.66801619433198 146.698406375145
0.498 -7.2289156626506 139.469490712494
0.532 -10.5263157894737 128.943174923021
0.556 -7.19424460431655 121.748930318704
0.531 -12.241054613936 109.507875704768
0.486 -0.411522633744856 109.096353071023
0.503 -16.10337972167 92.9929733493533
0.51 -7.05882352941176 85.9341498199416
0.513 -16.5692007797271 69.3649490402145
0.514 -7.78210116731517 61.5828478728993
0.5 -6.8 54.7828478728993
0.478 -5.43933054393305 49.3435173289662
0.5 -12.4 36.9435173289662
0.498 -19.6787148594378 17.2648024695285
0.48 -2.5 14.7648024695285
0.482 -9.12863070539419 5.63617176413429
0.473 -8.66807610993657 -3.03190434580228
0.435 -14.0229885057471 -17.0548928515494
0.465 -15.6989247311828 -32.7538175827322
0.508 -1.5748031496063 -34.3286207323385
0.518 8.88030888030888 -25.4483118520296
0.461 7.59219088937093 -17.8561209626587
0.478 3.34728033472803 -14.5088406279307
0.468 5.98290598290598 -8.52593464502467
0.502 5.1792828685259 -3.34665177649878
0.414 -7.72946859903382 -11.0761203755326
0.399 -8.27067669172932 -19.3467970672619
0.423 -4.01891252955083 -23.3657095968127
0.461 -12.3644251626898 -35.7301347595025
0.445 -5.61797752808989 -41.3481122875924
0.484 -14.4628099173554 -55.8109222049478
0.511 -3.71819960861057 -59.5291218135584
0.516 -8.91472868217054 -68.4438504957289
0.506 -3.95256916996047 -72.3964196656894
0.539 -2.78293135435993 -75.1793510200493
0.47 2.12765957446809 -73.0516914455812
0.505 -2.97029702970297 -76.0219884752842
0.435 -11.7241379310345 -87.7461264063187
0.556 -6.47482014388489 -94.2209465502036
0.504 1.19047619047619 -93.0304703597274
0.512 -6.25 -99.2804703597274
0.464 1.29310344827586 -97.9873669114515
0.469 -5.33049040511727 -103.317857316569
0.491 -8.35030549898167 -111.66816281555
0.509 -23.3791748526523 -135.047337668203
0.517 -8.31721470019342 -143.364552368396
0.526 -17.1102661596958 -160.474818528092
0.505 -16.8316831683168 -177.306501696409
0.521 -13.6276391554703 -190.934140851879
0.537 5.77281191806332 -185.161328933816
0.504 2.77777777777778 -182.383551156038
0.455 -9.89010989010989 -192.273661046148
0.437 -12.5858123569794 -204.859473403127
0.427 -11.0070257611241 -215.866499164251
0.453 -17.8807947019868 -233.747293866238
0.428 -17.7570093457944 -251.504303212033
0.399 -5.26315789473684 -256.767461106769
0.457 -10.2844638949672 -267.051925001737
0.44 -16.3636363636364 -283.415561365373
0.403 -4.71464019851117 -288.130201563884
0.461 -5.42299349240781 -293.553195056292
0.46 2.17391304347826 -291.379282012814
0.463 -4.96760259179266 -296.346884604606
0.494 -3.23886639676113 -299.585751001367
0.482 4.9792531120332 -294.606497889334
0.47 0 -294.606497889334
0.418 -6.2200956937799 -300.826593583114
0.462 -4.32900432900433 -305.155597912118
0.493 -6.69371196754564 -311.849309879664
0.498 -11.6465863453815 -323.495896225046
0.502 -6.37450199203187 -329.870398217077
0.524 -8.3969465648855 -338.267344781963
0.53 2.26415094339623 -336.003193838567
0.476 -11.7647058823529 -347.76789972092
0.476 -3.36134453781513 -351.129244258735
0.478 -8.78661087866109 -359.915855137396
0.48 -5.41666666666667 -365.332521804063
0.471 -4.45859872611465 -369.791120530177
0.467 -12.6338329764454 -382.424953506623
0.532 -3.7593984962406 -386.184352002863
0.501 -14.5708582834331 -400.755210286296
0.471 -0.212314225053079 -400.967524511349
0.501 -8.98203592814371 -409.949560439493
0.498 -18.4738955823293 -428.423456021822
0.521 -23.6084452975048 -452.031901319327
0.516 -15.5038759689922 -467.53577728832
0.509 -16.3064833005894 -483.842260588909
0.471 -12.1019108280255 -495.944171416934
0.488 -9.42622950819672 -505.370400925131
0.541 -16.8207024029575 -522.191103328089
0.518 -17.3745173745174 -539.565620702606
0.497 -11.4688128772636 -551.03443357987
0.506 -21.3438735177866 -572.378307097656
0.491 -6.31364562118126 -578.691952718837
0.5 -5.6 -584.291952718837
0.463 -12.3110151187905 -596.602967837628
0.494 -11.7408906882591 -608.343858525887
0.481 -12.2661122661123 -620.609970791999
0.49 -2.04081632653061 -622.65078711853
0.516 -16.2790697674419 -638.929856885972
0.508 -14.9606299212598 -653.890486807232
0.486 -11.1111111111111 -665.001597918343
0.516 -12.015503875969 -677.017101794312
0.527 -19.9240986717268 -696.941200466038
0.508 -16.1417322834646 -713.082932749503
0.491 -14.0529531568228 -727.135885906326
0.469 -13.8592750533049 -740.995160959631
0.467 -17.3447537473233 -758.339914706954
0.471 -13.3757961783439 -771.715710885298
0.485 -12.9896907216495 -784.705401606947
0.47 -14.8936170212766 -799.599018628224
0.503 -16.5009940357853 -816.100012664009
0.493 -11.5618661257606 -827.66187878977
0.474 -19.831223628692 -847.493102418462
0.453 -15.673289183223 -863.166391601685
0.502 -17.5298804780876 -880.696272079773
0.455 -17.3626373626374 -898.05890944241
0.469 -17.27078891258 -915.32969835499
0.509 -16.6994106090373 -932.029108964027
0.523 -18.9292543021032 -950.958363266131
0.482 -7.05394190871369 -958.012305174844
0.485 -5.15463917525773 -963.166944350102
0.507 -2.56410256410256 -965.731046914205
0.48 -4.58333333333333 -970.314380247538
0.521 -19.0019193857965 -989.316299633334
0.506 -24.1106719367589 -1013.42697157009
0.489 -14.1104294478528 -1027.53740101795
0.503 -6.95825049701789 -1034.49565151496
0.52 -13.8461538461538 -1048.34180536112
0.501 -14.1716566866267 -1062.51346204774
0.471 -15.0743099787686 -1077.58777202651
0.465 -8.38709677419355 -1085.97486880071
0.479 -4.80167014613779 -1090.77653894684
0.496 -14.1129032258065 -1104.88944217265
0.499 -4.60921843687375 -1109.49866060952
0.515 1.35922330097087 -1108.13943730855
0.466 -3.86266094420601 -1112.00209825276
0.443 -11.9638826185102 -1123.96598087127
0.449 -21.1581291759465 -1145.12411004722
0.404 -20.2970297029703 -1165.42113975019
0.46 -10.8695652173913 -1176.29070496758
0.508 -24.0157480314961 -1200.30645299907
0.501 -3.79241516966068 -1204.09886816873
0.483 1.0351966873706 -1203.06367148136
0.484 -4.95867768595041 -1208.02234916731
0.499 0.200400801603206 -1207.82194836571
0.499 -0.601202404809619 -1208.42315077052
0.499 2.60521042084168 -1205.81794034968
0.474 0.843881856540084 -1204.97405849314
0.481 3.95010395010395 -1201.02395454304
0.512 -1.953125 -1202.97707954304
0.453 -13.4657836644592 -1216.44286320749
0.428 -9.34579439252336 -1225.78865760002
0.463 -13.1749460043197 -1238.96360360434
0.482 -7.46887966804979 -1246.43248327239
0.48 -9.16666666666667 -1255.59914993905
0.473 -10.3594080338266 -1265.95855797288
0.487 -11.2936344969199 -1277.2521924698
0.51 -12.156862745098 -1289.4090552149
0.472 -12.7118644067797 -1302.12091962168
0.497 -2.61569416498994 -1304.73661378667
0.497 -0.603621730382294 -1305.34023551705
0.508 -1.5748031496063 -1306.91503866666
0.534 2.62172284644195 -1304.29331582021
0.511 -0.587084148727984 -1304.88039996894
0.48 -5.83333333333333 -1310.71373330228
0.478 -17.9916317991632 -1328.70536510144
0.465 -8.81720430107527 -1337.52256940251
0.488 0 -1337.52256940251
0.476 0.420168067226891 -1337.10240133529
0.485 2.68041237113402 -1334.42198896415
0.51 -3.13725490196078 -1337.55924386611
0.502 -2.78884462151394 -1340.34808848763
0.462 -9.52380952380952 -1349.87189801144
0.481 -3.95010395010395 -1353.82200196154
0.482 -12.448132780083 -1366.27013474162
0.478 -5.43933054393305 -1371.70946528556
0.404 -17.8217821782178 -1389.53124746378
0.492 -13.8211382113821 -1403.35238567516
0.463 -15.3347732181425 -1418.6871588933
0.483 -6.00414078674948 -1424.69129968005
0.455 -7.25274725274725 -1431.9440469328
0.464 -12.5 -1444.4440469328
0.464 -3.44827586206897 -1447.89232279487
0.487 -2.25872689938398 -1450.15104969425
0.514 -5.44747081712062 -1455.59852051137
0.451 4.65631929046563 -1450.9422012209
0.479 -6.05427974947808 -1456.99648097038
0.485 -4.74226804123711 -1461.73874901162
0.524 -3.43511450381679 -1465.17386351544
0.491 -3.46232179226069 -1468.6361853077
0.503 -2.98210735586481 -1471.61829266356
0.469 4.90405117270789 -1466.71424149085
0.524 -9.9236641221374 -1476.63790561299
0.454 -9.69162995594714 -1486.32953556894
0.495 -9.8989898989899 -1496.22852546793
0.477 -15.7232704402516 -1511.95179590818
0.498 -16.0642570281125 -1528.01605293629
0.477 -13.6268343815514 -1541.64288731784
0.47 0 -1541.64288731784
0.459 1.08932461873638 -1540.55356269911
0.462 -7.35930735930736 -1547.91287005842
0.512 -1.5625 -1549.47537005842
0.495 -17.979797979798 -1567.45516803821
0.477 -1.0482180293501 -1568.50338606756
0.485 -2.2680412371134 -1570.77142730468
0.485 -7.62886597938144 -1578.40029328406
0.464 -2.58620689655172 -1580.98650018061
0.461 -3.68763557483731 -1584.67413575545
0.457 -6.34573304157549 -1591.01986879702
0.472 -7.6271186440678 -1598.64698744109
0.483 -11.3871635610766 -1610.03415100217
0.493 -17.2413793103448 -1627.27553031251
0.468 -12.3931623931624 -1639.66869270567
0.493 -9.93914807302231 -1649.6078407787
0.484 -6.19834710743802 -1655.80618788613
0.488 -10.655737704918 -1666.46192559105
0.476 -13.4453781512605 -1679.90730374231
0.472 -18.2203389830508 -1698.12764272536
0.487 -11.7043121149897 -1709.83195484035
0.469 4.47761194029851 -1705.35434290006
0.505 1.38613861386139 -1703.96820428619
0.501 4.59081836327345 -1699.37738592292
0.478 -8.78661087866109 -1708.16399680158
0.458 -6.55021834061135 -1714.71421514219
0.483 -19.2546583850932 -1733.96887352729
0.475 -12 -1745.96887352729
0.458 -8.29694323144105 -1754.26581675873
0.486 5.34979423868313 -1748.91602252004
0.46 1.73913043478261 -1747.17689208526
0.465 -9.67741935483871 -1756.8543114401
0.468 -2.56410256410256 -1759.4184140042
0.447 -1.56599552572707 -1760.98440952993
0.505 -13.6633663366337 -1774.64777586656
0.46 -16.5217391304348 -1791.169514997
0.463 -11.0151187904968 -1802.1846337875
0.456 -7.89473684210526 -1810.0793706296
0.457 -17.7242888402626 -1827.80365946986
0.48 -13.3333333333333 -1841.1369928032
0.485 -17.9381443298969 -1859.07513713309
0.495 -8.68686868686869 -1867.76200581996
0.467 -9.63597430406852 -1877.39798012403
0.484 -16.5289256198347 -1893.92690574387
0.512 -9.765625 -1903.69253074387
0.5 -1.6 -1905.29253074387
0.429 -5.36130536130536 -1910.65383610517
0.442 -4.97737556561086 -1915.63121167078
0.45 -4.44444444444444 -1920.07565611523
0.427 -11.943793911007 -1932.01945002623
0.463 -11.4470842332613 -1943.46653425949
0.508 -14.9606299212598 -1958.42716418075
0.5 -10.8 -1969.22716418075
0.488 9.01639344262295 -1960.21077073813
0.442 -7.69230769230769 -1967.90307843044
0.468 1.70940170940171 -1966.19367672104
0.452 5.75221238938053 -1960.44146433166
0.47 -0.425531914893617 -1960.86699624655
0.466 1.71673819742489 -1959.15025804913
0.46 1.73913043478261 -1957.41112761434
0.502 -5.57768924302789 -1962.98881685737
0.431 5.33642691415313 -1957.65238994322
0.444 -8.55855855855856 -1966.21094850178
0.469 -2.3454157782516 -1968.55636428003
0.439 -5.23917995444191 -1973.79554423447
0.481 -2.7027027027027 -1976.49824693717
0.446 -9.41704035874439 -1985.91528729592
0.497 -7.04225352112676 -1992.95754081704
0.504 -8.33333333333333 -2001.29087415038
0.476 -4.6218487394958 -2005.91272288987
0.494 -10.5263157894737 -2016.43903867935
0.461 -8.02603036876356 -2024.46506904811
0.477 -15.7232704402516 -2040.18833948836
0.483 -10.5590062111801 -2050.74734569954
0.453 -4.63576158940397 -2055.38310728895
0.483 -13.871635610766 -2069.25474289971
0.451 -1.99556541019956 -2071.25030830991
0.468 -16.2393162393162 -2087.48962454923
0.46 -1.73913043478261 -2089.22875498401
0.499 -3.80761523046092 -2093.03637021447
0.456 -1.31578947368421 -2094.35215968816
0.456 -5.26315789473684 -2099.61531758289
0.504 -12.6984126984127 -2112.3137302813
0.482 0 -2112.3137302813
0.478 4.60251046025105 -2107.71121982105
0.483 -9.3167701863354 -2117.02799000739
0.459 -8.06100217864924 -2125.08899218604
0.478 5.02092050209205 -2120.06807168395
0.485 1.44329896907216 -2118.62477271487
0.445 -1.12359550561798 -2119.74836822049
0.497 -11.4688128772636 -2131.21718109776
0.487 -11.7043121149897 -2142.92149321275
0.44 -4.54545454545455 -2147.4669477582
0.465 -12.258064516129 -2159.72501227433
0.503 -5.76540755467197 -2165.490419829
0.5 1.2 -2164.290419829
0.444 -5.85585585585586 -2170.14627568486
0.455 -1.53846153846154 -2171.68473722332
0.461 -1.95227765726681 -2173.63701488058
0.482 -2.0746887966805 -2175.71170367727
0.507 -2.16962524654832 -2177.88132892381
0.469 -6.60980810234542 -2184.49113702616
0.493 -5.88235294117647 -2190.37348996734
0.505 -15.6435643564356 -2206.01705432377
0.517 -0.967117988394584 -2206.98417231217
0.497 -8.65191146881288 -2215.63608378098
0.516 -3.48837209302326 -2219.124455874
0.493 -7.91075050709939 -2227.0352063811
0.494 -11.336032388664 -2238.37123876977
0.476 -4.6218487394958 -2242.99308750926
0.447 -4.69798657718121 -2247.69107408644
0.445 -11.9101123595506 -2259.60118644599
0.481 -4.78170478170478 -2264.3828912277
0.487 -10.0616016427105 -2274.44449287041
0.455 -8.13186813186813 -2282.57636100228
0.444 9.90990990990991 -2272.66645109237
0.458 0.436681222707424 -2272.22976986966
0.468 -10.2564102564103 -2282.48618012607
0.483 -13.0434782608696 -2295.52965838694
0.458 -5.67685589519651 -2301.20651428214
0.492 -4.8780487804878 -2306.08456306262
0.467 0.642398286937901 -2305.44216477569
0.457 -4.15754923413567 -2309.59971400982
0.482 -7.46887966804979 -2317.06859367787
0.473 -5.70824524312896 -2322.776838921
0.47 -13.1914893617021 -2335.9683282827
0.483 0.20703933747412 -2335.76128894523
0.477 -2.30607966457023 -2338.0673686098
0.483 -5.59006211180124 -2343.6574307216
0.456 0.43859649122807 -2343.21883423037
0.417 -13.6690647482014 -2356.88789897857
0.454 -2.6431718061674 -2359.53107078474
0.471 5.30785562632696 -2354.22321515841
0.465 4.08602150537634 -2350.13719365304
0.44 -6.81818181818182 -2356.95537547122
0.483 -3.93374741200828 -2360.88912288323
0.495 -5.05050505050505 -2365.93962793373
0.462 -1.2987012987013 -2367.23832923243
0.458 7.4235807860262 -2359.81474844641
0.492 -3.2520325203252 -2363.06678096673
0.492 0.40650406504065 -2362.66027690169
0.441 -7.48299319727891 -2370.14327009897
0.536 10.8208955223881 -2359.32237457658
0.478 7.94979079497908 -2351.3725837816
0.471 1.06157112526539 -2350.31101265634
0.455 -8.57142857142857 -2358.88244122777
0.438 -15.0684931506849 -2373.95093437845
0.486 -5.76131687242798 -2379.71225125088
0.491 1.83299389002037 -2377.87925736086
0.433 -5.77367205542725 -2383.65292941629
0.48 0 -2383.65292941629
0.485 0.206185567010309 -2383.44674384928
0.504 -0.793650793650794 -2384.24039464293
0.47 0.425531914893617 -2383.81486272803
0.451 -1.99556541019956 -2385.81042813823
0.469 -3.19829424307036 -2389.0087223813
0.445 -2.92134831460674 -2391.93007069591
0.452 -1.32743362831858 -2393.25750432423
0.478 -1.67364016736402 -2394.93114449159
0.499 10.2204408817635 -2384.71070360983
0.472 13.5593220338983 -2371.15138157593
0.488 6.9672131147541 -2364.18416846118
0.467 7.06638115631692 -2357.11778730486
0.491 8.35030549898167 -2348.76748180588
0.481 10.1871101871102 -2338.58037161877
0.492 6.91056910569106 -2331.66980251308
0.469 6.60980810234542 -2325.05999441073
0.498 11.2449799196787 -2313.81501449105
0.52 7.69230769230769 -2306.12270679874
0.497 2.61569416498994 -2303.50701263375
0.475 7.36842105263158 -2296.13859158112
0.491 8.35030549898167 -2287.78828608214
0.499 5.01002004008016 -2282.77826604206
0.507 3.74753451676529 -2279.0307315253
0.476 11.3445378151261 -2267.68619371017
0.467 13.0620985010707 -2254.6240952091
0.466 0.858369098712446 -2253.76572611039
0.459 9.80392156862745 -2243.96180454176
0.472 2.96610169491525 -2240.99570284684
0.499 6.61322645290581 -2234.38247639394
0.485 -0.618556701030928 -2235.00103309497
0.454 7.48898678414097 -2227.51204631083
0.48 12.5 -2215.01204631083
0.467 9.20770877944326 -2205.80433753139
0.484 -0.826446280991736 -2206.63078381238
0.416 0.961538461538462 -2205.66924535084
0.443 -2.48306997742664 -2208.15231532827
0.48 0 -2208.15231532827
0.487 8.41889117043121 -2199.73342415783
0.465 7.09677419354839 -2192.63664996429
0.486 14.40329218107 -2178.23335778322
0.443 8.35214446952596 -2169.88121331369
0.481 2.7027027027027 -2167.17851061099
0.47 14.8936170212766 -2152.28489358971
0.467 8.35117773019272 -2143.93371585952
0.468 4.7008547008547 -2139.23286115866
0.466 16.3090128755365 -2122.92384828313
0.484 1.65289256198347 -2121.27095572114
0.47 4.25531914893617 -2117.01563657221
0.467 5.78158458244111 -2111.23405198977
0.467 7.49464668094218 -2103.73940530882
0.49 3.26530612244898 -2100.47409918637
0.487 11.7043121149897 -2088.76978707138
0.477 19.916142557652 -2068.85364451373
0.469 12.1535181236674 -2056.70012639007
0.456 11.4035087719298 -2045.29661761814
0.514 10.1167315175097 -2035.17988610063
0.518 1.54440154440154 -2033.63548455622
0.503 -0.99403578528827 -2034.62952034151
0.478 2.92887029288703 -2031.70065004863
0.512 10.9375 -2020.76315004863
0.457 8.97155361050328 -2011.79159643812
0.456 3.07017543859649 -2008.72142099953
0.463 16.6306695464363 -1992.09075145309
0.486 16.8724279835391 -1975.21832346955
0.448 6.25 -1968.96832346955
0.448 10.2678571428571 -1958.70046632669
0.453 14.3487858719647 -1944.35168045473
0.466 11.1587982832618 -1933.19288217147
0.483 13.871635610766 -1919.3212465607
0.49 13.8775510204082 -1905.44369554029
0.506 13.4387351778656 -1892.00496036243
0.493 8.31643002028398 -1883.68853034214
0.496 9.67741935483871 -1874.0111109873
0.51 14.9019607843137 -1859.10915020299
0.485 5.56701030927835 -1853.54213989371
0.492 11.3821138211382 -1842.16002607257
0.462 6.92640692640693 -1835.23361914617
0.465 10.5376344086022 -1824.69598473756
0.516 8.13953488372093 -1816.55644985384
0.502 0.796812749003984 -1815.75963710484
0.485 3.91752577319588 -1811.84211133164
0.483 1.44927536231884 -1810.39283596933
0.449 1.11358574610245 -1809.27925022322
0.472 13.9830508474576 -1795.29619937576
0.473 18.3932346723044 -1776.90296470346
0.5 13.6 -1763.30296470346
0.479 13.1524008350731 -1750.15056386839
0.482 12.8630705394191 -1737.28749332897
0.513 12.6705653021442 -1724.61692802682
0.517 7.15667311411992 -1717.4602549127
0.479 2.71398747390397 -1714.7462674388
0.456 12.280701754386 -1702.46556568441
0.468 2.99145299145299 -1699.47411269296
0.442 18.552036199095 -1680.92207649387
0.457 9.40919037199125 -1671.51288612187
0.448 16.9642857142857 -1654.54860040759
0.467 13.4903640256959 -1641.05823638189
0.452 5.30973451327434 -1635.74850186862
0.497 7.44466800804829 -1628.30383386057
0.434 2.30414746543779 -1625.99968639513
0.487 18.2751540041068 -1607.72453239103
0.46 14.3478260869565 -1593.37670630407
0.49 10.2040816326531 -1583.17262467142
0.475 8.21052631578947 -1574.96209835563
0.466 0.429184549356223 -1574.53291380627
0.474 8.0168776371308 -1566.51603616914
0.493 0.608519269776876 -1565.90751689936
0.479 5.21920668058455 -1560.68831021878
0.529 0.945179584120983 -1559.74313063466
0.489 8.79345603271984 -1550.94967460194
0.472 0.847457627118644 -1550.10221697482
0.45 14.6666666666667 -1535.43555030815
0.443 12.8668171557562 -1522.5687331524
0.415 9.87951807228916 -1512.68921508011
0.427 10.0702576112412 -1502.61895746887
0.444 11.7117117117117 -1490.90724575715
0.428 8.41121495327103 -1482.49603080388
0.426 10.7981220657277 -1471.69790873816
0.486 3.7037037037037 -1467.99420503445
0.408 -8.82352941176471 -1476.81773444622
0.457 1.09409190371991 -1475.7236425425
0.388 12.3711340206186 -1463.35250852188
0.462 12.5541125541126 -1450.79839596777
0.453 12.1412803532009 -1438.65711561456
0.502 14.7410358565737 -1423.91607975799
0.493 9.93914807302231 -1413.97693168497
0.439 1.13895216400911 -1412.83797952096
0.447 14.0939597315436 -1398.74401978942
0.514 17.1206225680934 -1381.62339722132
0.479 6.05427974947808 -1375.56911747184
0.506 5.53359683794466 -1370.0355206339
0.482 5.39419087136929 -1364.64132976253
0.469 5.33049040511727 -1359.31083935741
0.443 -2.93453724604966 -1362.24537660346
0.471 12.5265392781316 -1349.71883732533
0.453 4.63576158940397 -1345.08307573593
0.525 13.1428571428571 -1331.94021859307
0.517 12.5725338491296 -1319.36768474394
0.5 6.4 -1312.96768474394
0.495 10.7070707070707 -1302.26061403687
0.513 6.82261208576998 -1295.4380019511
0.501 15.7684630738523 -1279.66953887725
0.515 8.7378640776699 -1270.93167479958
0.495 9.8989898989899 -1261.03268490059
0.476 15.9663865546218 -1245.06629834597
0.493 9.53346855983773 -1235.53282978613
0.505 19.2079207920792 -1216.32490899405
0.489 14.519427402863 -1201.80548159119
0.48 17.0833333333333 -1184.72214825785
0.497 15.0905432595573 -1169.6316049983
0.487 10.4722792607803 -1159.15932573752
0.463 6.26349892008639 -1152.89582681743
0.517 1.35396518375242 -1151.54186163368
0.503 13.3200795228628 -1138.22178211081
0.466 16.3090128755365 -1121.91276923528
0.458 8.73362445414847 -1113.17914478113
0.492 8.13008130081301 -1105.04906348032
0.465 4.94623655913978 -1100.10282692118
0.509 11.9842829076621 -1088.11854401351
0.516 10.8527131782946 -1077.26583083522
0.473 9.93657505285412 -1067.32925578236
0.436 5.96330275229358 -1061.36595303007
0.478 10.4602510460251 -1050.90570198405
0.45 4 -1046.90570198405
0.489 9.20245398773006 -1037.70324799632
0.454 3.52422907488987 -1034.17901892143
0.479 0.208768267223382 -1033.9702506542
0.502 8.36653386454183 -1025.60371678966
0.491 -0.203665987780041 -1025.80738277744
0.504 -2.38095238095238 -1028.18833515839
0.502 8.76494023904382 -1019.42339491935
0.517 7.93036750483559 -1011.49302741451
0.467 5.35331905781585 -1006.1397083567
0.472 6.35593220338983 -999.783776153308
0.469 11.3006396588486 -988.48313649446
0.51 -4.70588235294118 -993.189018847401
0.431 3.48027842227378 -989.708740425127
0.484 9.09090909090909 -980.617831334218
0.477 13.2075471698113 -967.410284164407
0.514 9.72762645914397 -957.682657705263
0.486 -4.11522633744856 -961.797884042711
0.476 14.2857142857143 -947.512169756997
0.471 14.6496815286624 -932.862488228335
0.503 6.95825049701789 -925.904237731317
0.498 15.2610441767068 -910.64319355461
0.476 8.40336134453782 -902.239832210072
0.503 14.9105367793241 -887.329295430748
0.466 3.00429184549356 -884.325003585254
0.528 -4.16666666666667 -888.491670251921
0.53 3.0188679245283 -885.472802327393
0.494 6.88259109311741 -878.590211234275
0.46 6.08695652173913 -872.503254712536
0.468 3.84615384615385 -868.657100866382
0.53 10.5660377358491 -858.091063130533
0.52 13.0769230769231 -845.01414005361
0.524 6.10687022900763 -838.907269824603
0.568 0.704225352112676 -838.20304447249
0.515 1.35922330097087 -836.843821171519
0.48 11.25 -825.593821171519
0.49 4.48979591836735 -821.104025253152
0.46 13.9130434782609 -807.190981774891
0.514 10.1167315175097 -797.074250257381
0.511 0.587084148727984 -796.487166108653
0.503 7.3558648111332 -789.13130129752
0.545 3.85321100917431 -785.278090288346
0.491 8.75763747454175 -776.520452813804
0.554 5.41516245487365 -771.10529035893
0.595 0.168067226890756 -770.937223132039
0.567 4.40917107583774 -766.528052056202
0.519 16.3776493256262 -750.150402730575
0.52 9.61538461538461 -740.535018115191
0.477 7.33752620545073 -733.19749190974
0.471 12.5265392781316 -720.670952631609
0.492 2.03252032520325 -718.638432306405
0.484 5.37190082644628 -713.266531479959
0.515 1.74757281553398 -711.518958664425
0.489 10.838445807771 -700.680512856654
0.515 21.9417475728155 -678.738765283839
0.513 16.5692007797271 -662.169564504111
0.473 4.86257928118393 -657.306985222928
0.52 3.84615384615385 -653.460831376774
0.498 4.41767068273092 -649.043160694043
0.49 7.75510204081633 -641.288058653226
0.531 10.3578154425612 -630.930243210665
0.495 10.3030303030303 -620.627212907635
0.408 15.1960784313725 -605.431134476262
0.477 3.14465408805031 -602.286480388212
0.507 13.6094674556213 -588.677012932591
0.51 14.5098039215686 -574.167209011022
0.505 9.30693069306931 -564.860278317953
0.556 -2.51798561151079 -567.378263929464
0.494 -12.9554655870445 -580.333729516508
0.515 10.6796116504854 -569.654117866023
0.543 10.865561694291 -558.788556171732
0.524 4.9618320610687 -553.826724110663
0.496 5.24193548387097 -548.584788626792
0.469 12.1535181236674 -536.431270503125
0.501 10.5788423153693 -525.852428187755
0.497 18.3098591549296 -507.542569032826
0.494 6.47773279352227 -501.064836239304
0.532 -4.51127819548872 -505.576114434792
0.49 3.6734693877551 -501.902645047037
0.472 10.1694915254237 -491.733153521613
0.54 10.3703703703704 -481.362783151243
0.513 13.8401559454191 -467.522627205824
0.515 -2.9126213592233 -470.435248565047
0.507 5.71992110453649 -464.715327460511
0.52 3.84615384615385 -460.869173614357
0.508 9.05511811023622 -451.814055504121
0.529 3.96975425330813 -447.844301250813
0.523 1.33843212237094 -446.505869128442
0.567 5.11463844797178 -441.39123068047
0.492 4.47154471544715 -436.919685965023
0.464 10.7758620689655 -426.143823896057
0.496 7.66129032258065 -418.482533573477
0.539 0.185528756957328 -418.297004816519
0.57 10.5263157894737 -407.770689027046
0.527 12.3339658444023 -395.436723182643
0.519 6.35838150289017 -389.078341679753
0.519 10.2119460500963 -378.866395629657
0.507 12.4260355029586 -366.440360126698
0.439 4.78359908883827 -361.65676103786
0.472 5.93220338983051 -355.724557648029
0.5 3.2 -352.524557648029
0.536 9.32835820895522 -343.196199439074
0.494 10.1214574898785 -333.074741949196
0.488 13.5245901639344 -319.550151785261
0.514 14.3968871595331 -305.153264625728
0.482 14.1078838174274 -291.045380808301
0.521 6.33397312859885 -284.711407679702
0.499 5.41082164328657 -279.300586036415
0.478 8.36820083682008 -270.932385199595
0.495 18.7878787878788 -252.144506411716
0.498 16.0642570281125 -236.080249383604
0.497 13.0784708249497 -223.001778558654
0.518 16.2162162162162 -206.785562342438
0.482 11.2033195020747 -195.582242840363
0.487 7.18685831622177 -188.395384524142
0.522 8.04597701149425 -180.349407512647
0.487 -4.31211498973306 -184.66152250238
0.462 10.3896103896104 -174.27191211277
0.555 5.22522522522523 -169.046686887545
0.514 7.39299610894942 -161.653690778595
0.508 -7.08661417322835 -168.740304951824
0.558 6.45161290322581 -162.288692048598
0.482 4.149377593361 -158.139314455237
0.456 14.0350877192982 -144.104226735939
0.542 10.7011070110701 -133.403119724869
0.535 6.54205607476636 -126.861063650102
0.507 0.591715976331361 -126.269347673771
0.48 12.5 -113.769347673771
0.513 13.8401559454191 -99.9291917283518
0.458 2.18340611353712 -97.7457856148147
0.5 5.6 -92.1457856148146
0.522 8.04597701149425 -84.0998086033204
0.51 5.49019607843137 -78.609612524889
0.516 -15.5038759689922 -94.1134884938813
0.529 0.189035916824197 -93.9244525770571
0.538 -0.743494423791822 -94.6679470008489
0.501 9.78043912175649 -84.8875078790924
0.482 -3.3195020746888 -88.2070099537812
0.534 1.49812734082397 -86.7088826129572
0.536 0 -86.7088826129572
0.535 5.79439252336449 -80.9144900895927
0.5 -7.6 -88.5144900895927
0.508 -4.33070866141732 -92.8451987510101
0.46 8.26086956521739 -84.5843291857927
0.521 2.11132437619962 -82.4730048095931
0.435 1.14942528735632 -81.3235795222367
0.485 -1.44329896907216 -82.7668784913089
0.541 3.14232902033272 -79.6245494709762
0.544 5.51470588235294 -74.1098435886232
0.518 -0.772200772200772 -74.882044360824
0.48 -1.25 -76.132044360824
0.536 11.5671641791045 -64.5648801817195
0.524 8.3969465648855 -56.167933616834
0.512 4.6875 -51.480433616834
0.465 -0.21505376344086 -51.6954873802749
0.529 4.34782608695652 -47.3476612933184
0.495 1.41414141414141 -45.933519879177
0.501 6.98602794411178 -38.9474919350652
0.504 -8.73015873015873 -47.6776506652239
0.5 -6.8 -54.4776506652239
0.522 8.04597701149425 -46.4316736537297
0.51 4.31372549019608 -42.1179481635336
0.506 -4.74308300395257 -46.8610311674862
0.441 -0.226757369614512 -47.0877885371007
0.516 5.42635658914729 -41.6614319479534
0.529 3.96975425330813 -37.6916776946453
0.504 2.38095238095238 -35.3107253136929
0.526 2.66159695817491 -32.649128355518
0.503 9.74155069582505 -22.9075776596929
0.513 3.7037037037037 -19.2038739559892
0.503 7.3558648111332 -11.848009144856
0.502 6.37450199203187 -5.47350715282415
0.49 16.3265306122449 10.8530234594208
0.504 2.77777777777778 13.6308012371985
0.545 2.75229357798165 16.3830948151802
0.573 5.41012216404887 21.793216979229
0.546 10.6227106227106 32.4159276019397
0.549 -3.4608378870674 28.9550897148723
0.565 9.02654867256637 37.9816383874386
0.583 12.5214408233276 50.5030792107663
0.537 3.53817504655493 54.0412542573212
0.516 5.42635658914729 59.4676108464685
0.512 7.421875 66.8894858464685
0.509 4.12573673870334 71.0152225851718
0.526 2.28136882129278 73.2965914064646
0.522 12.2605363984674 85.557127804932
0.516 -0.387596899224806 85.1695309057072
0.52 7.30769230769231 92.4772232133995
0.525 8.57142857142857 101.048651784828
0.506 12.6482213438735 113.696873128702
0.495 6.66666666666667 120.363539795368
0.501 7.78443113772455 128.147970933093
0.497 3.420523138833 131.568494071926
0.412 6.79611650485437 138.36461057678
0.443 3.83747178329571 142.202082360076
0.518 8.49420849420849 150.696290854284
0.469 7.0362473347548 157.732538189039
0.476 -2.94117647058824 154.791361718451
0.493 13.184584178499 167.97594589695
0.505 -4.15841584158416 163.817530055366
0.458 8.29694323144105 172.114473286807
0.481 13.0977130977131 185.21218638452
0.502 0.398406374501992 185.610592759022
0.499 11.8236472945892 197.434240053611
0.487 3.49075975359343 200.924999807205
0.513 4.87329434697856 205.798294154183
0.491 -4.27698574338086 201.521308410802
0.504 0 201.521308410802
0.549 0.546448087431694 202.067756498234
0.527 -1.70777988614801 200.359976612086
0.511 -1.36986301369863 198.990113598387
0.544 10.2941176470588 209.284231245446
0.542 12.9151291512915 222.199360396738
0.511 11.545988258317 233.745348655055
0.513 8.7719298245614 242.517278479616
0.47 -7.65957446808511 234.857704011531
0.51559934318555 -1.27388535031847 233.583818661212
