gc_content gc_skew gc_culm
0.448 6.25 6.25
0.472 6.35593220338983 12.6059322033898
0.473 1.47991543340381 14.0858476367936
0.474 -5.90717299578059 8.17867464101305
0.452 -2.21238938053097 5.96628526048207
0.417 -6.47482014388489 -0.50853488340282
0.48 -7.5 -8.00853488340282
0.46 2.60869565217391 -5.39983923122891
0.449 -4.23162583518931 -9.63146506641822
0.489 -0.204498977505112 -9.83596404392333
0.42 -6.66666666666667 -16.50263071059
0.421 -1.18764845605701 -17.690279166647
0.445 7.41573033707865 -10.2745488295684
0.43 -2.7906976744186 -13.065246503987
0.416 -4.32692307692308 -17.39216958091
0.473 0.211416490486258 -17.1807530904238
0.515 -4.46601941747573 -21.6467725078995
0.45 3.55555555555556 -18.0912169523439
0.411 2.18978102189781 -15.9014359304461
0.506 4.74308300395257 -11.1583529264936
0.481 2.28690228690229 -8.87145063959128
0.453 1.98675496688742 -6.88469567270386
0.464 9.91379310344828 3.02909743074441
0.507 -3.35305719921105 -0.323959768466633
0.506 5.92885375494071 5.60489398647408
0.523 -1.7208413001912 3.88405268628287
0.488 -1.22950819672131 2.65454448956156
0.492 -1.6260162601626 1.02852822939896
0.475 1.89473684210526 2.92326507150422
0.486 -2.46913580246914 0.454129269035089
0.501 -3.39321357285429 -2.9390843038192
0.46 -1.73913043478261 -4.67821473860181
0.443 9.25507900677201 4.5768642681702
0.473 6.13107822410148 10.7079424922717
0.467 2.78372591006424 13.4916684023359
0.486 -4.52674897119342 8.9649194311425
0.496 0.403225806451613 9.36814523759412
0.506 2.76679841897233 12.1349436565664
0.493 1.41987829614604 13.5548219527125
0.45 4 17.5548219527125
0.445 -11.0112359550562 6.54358599765631
0.488 -4.91803278688525 1.62555321077107
0.468 -2.13675213675214 -0.511198925981071
0.444 -5.40540540540541 -5.91660433138648
0.497 10.261569416499 4.34496508511252
0.448 4.46428571428571 8.80925079939823
0.463 4.1036717062635 12.9129225056617
0.452 2.21238938053097 15.1253118861927
0.449 6.90423162583519 22.0295435120279
0.488 9.83606557377049 31.8656090857984
0.462 14.2857142857143 46.1513233715127
0.465 8.38709677419355 54.5384201457062
0.444 8.10810810810811 62.6465282538143
0.512 3.125 65.7715282538143
0.474 -2.53164556962025 63.2398826841941
0.517 -0.58027079303675 62.6596118911573
0.42 -2.38095238095238 60.2786595102049
0.45 1.77777777777778 62.0564372879827
0.466 0.858369098712446 62.9148063866952
0.449 -9.57683741648107 53.3379689702141
0.504 0 53.3379689702141
0.453 3.3112582781457 56.6492272483598
0.471 6.15711252653928 62.8063397748991
0.473 -5.70824524312896 57.0980945317701
0.433 9.46882217090069 66.5669167026708
0.473 -1.90274841437632 64.6641682882945
0.48 4.58333333333333 69.2475016216278
0.461 8.02603036876356 77.2735319903914
0.469 10.0213219616205 87.2948539520118
0.483 -3.51966873706004 83.7751852149518
0.493 0.608519269776876 84.3837044847287
0.476 0.840336134453782 85.2240406191825
0.465 -1.0752688172043 84.1487718019782
0.487 10.0616016427105 94.2103734446886
0.473 -2.32558139534884 91.8847920493398
0.461 7.15835140997831 99.0431434593181
0.43 6.97674418604651 106.019887645365
0.453 14.3487858719647 120.368673517329
0.446 3.1390134529148 123.507686970244
0.475 1.05263157894737 124.560318549191
0.434 6.91244239631336 131.472760945505
0.452 7.07964601769912 138.552406963204
0.458 3.93013100436681 142.482537967571
0.488 0.409836065573771 142.892374033145
0.496 0 142.892374033145
0.478 -1.25523012552301 141.637143907621
0.473 -5.70824524312896 135.928898664493
0.472 -2.11864406779661 133.810254596696
0.48 -5.41666666666667 128.393587930029
0.403 2.72952853598015 131.123116466009
0.485 4.32989690721649 135.453013373226
0.483 1.86335403726708 137.316367410493
0.462 -0.865800865800866 136.450566544692
0.448 5.35714285714286 141.807709401835
0.455 2.41758241758242 144.225291819417
0.492 10.9756097560976 155.200901575515
0.495 1.01010101010101 156.211002585616
0.498 5.62248995983936 161.833492545455
0.421 3.56294536817102 165.396437913626
0.493 9.53346855983773 174.929906473464
0.491 -1.0183299389002 173.911576534564
0.503 3.77733598409543 177.688912518659
0.49 5.71428571428571 183.403198232945
0.507 10.0591715976331 193.462369830578
0.499 -1.00200400801603 192.460365822562
0.51 4.31372549019608 196.774091312758
0.516 4.26356589147287 201.037657204231
0.467 1.07066381156317 202.108321015794
0.472 8.47457627118644 210.582897286981
0.472 -1.27118644067797 209.311710846303
0.472 4.66101694915254 213.972727795455
0.512 4.296875 218.269602795455
0.525 5.90476190476191 224.174364700217
0.468 4.27350427350427 228.447868973721
0.486 -6.5843621399177 221.863506833804
0.459 8.06100217864924 229.924509012453
0.477 1.0482180293501 230.972727041803
0.497 4.62776659959759 235.600493641401
0.469 2.77185501066098 238.372348652062
0.473 10.3594080338266 248.731756685888
0.453 1.54525386313466 250.277010549023
0.458 5.67685589519651 255.953866444219
0.398 4.02010050251256 259.973966946732
0.425 -3.52941176470588 256.444555182026
0.487 -3.08008213552361 253.364473046502
0.392 -7.14285714285714 246.221615903645
0.386 -3.10880829015544 243.11280761349
0.445 0.224719101123595 243.337526714614
0.535 -6.91588785046729 236.421638864146
0.481 6.02910602910603 242.450744893252
0.454 -12.3348017621145 230.115943131138
0.457 -0.656455142231947 229.459487988906
0.439 -2.0501138952164 227.409374093689
0.427 -8.19672131147541 219.212652782214
0.414 3.86473429951691 223.077387081731
0.474 -4.64135021097046 218.43603687076
0.53 -13.5849056603774 204.851131210383
0.479 2.2964509394572 207.14758214984
0.447 2.9082774049217 210.055859554762
0.472 -4.66101694915254 205.394842605609
0.451 6.87361419068736 212.268456796297
0.586 11.6040955631399 223.872552359437
0.565 3.00884955752212 226.881401916959
0.464 -2.1551724137931 224.726229503166
0.501 -7.78443113772455 216.941798365441
0.48 0 216.941798365441
0.465 4.51612903225806 221.457927397699
0.475 7.36842105263158 228.826348450331
0.464 8.62068965517241 237.447038105503
0.455 12.5274725274725 249.974510632976
0.539 -6.49350649350649 243.481004139469
0.482 -4.9792531120332 238.501751027436
0.485 11.340206185567 249.841957213003
0.475 2.73684210526316 252.578799318266
0.452 1.32743362831858 253.906232946585
0.449 -1.11358574610245 252.792647200482
0.483 7.2463768115942 260.039024012077
0.504 6.74603174603175 266.785055758108
0.508 8.66141732283465 275.446473080943
0.488 3.68852459016393 279.134997671107
0.522 -0.383141762452107 278.751855908655
0.462 12.5541125541126 291.305968462767
0.475 6.52631578947368 297.832284252241
0.552 3.6231884057971 301.455472658038
0.54 2.59259259259259 304.048065250631
0.533 -1.68855534709193 302.359509903539
0.479 3.96659707724426 306.326106980783
0.512 -2.734375 303.591731980783
0.514 7.39299610894942 310.984728089732
0.49 5.30612244897959 316.290850538712
0.488 4.50819672131148 320.799047260024
0.412 -2.9126213592233 317.8864259008
0.49 7.75510204081633 325.641527941617
0.472 0.423728813559322 326.065256755176
0.483 3.93374741200828 329.999004167184
0.525 12 341.999004167184
0.495 0.202020202020202 342.201024369204
0.494 -3.64372469635628 338.557299672848
0.471 9.12951167728238 347.68681135013
0.47 8.08510638297872 355.771917733109
0.486 0 355.771917733109
0.494 17.4089068825911 373.1808246157
0.485 1.03092783505155 374.211752450752
0.466 5.5793991416309 379.791151592383
0.478 4.18410041841004 383.975252010793
0.513 5.26315789473684 389.23840990553
0.473 2.32558139534884 391.563991300878
0.469 -0.639658848614073 390.924332452264
0.46 9.56521739130435 400.489549843569
0.479 5.21920668058455 405.708756524153
0.433 16.8591224018476 422.567878926001
0.447 3.35570469798658 425.923583623987
0.464 -1.72413793103448 424.199445692953
0.463 -0.647948164146868 423.551497528806
0.486 2.88065843621399 426.43215596502
0.471 3.18471337579618 429.616869340816
0.477 6.91823899371069 436.535108334527
0.514 4.28015564202335 440.81526397655
0.454 0.881057268722467 441.696321245273
0.514 5.44747081712062 447.143792062393
0.487 5.5441478439425 452.687939906336
0.436 10.5504587155963 463.238398621932
0.428 10.2803738317757 473.518772453708
0.415 -0.72289156626506 472.795880887443
0.449 8.68596881959911 481.481849707042
0.497 4.22535211267606 485.707201819718
0.487 -1.84804928131417 483.859152538404
0.412 -1.94174757281553 481.917404965588
0.431 5.80046403712297 487.717869002711
0.38 -6.84210526315789 480.875763739553
0.389 16.1953727506427 497.071136490196
0.49 -2.44897959183673 494.622156898359
0.493 -2.23123732251521 492.390919575844
0.479 -5.21920668058455 487.17171289526
0.431 -4.87238979118329 482.299323104076
0.43 -3.72093023255814 478.578392871518
0.456 -4.3859649122807 474.192427959237
0.497 -9.85915492957746 464.33327302966
0.561 -0.17825311942959 464.15501991023
0.441 3.40136054421769 467.556380454448
0.497 -8.24949698189135 459.306883472557
0.456 -5.26315789473684 454.04372557782
0.534 -1.49812734082397 452.545598236996
0.514 3.50194552529183 456.047543762288
0.46 2.60869565217391 458.656239414462
0.462 -0.432900432900433 458.223338981561
0.479 -4.38413361169102 453.83920536987
0.48 2.08333333333333 455.922538703204
0.462 3.8961038961039 459.818642599307
0.496 -0.806451612903226 459.012190986404
0.478 -3.34728033472803 455.664910651676
0.514 0 455.664910651676
0.478 14.6443514644351 470.309262116111
0.459 14.161220043573 484.470482159684
0.463 16.1987041036717 500.669186263356
0.449 -7.79510022271715 492.874086040639
0.448 3.125 495.999086040639
0.471 -1.06157112526539 494.937514915373
0.491 -3.86965376782077 491.067861147553
0.508 7.08661417322835 498.154475320781
0.488 7.78688524590164 505.941360566683
0.506 3.16205533596838 509.103415902651
0.48 8.33333333333333 517.436749235984
0.486 0.823045267489712 518.259794503474
0.46 5.65217391304348 523.911968416518
0.425 5.88235294117647 529.794321357694
0.434 6.91244239631336 536.706763754007
0.485 6.39175257731959 543.098516331327
0.496 7.25806451612903 550.356580847456
0.442 6.33484162895928 556.691422476415
0.481 7.27650727650728 563.967929752923
0.489 3.06748466257669 567.035414415499
0.502 5.57768924302789 572.613103658527
0.453 7.72626931567329 580.339372974201
0.507 6.11439842209073 586.453771396291
0.476 -2.52100840336134 583.93276299293
0.443 3.83747178329571 587.770234776225
0.474 6.32911392405063 594.099348700276
0.497 5.83501006036217 599.934358760638
0.489 7.56646216768916 607.500820928327
0.48 8.33333333333333 615.834154261661
0.39 6.66666666666667 622.500820928327
0.476 9.2436974789916 631.744518407319
0.494 7.69230769230769 639.436826099627
0.474 11.8143459915612 651.251172091188
0.459 9.3681917211329 660.619363812321
0.49 6.12244897959184 666.741812791913
0.503 4.57256461232604 671.314377404239
0.439 -1.13895216400911 670.17542524023
0.433 11.3163972286374 681.491822468867
0.462 12.987012987013 694.47883545588
0.47 7.23404255319149 701.712878009072
0.47 14.8936170212766 716.606495030348
0.467 11.7773019271949 728.383796957543
0.462 10.3896103896104 738.773407347153
0.467 17.3447537473233 756.118161094477
0.458 14.410480349345 770.528641443822
0.447 16.7785234899329 787.307164933755
0.436 7.79816513761468 795.105330071369
0.439 10.7061503416856 805.811480413055
0.462 7.35930735930736 813.170787772362
0.488 13.9344262295082 827.10521400187
0.51 18.0392156862745 845.144429688145
0.471 5.30785562632696 850.452285314472
0.474 19.4092827004219 869.861568014894
0.496 7.66129032258065 877.522858337475
0.481 11.018711018711 888.541569356186
0.498 3.21285140562249 891.754420761808
0.547 3.10786106032907 894.862281822137
0.55 5.09090909090909 899.953190913046
0.451 7.76053215077605 907.713723063822
0.508 19.2913385826772 927.005061646499
0.461 14.5336225596529 941.538684206152
0.498 8.43373493975904 949.972419145911
0.493 4.25963488843813 954.23205403435
0.444 5.85585585585586 960.087909890205
0.456 3.50877192982456 963.59668182003
0.45 4.44444444444444 968.041126264474
0.485 7.21649484536082 975.257621109835
0.466 4.72103004291846 979.978651152754
0.463 12.3110151187905 992.289666271544
0.422 15.1658767772512 1007.4555430488
0.471 9.12951167728238 1016.58505472608
0.465 8.38709677419355 1024.97215150027
0.437 7.55148741418764 1032.52363891446
0.477 4.82180293501048 1037.34544184947
0.454 7.9295154185022 1045.27495726797
0.449 16.7037861915368 1061.97874345951
0.443 -1.58013544018059 1060.39860801933
0.447 18.5682326621924 1078.96684068152
0.425 9.64705882352941 1088.61389950505
0.416 8.65384615384615 1097.2677456589
0.447 14.9888143176734 1112.25655997657
0.433 7.15935334872979 1119.4159133253
0.447 6.48769574944072 1125.90360907474
0.432 20.3703703703704 1146.27397944511
0.43 20.4651162790698 1166.73909572418
0.479 9.81210855949896 1176.55120428368
0.461 8.02603036876356 1184.57723465244
0.434 16.5898617511521 1201.16709640359
0.483 13.871635610766 1215.03873201436
0.44 7.72727272727273 1222.76600474163
0.475 2.73684210526316 1225.5028468469
0.467 4.06852248394004 1229.57136933084
0.452 14.1592920353982 1243.73066136623
0.441 4.30839002267574 1248.03905138891
0.475 9.89473684210526 1257.93378823102
0.443 9.25507900677201 1267.18886723779
0.452 9.29203539823009 1276.48090263602
0.473 9.09090909090909 1285.57181172693
0.446 4.48430493273543 1290.05611665966
0.429 3.4965034965035 1293.55262015617
0.477 2.30607966457023 1295.85869982074
0.476 13.4453781512605 1309.304077972
0.456 21.9298245614035 1331.2339025334
0.441 12.9251700680272 1344.15907260143
0.445 17.752808988764 1361.91188159019
0.445 14.6067415730337 1376.51862316322
0.42 9.04761904761905 1385.56624221084
0.428 16.3551401869159 1401.92138239776
0.509 10.8055009823183 1412.72688338008
0.507 14.792899408284 1427.51978278836
0.469 21.1087420042644 1448.62852479263
0.441 15.6462585034014 1464.27478329603
0.45 11.5555555555556 1475.83033885158
0.454 23.7885462555066 1499.61888510709
0.411 13.8686131386861 1513.48749824578
0.46 9.56521739130435 1523.05271563708
0.481 6.02910602910603 1529.08182166619
0.457 10.2844638949672 1539.36628556115
0.447 10.5145413870246 1549.88082694818
0.458 18.7772925764192 1568.6581195246
0.452 8.84955752212389 1577.50767704672
0.455 12.5274725274725 1590.03514957419
0.527 8.91840607210626 1598.9535556463
0.472 11.0169491525424 1609.97050479884
0.475 12.8421052631579 1622.812610062
0.446 11.2107623318386 1634.02337239384
0.493 0.608519269776876 1634.63189166362
0.48 -0.416666666666667 1634.21522499695
0.461 6.72451193058568 1640.93973692754
0.489 11.6564417177914 1652.59617864533
0.448 2.23214285714286 1654.82832150247
0.466 8.58369098712446 1663.41201248959
0.488 9.83606557377049 1673.24807806336
0.488 21.3114754098361 1694.5595534732
0.437 16.7048054919908 1711.26435896519
0.452 6.63716814159292 1717.90152710678
0.491 13.2382892057026 1731.13981631249
0.483 18.4265010351967 1749.56631734768
0.454 9.69162995594714 1759.25794730363
0.436 6.88073394495413 1766.13868124858
0.473 12.8964059196617 1779.03508716825
0.451 10.8647450110865 1789.89983217933
0.437 9.38215102974828 1799.28198320908
0.433 3.92609699769053 1803.20808020677
0.498 -12.85140562249 1790.35667458428
0.44 6.36363636363636 1796.72031094792
0.441 14.2857142857143 1811.00602523363
0.448 15.1785714285714 1826.1845966622
0.373 1.34048257372654 1827.52507923593
0.394 0.50761421319797 1828.03269344913
0.43 1.86046511627907 1829.89315856541
0.448 -2.23214285714286 1827.66101570826
0.474 -5.48523206751055 1822.17578364075
0.423 13.0023640661939 1835.17814770695
0.46 9.1304347826087 1844.30858248956
0.423 6.38297872340426 1850.69156121296
0.392 20.9183673469388 1871.6099285599
0.451 18.4035476718404 1890.01347623174
0.472 11.4406779661017 1901.45415419784
0.441 11.5646258503401 1913.01878004818
0.457 4.59518599562363 1917.61396604381
0.401 1.24688279301746 1918.86084883682
0.438 -7.30593607305936 1911.55491276376
0.473 13.3192389006343 1924.8741516644
0.477 16.1425576519916 1941.01670931639
0.471 9.97876857749469 1950.99547789388
0.453 19.205298013245 1970.20077590713
0.443 6.99774266365688 1977.19851857079
0.439 7.06150341685649 1984.26002198764
0.436 11.4678899082569 1995.7279118959
0.443 9.25507900677201 2004.98299090267
0.43 1.86046511627907 2006.84345601895
0.451 14.4124168514412 2021.25587287039
0.461 0.650759219088937 2021.90663208948
0.453 13.4657836644592 2035.37241575394
0.458 7.4235807860262 2042.79599653997
0.469 12.1535181236674 2054.94951466363
0.487 -1.43737166324435 2053.51214300039
0.47 5.95744680851064 2059.4695898089
0.476 10.9243697478992 2070.3939595568
0.444 10.8108108108108 2081.20477036761
0.458 9.17030567685589 2090.37507604447
0.484 8.26446280991735 2098.63953885438
0.494 14.9797570850202 2113.6192959394
0.425 9.64705882352941 2123.26635476293
0.414 19.3236714975845 2142.59002626052
0.441 8.84353741496599 2151.43356367548
0.49 5.30612244897959 2156.73968612446
0.472 8.47457627118644 2165.21426239565
0.484 16.9421487603306 2182.15641115598
0.497 9.45674044265593 2191.61315159864
0.629 5.88235294117647 2197.49550453981
0.666 7.50750750750751 2205.00301204732
0.624 -6.08974358974359 2198.91326845758
0.448 16.5178571428571 2215.43112560043
0.485 9.27835051546392 2224.7094761159
0.478 3.34728033472803 2228.05675645063
0.517 5.60928433268859 2233.66604078331
0.424 3.77358490566038 2237.43962568897
0.454 12.3348017621145 2249.77442745109
0.5 4.8 2254.57442745109
0.466 0.429184549356223 2255.00361200044
0.428 0.467289719626168 2255.47090172007
0.465 17.8494623655914 2273.32036408566
0.51 2.74509803921569 2276.06546212488
0.488 20.9016393442623 2296.96710146914
0.447 9.17225950782998 2306.13936097697
0.457 1.96936542669584 2308.10872640367
0.488 15.5737704918033 2323.68249689547
0.502 8.36653386454183 2332.04903076001
0.498 6.42570281124498 2338.47473357126
0.468 4.27350427350427 2342.74823784476
0.485 12.5773195876289 2355.32555743239
0.478 10.8786610878661 2366.20421852026
0.484 9.09090909090909 2375.29512761116
0.478 9.6234309623431 2384.91855857351
0.453 14.3487858719647 2399.26734444547
0.485 10.9278350515464 2410.19517949702
0.482 3.7344398340249 2413.92961933104
0.449 6.45879732739421 2420.38841665844
0.457 19.0371991247265 2439.42561578316
0.543 -12.707182320442 2426.71843346272
0.49 2.04081632653061 2428.75924978925
0.469 6.60980810234542 2435.3690578916
0.487 16.2217659137577 2451.59082380536
0.486 7.81893004115226 2459.40975384651
0.453 10.8167770419426 2470.22653088845
0.465 3.2258064516129 2473.45233734006
0.466 6.43776824034335 2479.89010558041
0.475 6.94736842105263 2486.83747400146
0.527 5.50284629981025 2492.34032030127
0.478 1.67364016736402 2494.01396046863
0.469 6.18336886993603 2500.19732933857
0.481 7.69230769230769 2507.88963703088
0.487 14.5790554414784 2522.46869247236
0.482 8.71369294605809 2531.18238541841
0.458 8.29694323144105 2539.47932864986
0.505 8.51485148514852 2547.994180135
0.466 7.72532188841202 2555.71950202342
0.534 6.36704119850187 2562.08654322192
0.472 8.47457627118644 2570.5611194931
0.434 0.460829493087558 2571.02194898619
0.45 12.8888888888889 2583.91083787508
0.431 0.232018561484919 2584.14285643657
0.513 7.99220272904483 2592.13505916561
0.473 11.6279069767442 2603.76296614235
0.433 9.46882217090069 2613.23178831326
0.463 14.902807775378 2628.13459608863
0.47 3.40425531914894 2631.53885140778
0.483 0.20703933747412 2631.74589074526
0.485 -3.91752577319588 2627.82836497206
0.441 2.04081632653061 2629.86918129859
0.429 12.8205128205128 2642.6896941191
0.522 5.3639846743295 2648.05367879343
0.513 9.94152046783626 2657.99519926127
0.51 3.92156862745098 2661.91676788872
0.534 16.4794007490637 2678.39616863778
0.467 4.06852248394004 2682.46469112172
0.516 6.58914728682171 2689.05383840855
0.496 1.20967741935484 2690.2635158279
0.505 -10.0990099009901 2680.16450592691
0.485 -2.2680412371134 2677.8964646898
0.484 4.13223140495868 2682.02869609476
0.507 13.2149901380671 2695.24368623282
0.509 7.66208251473477 2702.90576874756
0.464 12.9310344827586 2715.83680323032
0.507 0.19723865877712 2716.03404188909
0.547 7.12979890310786 2723.1638407922
0.485 8.8659793814433 2732.02982017364
0.468 5.98290598290598 2738.01272615655
0.466 3.43347639484979 2741.4462025514
0.496 5.24193548387097 2746.68813803527
0.498 2.40963855421687 2749.09777658949
0.532 9.77443609022556 2758.87221267971
0.5 13.2 2772.07221267971
0.511 6.45792563600783 2778.53013831572
0.468 15.3846153846154 2793.91475370034
0.502 -3.18725099601594 2790.72750270432
0.498 2.81124497991968 2793.53874768424
0.476 -6.72268907563025 2786.81605860861
0.444 -7.65765765765766 2779.15840095095
0.509 0.589390962671906 2779.74779191362
0.475 -2.31578947368421 2777.43200243994
0.497 11.8712273641851 2789.30322980413
0.462 5.62770562770563 2794.93093543183
0.429 9.09090909090909 2804.02184452274
0.48 -7.91666666666667 2796.10517785607
0.445 0.674157303370786 2796.77933515944
0.456 5.26315789473684 2802.04249305418
0.468 6.41025641025641 2808.45274946444
0.428 4.67289719626168 2813.1256466607
0.462 6.06060606060606 2819.18625272131
0.441 4.76190476190476 2823.94815748321
0.458 -1.31004366812227 2822.63811381509
0.411 1.21654501216545 2823.85465882725
0.43 -6.04651162790698 2817.80814719935
0.433 12.2401847575058 2830.04833195685
0.478 8.36820083682008 2838.41653279367
0.431 -1.62412993039443 2836.79240286328
0.435 0.689655172413793 2837.48205803569
0.452 -5.75221238938053 2831.72984564631
0.427 -6.79156908665105 2824.93827655966
0.441 -7.02947845804989 2817.90879810161
0.46 -6.08695652173913 2811.82184157987
0.496 5.64516129032258 2817.46700287019
0.498 -5.22088353413655 2812.24611933606
0.61 -4.26229508196721 2807.98382425409
0.571 -0.175131348511384 2807.80869290558
0.558 9.67741935483871 2817.48611226042
0.573 2.61780104712042 2820.10391330754
0.565 4.7787610619469 2824.88267436948
0.465 -0.645161290322581 2824.23751307916
0.478 5.43933054393305 2829.6768436231
0.455 10.3296703296703 2840.00651395277
0.456 17.5438596491228 2857.55037360189
0.437 8.92448512585812 2866.47485872775
0.417 0.239808153477218 2866.71466688122
0.487 -1.02669404517454 2865.68797283605
0.518 1.54440154440154 2867.23237438045
0.472 6.35593220338983 2873.58830658384
0.529 13.0434782608696 2886.63178484471
0.49 10.2040816326531 2896.83586647736
0.449 8.24053452115813 2905.07640099852
0.514 -6.6147859922179 2898.4616150063
0.513 -1.75438596491228 2896.70722904139
0.485 15.0515463917526 2911.75877543314
0.445 0.674157303370786 2912.43293273651
0.464 1.72413793103448 2914.15707066755
0.519 -11.7533718689788 2902.40369879857
0.485 -9.27835051546392 2893.12534828311
0.472 4.66101694915254 2897.78636523226
0.542 12.9151291512915 2910.70149438355
0.516 1.16279069767442 2911.86428508122
0.533 6.94183864915572 2918.80612373038
0.515 -1.35922330097087 2917.44690042941
0.449 -9.13140311804009 2908.31549731137
0.462 -3.8961038961039 2904.41939341527
0.504 -10.7142857142857 2893.70510770098
0.442 -2.26244343891403 2891.44266426207
0.42 6.19047619047619 2897.63314045254
0.454 -3.08370044052863 2894.54944001201
0.515 -6.79611650485437 2887.75332350716
0.472 1.69491525423729 2889.4482387614
0.471 -9.12951167728238 2880.31872708411
0.47 -6.38297872340426 2873.93574836071
0.433 1.61662817551963 2875.55237653623
0.45 -1.33333333333333 2874.2190432029
0.467 5.35331905781585 2879.57236226071
0.428 -17.7570093457944 2861.81535291492
0.45 -12 2849.81535291492
0.428 0.934579439252336 2850.74993235417
0.462 -0.432900432900433 2850.31703192127
0.49 -6.12244897959184 2844.19458294168
0.466 -5.15021459227468 2839.0443683494
0.443 -4.74040632054176 2834.30396202886
0.462 -0.432900432900433 2833.87106159596
0.413 -0.242130750605327 2833.62893084536
0.507 -4.93096646942801 2828.69796437593
0.486 -4.52674897119342 2824.17121540473
0.483 -11.3871635610766 2812.78405184366
0.47 1.27659574468085 2814.06064758834
0.43 -6.51162790697674 2807.54901968136
0.405 -12.5925925925926 2794.95642708877
0.385 -13.2467532467532 2781.70967384202
0.403 -12.6550868486352 2769.05458699338
0.434 -5.52995391705069 2763.52463307633
0.435 -10.3448275862069 2753.17980549012
0.44 -2.27272727272727 2750.9070782174
0.432 -4.62962962962963 2746.27744858777
0.434 -10.5990783410138 2735.67837024675
0.424 -5.18867924528302 2730.48969100147
0.402 -19.4029850746269 2711.08670592684
0.411 -3.64963503649635 2707.43707089035
0.442 -9.95475113122172 2697.48231975912
0.414 -2.89855072463768 2694.58376903449
0.451 -7.76053215077605 2686.82323688371
0.436 -11.0091743119266 2675.81406257178
0.53 -5.66037735849057 2670.15368521329
0.427 -3.98126463700234 2666.17242057629
0.415 -13.7349397590361 2652.43748081725
0.472 -12.7118644067797 2639.72561641047
0.422 -16.5876777251185 2623.13793868536
0.376 0 2623.13793868536
0.441 -12.4716553287982 2610.66628335656
0.442 -4.97737556561086 2605.68890779095
0.48 -0.833333333333333 2604.85557445761
0.481 -1.87110187110187 2602.98447258651
0.486 -7.40740740740741 2595.5770651791
0.463 7.99136069114471 2603.56842587025
0.495 -12.7272727272727 2590.84115314298
0.453 -9.49227373068433 2581.34887941229
0.462 -11.6883116883117 2569.66056772398
0.47 -8.93617021276596 2560.72439751121
0.48 -13.75 2546.97439751121
0.489 -14.519427402863 2532.45497010835
0.49 -8.97959183673469 2523.47537827162
0.423 -15.3664302600473 2508.10894801157
0.458 -6.55021834061135 2501.55872967096
0.425 -11.0588235294118 2490.49990614155
0.491 -15.2749490835031 2475.22495705804
0.485 -7.21649484536082 2468.00846221268
0.464 -5.60344827586207 2462.40501393682
0.485 -10.1030927835052 2452.30192115332
0.454 -9.69162995594714 2442.61029119737
0.493 -1.41987829614604 2441.19041290122
0.487 -5.5441478439425 2435.64626505728
0.502 -7.17131474103586 2428.47495031624
0.45 -14.2222222222222 2414.25272809402
0.456 -6.57894736842105 2407.6737807256
0.479 -5.21920668058455 2402.45457404502
0.463 -12.3110151187905 2390.14355892623
0.495 -3.03030303030303 2387.11325589592
0.48 -5.83333333333333 2381.27992256259
0.485 -11.7525773195876 2369.527345243
0.46 5.65217391304348 2375.17951915604
0.38 -0.526315789473684 2374.65320336657
0.416 -12.5 2362.15320336657
0.456 -14.4736842105263 2347.67951915604
0.462 -9.52380952380952 2338.15570963224
0.436 -1.37614678899083 2336.77956284325
0.472 -3.38983050847458 2333.38973233477
0.462 -1.2987012987013 2332.09103103607
0.483 -5.175983436853 2326.91504759922
0.399 -20.8020050125313 2306.11304258668
0.438 -15.0684931506849 2291.044549436
0.423 -15.3664302600473 2275.67811917595
0.451 -5.98669623059867 2269.69142294535
0.48 -20.4166666666667 2249.27475627869
0.432 -11.1111111111111 2238.16364516758
0.482 -7.88381742738589 2230.27982774019
0.513 -11.1111111111111 2219.16871662908
0.451 -13.0820399113082 2206.08667671777
0.487 -14.1683778234086 2191.91829889436
0.485 -7.21649484536082 2184.701804049
0.459 -16.7755991285403 2167.92620492046
0.437 -17.6201372997712 2150.30606762069
0.414 -11.5942028985507 2138.71186472214
0.433 -1.15473441108545 2137.55713031105
0.581 -5.67986230636833 2131.87726800469
0.596 -6.04026845637584 2125.83699954831
0.559 -5.18783542039356 2120.64916412792
0.463 -12.3110151187905 2108.33814900913
0.435 -6.20689655172414 2102.1312524574
0.47 -17.8723404255319 2084.25891203187
0.563 23.2682060390764 2107.52711807095
0.507 -1.77514792899408 2105.75197014195
0.498 -1.20481927710843 2104.54715086484
0.491 -3.46232179226069 2101.08482907258
0.473 -2.74841437632135 2098.33641469626
0.477 -6.49895178197065 2091.83746291429
0.462 -3.03030303030303 2088.80715988399
0.524 -0.763358778625954 2088.04380110536
0.469 2.3454157782516 2090.38921688361
0.435 -10.8045977011494 2079.58461918246
0.461 -8.02603036876356 2071.5585888137
0.518 -10.03861003861 2061.51997877509
0.524 2.29007633587786 2063.81005511097
0.486 0 2063.81005511097
0.521 -5.18234165067178 2058.6277134603
0.509 -4.12573673870334 2054.50197672159
0.495 -13.9393939393939 2040.5625827822
0.503 2.18687872763419 2042.74946150983
0.469 -2.3454157782516 2040.40404573158
0.463 3.23974082073434 2043.64378655232
0.466 1.71673819742489 2045.36052474974
0.443 -4.74040632054176 2040.6201184292
0.436 -5.96330275229358 2034.65681567691
0.407 -9.58230958230958 2025.0745060946
0.457 -11.1597374179431 2013.91476867665
0.462 -3.46320346320346 2010.45156521345
0.452 -4.42477876106195 2006.02678645239
0.482 -4.149377593361 2001.87740885903
0.464 -2.1551724137931 1999.72223644523
0.461 -8.89370932754881 1990.82852711768
0.43 -10.6976744186047 1980.13085269908
0.447 0.223713646532438 1980.35456634561
0.439 -4.32801822323462 1976.02654812238
0.462 -6.49350649350649 1969.53304162887
0.455 -13.8461538461538 1955.68688778272
0.439 -3.41685649202733 1952.27003129069
0.435 -2.52873563218391 1949.74129565851
0.492 -4.8780487804878 1944.86324687802
0.438 0.45662100456621 1945.31986788258
0.455 -3.2967032967033 1942.02316458588
0.466 -9.01287553648069 1933.0102890494
0.458 -3.05676855895197 1929.95352049045
0.418 -7.6555023923445 1922.2980180981
0.445 -8.76404494382022 1913.53397315428
0.472 -1.27118644067797 1912.26278671361
0.456 -2.19298245614035 1910.06980425747
0.487 -3.08008213552361 1906.98972212194
0.464 -0.862068965517241 1906.12765315642
0.484 -6.19834710743802 1899.92930604899
0.483 1.44927536231884 1901.37858141131
0.479 -1.46137787056367 1899.91720354074
0.498 2.40963855421687 1902.32684209496
0.437 -12.1281464530892 1890.19869564187
0.488 -1.63934426229508 1888.55935137957
0.482 -1.6597510373444 1886.89960034223
0.497 -0.603621730382294 1886.29597861185
0.453 -7.72626931567329 1878.56970929617
0.542 -5.53505535055351 1873.03465394562
0.537 -7.63500931098696 1865.39964463463
0.529 -2.45746691871456 1862.94217771592
0.47 -4.68085106382979 1858.26132665209
0.435 1.60919540229885 1859.87052205439
0.47 -10.6382978723404 1849.23222418205
0.468 -14.1025641025641 1835.12966007948
0.454 -9.2511013215859 1825.8785587579
0.479 -8.55949895615866 1817.31905980174
0.424 -8.0188679245283 1809.30019187721
0.471 -6.15711252653928 1803.14307935067
0.46 -14.7826086956522 1788.36047065502
0.464 -5.17241379310345 1783.18805686192
0.465 -7.95698924731183 1775.2310676146
0.452 -7.07964601769912 1768.15142159691
0.462 -16.017316017316 1752.13410557959
0.506 -13.0434782608696 1739.09062731872
0.444 -9.90990990990991 1729.18071740881
0.444 -20.2702702702703 1708.91044713854
0.462 -11.2554112554113 1697.65503588313
0.497 -4.22535211267606 1693.42968377045
0.482 -5.39419087136929 1688.03549289908
0.43 -7.44186046511628 1680.59363243397
0.484 -4.13223140495868 1676.46140102901
0.482 -12.0331950207469 1664.42820600826
0.457 -6.78336980306346 1657.6448362052
0.46 -5.65217391304348 1651.99266229215
0.495 -1.01010101010101 1650.98256128205
0.461 -3.68763557483731 1647.29492570722
0.5 -10 1637.29492570722
0.432 -15.7407407407407 1621.55418496647
0.463 -6.26349892008639 1615.29068604639
0.479 -6.05427974947808 1609.23640629691
0.422 0.947867298578199 1610.18427359549
0.45 -3.55555555555556 1606.62871803993
0.475 -6.10526315789474 1600.52345488204
0.448 1.78571428571429 1602.30916916775
0.445 4.71910112359551 1607.02827029135
0.491 7.12830957230143 1614.15657986365
0.445 -3.37078651685393 1610.7857933468
0.419 -4.05727923627685 1606.72851411052
0.443 -8.80361173814898 1597.92490237237
0.508 1.5748031496063 1599.49970552198
0.506 3.55731225296443 1603.05701777494
0.542 8.48708487084871 1611.54410264579
0.476 0.840336134453782 1612.38443878024
0.483 2.27743271221532 1614.66187149246
0.502 -14.7410358565737 1599.92083563588
0.521 -25.9117082533589 1574.00912738253
0.481 -3.95010395010395 1570.05902343242
0.441 -8.39002267573696 1561.66900075668
0.446 2.24215246636771 1563.91115322305
0.451 4.21286031042129 1568.12401353347
0.445 0.674157303370786 1568.79817083684
0.464 -9.91379310344828 1558.8843777334
0.427 -4.44964871194379 1554.43472902145
0.453 7.28476821192053 1561.71949723337
0.459 -1.52505446623094 1560.19444276714
0.476 -1.68067226890756 1558.51377049823
0.511 -9.98043052837573 1548.53333996986
0.51 -2.35294117647059 1546.18039879339
0.494 2.02429149797571 1548.20469029136
0.52 -3.07692307692308 1545.12776721444
0.464 -0.862068965517241 1544.26569824892
0.494 -9.31174089068826 1534.95395735824
0.444 -2.25225225225225 1532.70170510598
0.516 -4.26356589147287 1528.43813921451
0.488 -11.8852459016393 1516.55289331287
0.498 -6.82730923694779 1509.72558407592
0.481 -6.86070686070686 1502.86487721522
0.455 -19.1208791208791 1483.74399809434
0.433 -9.00692840646651 1474.73706968787
0.424 -9.43396226415094 1465.30310742372
0.456 -15.7894736842105 1449.51363373951
0.485 -10.5154639175258 1438.99816982198
0.474 -14.3459915611814 1424.6521782608
0.483 -8.48861283643892 1416.16356542436
0.459 -15.0326797385621 1401.1308856858
0.514 -2.72373540856031 1398.40715027724
0.477 -6.91823899371069 1391.48891128353
0.458 -9.60698689956332 1381.88192438397
0.479 -8.97703549060543 1372.90488889336
0.469 -11.3006396588486 1361.60424923451
0.484 -5.37190082644628 1356.23234840807
0.458 -3.49344978165939 1352.73889862641
0.491 -7.53564154786151 1345.20325707855
0.444 -3.6036036036036 1341.59965347494
0.465 -7.95698924731183 1333.64266422763
0.424 -14.1509433962264 1319.4917208314
0.434 -11.5207373271889 1307.97098350421
0.441 -11.1111111111111 1296.8598723931
0.431 -4.87238979118329 1291.98748260192
0.446 -2.24215246636771 1289.74533013555
0.466 -4.29184549356223 1285.45348464199
0.505 -7.72277227722772 1277.73071236476
0.46 -11.304347826087 1266.42636453868
0.467 -12.2055674518201 1254.22079708686
0.486 -11.9341563786008 1242.28664070825
0.436 -7.79816513761468 1234.48847557064
0.476 -9.66386554621849 1224.82461002442
0.479 3.96659707724426 1228.79120710167
0.416 0 1228.79120710167
0.445 -1.57303370786517 1227.2181733938
0.449 -0.22271714922049 1226.99545624458
0.451 -4.21286031042129 1222.78259593416
0.458 9.17030567685589 1231.95290161101
0.453 3.75275938189845 1235.70566099291
0.491 -7.94297352342159 1227.76268746949
0.467 -9.63597430406852 1218.12671316542
0.48 -6.66666666666667 1211.46004649876
0.458 -8.73362445414847 1202.72642204461
0.464 -12.5 1190.22642204461
0.478 -19.2468619246862 1170.97956011992
0.472 -12.2881355932203 1158.6914245267
0.438 -3.65296803652968 1155.03845649017
0.44 4.54545454545455 1159.58391103563
0.424 2.83018867924528 1162.41409971487
0.399 -11.2781954887218 1151.13590422615
0.391 -3.32480818414322 1147.81109604201
0.439 -2.50569476082005 1145.30540128119
0.448 -1.33928571428571 1143.9661155669
0.443 -9.25507900677201 1134.71103656013
0.465 -4.51612903225806 1130.19490752787
0.433 -6.23556581986143 1123.95934170801
0.502 -3.18725099601594 1120.77209071199
0.459 -7.62527233115468 1113.14681838084
0.473 -1.05708245243129 1112.08973592841
0.458 -4.36681222707424 1107.72292370133
0.449 -6.90423162583519 1100.8186920755
0.475 -1.89473684210526 1098.92395523339
0.517 7.54352030947776 1106.46747554287
0.505 -2.57425742574257 1103.89321811713
0.484 7.43801652892562 1111.33123464605
0.499 -6.61322645290581 1104.71800819315
0.468 -1.70940170940171 1103.00860648375
0.439 3.87243735763098 1106.88104384138
0.491 -6.31364562118126 1100.5673982202
0.459 -0.217864923747277 1100.34953329645
0.404 -9.40594059405941 1090.94359270239
0.445 -11.0112359550562 1079.93235674733
0.46 6.52173913043478 1086.45409587777
0.476 -14.2857142857143 1072.16838159205
0.498 -5.22088353413655 1066.94749805792
0.471 -7.43099787685775 1059.51650018106
0.625 -3.36 1056.15650018106
0.499 8.61723446893788 1064.77373465
0.542 -3.690036900369 1061.08369774963
0.458 -5.67685589519651 1055.40684185443
0.492 -10.5691056910569 1044.83773616337
0.486 -12.3456790123457 1032.49205715103
0.499 -16.6332665330661 1015.85879061796
0.493 1.41987829614604 1017.27866891411
0.488 -7.78688524590164 1009.49178366821
0.481 -12.2661122661123 997.225671402095
0.489 -11.6564417177914 985.569229684303
0.503 -4.57256461232604 980.996665071977
0.441 -5.21541950113379 975.781245570843
0.483 -6.83229813664596 968.948947434197
0.431 -5.80046403712297 963.148483397074
0.469 -5.75692963752665 957.391553759548
0.425 -4.94117647058824 952.45037728896
0.469 -6.18336886993603 946.267008419023
0.495 -17.979797979798 928.287210439226
0.455 -18.6813186813187 909.605891757907
0.458 -2.18340611353712 907.42248564437
0.469 -5.33049040511727 902.091995239252
0.406 -5.91133004926108 896.180665189991
0.402 4.47761194029851 900.65827713029
0.433 0.23094688221709 900.889224012507
0.428 -6.07476635514019 894.814457657367
0.388 -10.3092783505155 884.505179306851
0.364 -12.0879120879121 872.417267218939
0.442 -2.26244343891403 870.154823780025
0.434 -4.60829493087558 865.54652884915
0.475 -9.05263157894737 856.493897270202
0.458 4.36681222707424 860.860709497277
0.405 -6.66666666666667 854.19404283061
0.47 -4.25531914893617 849.938723681674
0.459 -9.80392156862745 840.134802113046
0.484 -8.67768595041322 831.457116162633
0.461 -12.7982646420824 818.658851520551
0.495 -7.87878787878788 810.780063641763
0.465 -7.09677419354839 803.683289448214
0.49 -10.2040816326531 793.479207815561
0.454 -10.1321585903084 783.347049225253
0.472 -1.27118644067797 782.075862784575
0.438 1.82648401826484 783.90234680284
0.477 -9.43396226415094 774.468384538689
0.498 -12.4497991967871 762.018585341902
0.452 -7.07964601769912 754.938939324203
0.447 -6.04026845637584 748.898670867827
0.48 -5 743.898670867827
0.483 -13.0434782608696 730.855192606957
0.491 -8.75763747454175 722.097555132415
0.457 -5.47045951859956 716.627095613816
0.544 -2.20588235294118 714.421213260875
0.464 -8.62068965517241 705.800523605702
0.452 0.442477876106195 706.243001481808
0.485 -1.85567010309278 704.387331378716
0.427 -8.19672131147541 696.19061006724
0.449 -19.3763919821826 676.814218085058
0.433 -8.54503464203233 668.269183443025
0.445 -17.752808988764 650.516374454261
0.447 -19.4630872483221 631.053287205939
0.445 -3.82022471910112 627.233062486838
0.463 -14.0388768898488 613.194185596989
0.474 -7.59493670886076 605.599248888128
0.487 -8.82956878850103 596.769680099627
0.472 -9.32203389830508 587.447646201322
0.465 -0.645161290322581 586.802484911
0.507 -6.50887573964497 580.293609171355
0.474 -8.43881856540084 571.854790605954
0.393 -11.4503816793893 560.404408926565
0.459 -12.8540305010893 547.550378425475
0.488 -6.55737704918033 540.993001376295
0.459 -3.7037037037037 537.289297672591
0.39 -12.8205128205128 524.468784852078
0.408 -21.078431372549 503.390353479529
0.41 -14.6341463414634 488.756207138066
0.47 -5.95744680851064 482.798760329555
0.452 -0.884955752212389 481.913804577343
0.423 -9.69267139479905 472.221133182544
0.438 -2.73972602739726 469.481407155147
0.482 -8.29875518672199 461.182651968425
0.39 -3.58974358974359 457.592908378681
0.437 -9.38215102974828 448.210757348933
0.43 0 448.210757348933
0.442 -10.4072398190045 437.803517529928
0.431 -3.94431554524362 433.859201984685
0.435 5.28735632183908 439.146558306524
0.402 -12.4378109452736 426.70874736125
0.418 -9.09090909090909 417.617838270341
0.437 -5.720823798627 411.897014471714
0.426 -7.981220657277 403.915793814437
0.396 -7.57575757575758 396.340036238679
0.415 -4.09638554216868 392.243650696511
0.438 4.10958904109589 396.353239737607
0.39 4.1025641025641 400.455803840171
0.397 3.27455919395466 403.730363034125
0.46 12.1739130434783 415.904276077604
0.399 -5.76441102756892 410.139865050035
0.396 -17.1717171717172 392.968147878317
0.42 -14.2857142857143 378.682433592603
0.388 -19.0721649484536 359.61026864415
0.354 -15.2542372881356 344.356031356014
0.312 -2.56410256410256 341.791928791911
0.319 -4.07523510971787 337.716693682194
0.331 -12.3867069486405 325.329986733553
0.353 3.11614730878187 328.446134042335
0.387 -11.1111111111111 317.335022931224
0.372 -6.98924731182796 310.345775619396
0.41 -6.34146341463415 304.004312204762
0.493 -9.12778904665314 294.876523158109
0.481 -12.6819126819127 282.194610476196
0.467 -5.78158458244111 276.413025893755
0.474 -8.0168776371308 268.396148256624
0.466 -7.72532188841202 260.670826368212
0.468 -4.27350427350427 256.397322094708
0.446 -1.79372197309417 254.603600121614
0.47 -9.36170212765957 245.241897993954
0.464 -12.0689655172414 233.172932476713
0.459 -12.4183006535948 220.754631823118
0.469 -15.138592750533 205.616039072585
0.419 -15.035799522673 190.580239549912
0.491 -11.2016293279022 179.37861022201
0.456 -17.1052631578947 162.273347064115
0.457 -8.09628008752735 154.177066976587
0.472 -10.1694915254237 144.007575451164
0.453 -7.72626931567329 136.28130613549
0.459 -11.5468409586057 124.734465176885
0.472 -4.66101694915254 120.073448227732
0.498 -2.40963855421687 117.663809673515
0.483 -2.27743271221532 115.3863769613
0.504 -4.36507936507936 111.021297596221
0.491 -7.53564154786151 103.485656048359
0.504 -2.77777777777778 100.707878270581
0.467 -13.9186295503212 86.7892487202602
0.496 -4.43548387096774 82.3537648492924
0.455 -2.85714285714286 79.4966219921496
0.482 -4.5643153526971 74.9323066394525
0.529 -3.21361058601134 71.7186960534411
0.479 -6.05427974947808 65.6644163039631
0.49 -12.2448979591837 53.4195183447794
0.464 -13.3620689655172 40.0574493792621
0.449 -16.7037861915368 23.3536631877254
0.472 -2.11864406779661 21.2350191199288
0.44 9.09090909090909 30.3259282108379
0.462 10.3896103896104 40.7155386004483
0.431 6.72853828306264 47.4440768835109
0.402 -11.4427860696517 36.0012908138592
0.401 -5.7356608478803 30.2656299659789
0.456 -13.1578947368421 17.1077352291368
0.468 -15.8119658119658 1.29576941717094
0.502 -3.98406374501992 -2.68829432784898
0.5 -5.2 -7.88829432784898
0.533 -2.06378986866792 -9.9520841965169
0.485 -6.80412371134021 -16.7562079078571
0.509 -3.7328094302554 -20.4890173381125
0.505 -15.2475247524752 -35.7365420905878
0.496 -9.67741935483871 -45.4139614454265
0.488 -0.819672131147541 -46.233633576574
0.474 -12.6582278481013 -58.8918614246753
0.49 -16.3265306122449 -75.2183920369202
0.468 4.7008547008547 -70.5175373360655
0.474 0 -70.5175373360655
0.469 -3.19829424307036 -73.7158315791358
0.436 -5.96330275229358 -79.6791343314294
0.453 -13.9072847682119 -93.5864190996413
0.435 -10.8045977011494 -104.391016800791
0.475 -7.78947368421053 -112.180490485001
0.468 -12.8205128205128 -125.001003305514
0.462 -9.09090909090909 -134.091912396423
0.46 -10.4347826086957 -144.526695005119
0.434 -8.75576036866359 -153.282455373782
0.496 -12.5 -165.782455373782
0.456 -10.0877192982456 -175.870174672028
0.449 -8.68596881959911 -184.556143491627
0.478 -20.5020920502092 -205.058235541836
0.457 -12.035010940919 -217.093246482755
0.463 -11.4470842332613 -228.540330716017
0.488 -11.4754098360656 -240.015740552082
0.452 -15.0442477876106 -255.059988339693
0.464 -15.5172413793103 -270.577229719003
0.442 -10.8597285067873 -281.436958225791
0.413 -6.53753026634383 -287.974488492134
0.461 -7.15835140997831 -295.132839902113
0.467 -13.9186295503212 -309.051469452434
0.469 -11.3006396588486 -320.352109111283
0.465 -8.81720430107527 -329.169313412358
0.48 -5.41666666666667 -334.585980079025
0.444 1.35135135135135 -333.234628727673
0.456 -9.64912280701754 -342.883751534691
0.445 -11.4606741573034 -354.344425691994
0.475 -10.3157894736842 -364.660215165678
0.473 -10.7822410147992 -375.442456180477
0.504 -13.4920634920635 -388.934519672541
0.463 -7.55939524838013 -396.493914920921
0.459 -1.08932461873638 -397.583239539657
0.454 -11.4537444933921 -409.03698403305
0.477 -8.17610062893082 -417.21308466198
0.446 -7.62331838565022 -424.836403047631
0.455 -2.85714285714286 -427.693545904773
0.487 -8.41889117043121 -436.112437075205
0.464 -1.72413793103448 -437.836575006239
0.461 0.216919739696312 -437.619655266543
0.495 11.9191919191919 -425.700463347351
0.466 -1.71673819742489 -427.417201544776
0.467 -6.20985010706638 -433.627051651842
0.441 -4.30839002267574 -437.935441674518
0.464 -7.32758620689655 -445.263027881414
0.484 -10.3305785123967 -455.593606393811
0.47 -5.53191489361702 -461.125521287428
0.468 -14.5299145299145 -475.655435817343
0.415 -9.39759036144578 -485.053026178788
0.438 -14.1552511415525 -499.208277320341
0.471 -14.2250530785563 -513.433330398897
0.472 -3.38983050847458 -516.823160907372
0.474 -12.6582278481013 -529.481388755473
0.48 -5.83333333333333 -535.314722088806
0.472 -2.96610169491525 -538.280823783722
0.486 -7.40740740740741 -545.688231191129
0.488 -10.655737704918 -556.343968896047
0.473 -17.5475687103594 -573.891537606406
0.455 -13.8461538461538 -587.73769145256
0.438 -20.5479452054795 -608.28563665804
0.476 -1.26050420168067 -609.54614085972
0.505 -3.36633663366337 -612.912477493384
0.469 -2.77185501066098 -615.684332504045
0.484 -6.61157024793388 -622.295902751979
0.466 -14.1630901287554 -636.458992880734
0.479 -10.2296450939457 -646.68863797468
0.466 -9.44206008583691 -656.130698060517
0.489 -13.7014314928425 -669.832129553359
0.478 -15.0627615062761 -684.894891059635
0.441 -12.9251700680272 -697.820061127663
0.486 -15.6378600823045 -713.457921209967
0.452 -16.3716814159292 -729.829602625896
0.463 2.37580993520518 -727.453792690691
0.486 -4.11522633744856 -731.56901902814
0.468 2.99145299145299 -728.577566036687
0.449 -18.4855233853007 -747.063089421987
0.455 -8.57142857142857 -755.634517993416
0.468 -12.8205128205128 -768.455030813929
0.491 -4.27698574338086 -772.73201655731
0.498 -10.0401606425703 -782.77217719988
0.473 -11.2050739957717 -793.977251195652
0.443 -5.19187358916479 -799.169124784816
0.455 -11.2087912087912 -810.377915993608
0.406 -6.40394088669951 -816.781856880307
0.456 -6.57894736842105 -823.360804248728
0.487 7.59753593429158 -815.763268314437
0.46 -6.52173913043478 -822.285007444871
0.486 0.411522633744856 -821.873484811126
0.468 3.84615384615385 -818.027330964973
0.456 -21.4912280701754 -839.518559035148
0.495 14.7474747474747 -824.771084287673
0.5 5.2 -819.571084287673
0.478 -5.02092050209205 -824.592004789765
0.443 -6.99774266365688 -831.589747453422
0.413 -2.6634382566586 -834.253185710081
0.411 -10.9489051094891 -845.20209081957
0.388 -7.21649484536082 -852.418585664931
0.475 -5.68421052631579 -858.102796191247
0.422 7.10900473933649 -850.99379145191
0.492 -1.21951219512195 -852.213303647032
0.547 3.10786106032907 -849.105442586703
0.527 -0.189753320683112 -849.295195907386
0.532 7.14285714285714 -842.152338764529
0.491 -8.75763747454175 -850.909976239071
0.479 -0.626304801670146 -851.536281040741
0.479 -11.0647181628392 -862.60099920358
0.431 -7.19257540603248 -869.793574609613
0.418 -8.13397129186603 -877.927545901479
0.428 -10.7476635514019 -888.67520945288
0.444 -3.6036036036036 -892.278813056484
0.422 2.8436018957346 -889.435211160749
0.462 -5.19480519480519 -894.630016355555
0.436 -5.96330275229358 -900.593319107848
0.445 4.26966292134831 -896.3236561865
0.443 1.12866817155756 -895.194988014942
0.436 -4.58715596330275 -899.782143978245
0.432 -1.38888888888889 -901.171032867134
0.432 1.85185185185185 -899.319181015282
0.439 -1.13895216400911 -900.458133179291
0.443 -3.83747178329571 -904.295604962587
0.451 -0.665188470066519 -904.960793432653
0.443 -8.35214446952596 -913.312937902179
0.414 -8.21256038647343 -921.525498288653
0.443 7.44920993227991 -914.076288356373
0.457 -15.9737417943107 -930.050030150684
0.502 -9.9601593625498 -940.010189513233
0.45 -8.44444444444444 -948.454633957678
0.444 -1.8018018018018 -950.25643575948
0.481 -1.03950103950104 -951.295936798981
0.486 -8.64197530864197 -959.937912107623
0.505 -13.2673267326733 -973.205238840296
0.491 -10.7942973523422 -983.999536192638
0.51 2.35294117647059 -981.646595016168
0.474 -6.32911392405063 -987.975708940218
0.502 -4.7808764940239 -992.756585434242
0.477 -1.0482180293501 -993.804803463592
0.418 -2.87081339712919 -996.675616860721
0.462 -1.73160173160173 -998.407218592323
0.476 -3.78151260504202 -1002.18873119737
0.466 6.43776824034335 -995.750962957022
0.45 5.77777777777778 -989.973185179244
0.458 7.86026200873362 -982.11292317051
0.46 -3.47826086956522 -985.591184040076
0.485 -3.91752577319588 -989.508709813271
0.465 -9.24731182795699 -998.756021641228
0.452 -6.19469026548673 -1004.95071190672
0.466 -0.429184549356223 -1005.37989645607
0.452 -7.52212389380531 -1012.90202034988
0.494290375203915 -6.93069306930693 -1019.83271341918
