gc_content gc_skew gc_culm
0.578 7.95847750865052 7.95847750865052
0.626 -1.2779552715655 6.68052223708502
0.639 5.4773082942097 12.1578305312947
0.648 4.32098765432099 16.4788181856157
0.638 0.626959247648903 17.1057774332646
0.64 4.6875 21.7932774332646
0.622 10.2893890675241 32.0826665007887
0.639 0.782472613458529 32.8651391142473
0.637 4.86656200941915 37.7317011236664
0.646 2.47678018575851 40.2084813094249
0.597 8.87772194304858 49.0862032524735
0.617 12.1555915721232 61.2417948245967
0.586 5.11945392491468 66.3612487495114
0.668 6.88622754491018 73.2474762944215
0.666 9.00900900900901 82.2564853034306
0.684 0.584795321637427 82.841280625068
0.649 -0.462249614791988 82.379031010276
0.631 7.44849445324881 89.8275254635248
0.571 4.37828371278459 94.2058091763094
0.593 15.008431703204 109.214240879513
0.645 10.077519379845 119.291760259358
0.638 10.0313479623824 129.323108221741
0.604 3.64238410596026 132.965492327701
0.625 4.32 137.285492327701
0.606 -3.3003300330033 133.985162294698
0.649 4.46841294298921 138.453575237687
0.67 8.65671641791045 147.110291655597
0.68 7.05882352941176 154.169115185009
0.658 3.64741641337386 157.816531598383
0.657 3.80517503805175 161.621706636435
0.64 2.8125 164.434206636435
0.669 9.41704035874439 173.851246995179
0.631 3.64500792393027 177.49625491911
0.625 2.4 179.89625491911
0.64 10 189.89625491911
0.584 7.19178082191781 197.088035741027
0.672 4.16666666666667 201.254702407694
0.658 -1.51975683890578 199.734945568788
0.633 5.84518167456556 205.580127243354
0.614 6.51465798045603 212.09478522381
0.642 1.55763239875389 213.652417622564
0.605 13.0578512396694 226.710268862233
0.643 2.95489891135303 229.665167773586
0.589 14.0916808149406 243.756848588527
0.605 10.7438016528926 254.500650241419
0.631 6.18066561014263 260.681315851562
0.597 13.2328308207705 273.914146672332
0.654 8.86850152905199 282.782648201384
0.685 11.8248175182482 294.607465719633
0.674 2.9673590504451 297.574824770078
0.654 -4.89296636085627 292.681858409221
0.675 12.8888888888889 305.57074729811
0.558 4.3010752688172 309.871822566928
0.623 -2.08667736757624 307.785145199351
0.609 -0.492610837438424 307.292534361913
0.606 -1.98019801980198 305.312336342111
0.582 4.12371134020619 309.436047682317
0.582 -0.687285223367698 308.748762458949
0.61 8.19672131147541 316.945483770425
0.606 4.95049504950495 321.89597881993
0.562 6.04982206405694 327.945800883987
0.62 10.3225806451613 338.268381529148
0.6 1 339.268381529148
0.633 3.94944707740916 343.217828606557
0.601 2.82861896838602 346.046447574943
0.595 -6.5546218487395 339.491825726204
0.605 3.80165289256198 343.293478618766
0.602 8.30564784053156 351.599126459297
0.65 -2.15384615384615 349.445280305451
0.641 -1.71606864274571 347.729211662705
0.641 2.65210608424337 350.381317746949
0.607 2.14168039538715 352.522998142336
0.577 -1.55979202772964 350.963206114606
0.632 3.79746835443038 354.760674469037
0.627 3.98724082934609 358.747915298383
0.665 8.87218045112782 367.62009574951
0.644 6.2111801242236 373.831275873734
0.611 5.40098199672668 379.232257870461
0.601 4.15973377703827 383.391991647499
0.653 9.03522205206738 392.427213699566
0.607 5.43657331136738 397.863787010934
0.645 4.49612403100775 402.359911041942
0.619 4.68497576736672 407.044886809308
0.61 -0.655737704918033 406.38914910439
0.617 6.96920583468395 413.358354939074
0.638 3.76175548589342 417.120110424968
0.68 2.05882352941176 419.178933954379
0.641 -0.78003120124805 418.398902753131
0.684 2.04678362573099 420.445686378862
0.593 2.19224283305228 422.637929211915
0.609 7.06075533661741 429.698684548532
0.583 6.00343053173242 435.702115080264
0.571 11.0332749562172 446.735390036482
0.593 11.6357504215852 458.371140458067
0.577 5.71923743500867 464.090377893075
0.615 13.4959349593496 477.586312852425
0.607 19.2751235584843 496.861436410909
0.583 7.37564322469983 504.237079635609
0.644 13.3540372670807 517.59111690269
0.67 17.910447761194 535.501564663884
0.63 11.1111111111111 546.612675774995
0.65 8.30769230769231 554.920368082687
0.618 3.55987055016181 558.480238632849
0.655 12.3664122137405 570.84665084659
0.674 11.5727002967359 582.419351143326
0.673 7.28083209509658 589.700183238422
0.668 13.4730538922156 603.173237130638
0.651 13.0568356374808 616.230072768118
0.661 9.53101361573374 625.761086383852
0.676 3.84615384615385 629.607240230006
0.645 1.3953488372093 631.002589067215
0.671 8.19672131147541 639.199310378691
0.649 8.78274268104777 647.982053059739
0.638 3.76175548589342 651.743808545632
0.602 -0.664451827242525 651.079356718389
0.645 2.01550387596899 653.094860594358
0.661 -2.57186081694402 650.522999777414
0.613 -2.44698205546493 648.076017721949
0.587 4.94037478705281 653.016392509002
0.543 2.02578268876611 655.042175197768
0.586 1.70648464163823 656.748659839407
0.547 4.57038391224863 661.319043751655
0.517 14.1199226305609 675.438966382216
0.581 8.0895008605852 683.528467242801
0.522 11.4942528735632 695.022720116365
0.546 10.2564102564103 705.279130372775
0.556 14.3884892086331 719.667619581408
0.602 13.2890365448505 732.956656126259
0.612 7.51633986928105 740.47299599554
0.593 14.3338954468803 754.80689144242
0.564 17.0212765957447 771.828168038164
0.655 11.7557251908397 783.583893229004
0.626 4.47284345047923 788.056736679483
0.631 7.44849445324881 795.505231132732
0.629 4.29252782193959 799.797758954672
0.646 1.85758513931889 801.655344093991
0.659 4.7040971168437 806.359441210834
0.662 4.22960725075529 810.58904846159
0.659 7.73899848254932 818.328046944139
0.669 4.63378176382661 822.961828707966
0.576 -3.81944444444444 819.142384263521
0.488 -4.0983606557377 815.044023607783
0.515 1.35922330097087 816.403246908754
0.541 1.66358595194085 818.066832860695
0.536 4.85074626865672 822.917579129352
0.557 6.6427289048474 829.560308034199
0.626 -0.319488817891374 829.240819216308
0.642 -0.623052959501558 828.617766256806
0.609 10.0164203612479 838.634186618054
0.649 10.939907550077 849.574094168131
0.65 6.46153846153846 856.03563262967
0.639 11.7370892018779 867.772721831548
0.658 0.303951367781155 868.076673199329
0.656 9.75609756097561 877.832770760304
0.665 10.9774436090226 888.810214369327
0.635 9.29133858267716 898.101552952004
0.619 8.23909531502423 906.340648267028
0.598 4.34782608695652 910.688474353985
0.658 7.59878419452887 918.287258548514
0.647 2.00927357032457 920.296532118838
0.662 -1.51057401812689 918.785958100712
0.673 0.445765230312036 919.231723331024
0.647 0.772797527047913 920.004520858071
0.638 1.88087774294671 921.885398601018
0.603 -0.165837479270315 921.719561121748
0.6 4 925.719561121748
0.617 4.37601296596434 930.095574087712
0.632 5.37974683544304 935.475320923155
0.633 10.9004739336493 946.375794856805
0.633 1.4218009478673 947.797595804672
0.647 2.93663060278207 950.734226407454
0.619 4.68497576736672 955.419202174821
0.668 3.59281437125748 959.012016546078
0.663 5.2790346907994 964.291051236877
0.6 4.33333333333333 968.624384570211
0.607 6.75453047775947 975.37891504797
0.604 -3.64238410596026 971.73653094201
0.608 -8.55263157894737 963.183899363063
0.628 -8.9171974522293 954.266701910833
0.574 6.62020905923345 960.886910970067
0.545 6.05504587155963 966.941956841627
0.533 4.31519699812383 971.25715383975
0.555 -0.540540540540541 970.71661329921
0.536 16.4179104477612 987.134523746971
0.57 -2.80701754385965 984.327506203111
0.551 5.26315789473684 989.590664097848
0.536 -1.86567164179104 987.724992456057
0.619 -0.161550888529887 987.563441567527
0.628 -5.09554140127389 982.467900166253
0.625 2.72 985.187900166253
0.592 5.40540540540541 990.593305571659
0.629 4.92845786963434 995.521763441293
0.6 3.33333333333333 998.855096774626
0.603 -4.14593698175788 994.709159792868
0.569 9.66608084358524 1004.37524063645
0.6 4 1008.37524063645
0.593 9.61214165261383 1017.98738228907
0.563 4.79573712255773 1022.78311941163
0.601 5.49084858569052 1028.27396799732
0.611 5.72831423895254 1034.00228223627
0.574 1.74216027874564 1035.74444251501
0.586 9.89761092150171 1045.64205343652
0.581 4.99139414802065 1050.63344758454
0.631 8.71632329635499 1059.34977088089
0.586 9.89761092150171 1069.24738180239
0.587 9.36967632027257 1078.61705812267
0.587 12.0954003407155 1090.71245846338
0.592 10.8108108108108 1101.52326927419
0.609 5.74712643678161 1107.27039571097
0.614 5.53745928338762 1112.80785499436
0.646 -4.3343653250774 1108.47348966928
0.614 -3.58306188925081 1104.89042778003
0.614 -1.62866449511401 1103.26176328492
0.644 -2.17391304347826 1101.08785024144
0.655 -5.95419847328244 1095.13365176816
0.64 2.5 1097.63365176816
0.634 0 1097.63365176816
0.621 0.161030595813205 1097.79468236397
0.638 6.26959247648903 1104.06427484046
0.603 1.82421227197347 1105.88848711243
0.636 7.54716981132075 1113.43565692375
0.668 0.598802395209581 1114.03445931896
0.666 0.3003003003003 1114.33475961926
0.656 10.3658536585366 1124.7006132778
0.631 3.01109350237718 1127.71170678018
0.606 10.5610561056106 1138.27276288579
0.605 4.13223140495868 1142.40499429075
0.629 3.02066772655008 1145.4256620173
0.568 3.87323943661972 1149.29890145392
0.63 10.7936507936508 1160.09255224757
0.611 13.5842880523732 1173.67684029994
0.629 6.8362480127186 1180.51308831266
0.618 5.50161812297735 1186.01470643564
0.634 0.630914826498423 1186.64562126214
0.643 6.99844479004666 1193.64406605218
0.621 7.2463768115942 1200.89044286378
0.586 0 1200.89044286378
0.555 1.62162162162162 1202.5120644854
0.571 10.3327495621716 1212.84481404757
0.523 -1.33843212237094 1211.5063819252
0.538 15.6133828996283 1227.11976482483
0.544 19.8529411764706 1246.9727060013
0.54 18.1481481481481 1265.12085414945
0.55 14.5454545454545 1279.6663086949
0.559 16.6368515205724 1296.30316021547
0.539 11.6883116883117 1307.99147190378
0.626 -0.638977635782748 1307.352494268
0.646 1.23839009287926 1308.59088436088
0.647 -1.70015455950541 1306.89072980138
0.63 11.7460317460317 1318.63676154741
0.678 3.24483775811209 1321.88159930552
0.62 1.93548387096774 1323.81708317649
0.63 5.3968253968254 1329.21390857331
0.622 8.36012861736334 1337.57403719068
0.669 4.03587443946188 1341.60991163014
0.702 5.6980056980057 1347.30791732814
0.584 9.58904109589041 1356.89695842403
0.593 10.6239460370995 1367.52090446113
0.649 4.16024653312789 1371.68115099426
0.66 2.72727272727273 1374.40842372153
0.662 3.92749244712991 1378.33591616866
0.666 5.70570570570571 1384.04162187437
0.648 3.39506172839506 1387.43668360276
0.633 5.52922590837283 1392.96590951114
0.661 -2.26928895612708 1390.69662055501
0.679 -4.860088365243 1385.83653218977
0.638 1.56739811912226 1387.40393030889
0.634 3.78548895899054 1391.18941926788
0.652 3.37423312883436 1394.56365239671
0.608 8.22368421052632 1402.78733660724
0.599 1.83639398998331 1404.62373059722
0.629 4.92845786963434 1409.55218846686
0.644 -1.86335403726708 1407.68883442959
0.638 0 1407.68883442959
0.624 3.52564102564103 1411.21447545523
0.645 7.28682170542636 1418.50129716066
0.644 7.45341614906832 1425.95471330973
0.623 0.481540930979133 1426.43625424071
0.628 7.00636942675159 1433.44262366746
0.636 7.86163522012579 1441.30425888758
0.637 8.00627943485086 1449.31053832243
0.649 8.16640986132512 1457.47694818376
0.636 -6.60377358490566 1450.87317459885
0.624 7.37179487179487 1458.24496947065
0.667 4.047976011994 1462.29294548264
0.648 -4.32098765432099 1457.97195782832
0.671 9.98509687034277 1467.95705469866
0.597 6.8676716917923 1474.82472639046
0.609 10.6732348111658 1485.49796120162
0.648 1.23456790123457 1486.73252910286
0.616 -0.324675324675325 1486.40785377818
0.582 0.343642611683849 1486.75149638987
0.637 5.80847723704867 1492.55997362691
0.632 3.79746835443038 1496.35744198135
0.627 2.07336523125997 1498.43080721261
0.644 6.83229813664596 1505.26310534925
0.638 7.21003134796238 1512.47313669721
0.567 4.40917107583774 1516.88230777305
0.621 8.53462157809984 1525.41692935115
0.66 2.42424242424242 1527.84117177539
0.67 -8.05970149253731 1519.78147028286
0.653 1.99081163859112 1521.77228192145
0.683 -1.31771595900439 1520.45456596244
0.641 -3.90015600624025 1516.5544099562
0.664 -2.10843373493976 1514.44597622126
0.666 -0.3003003003003 1514.14567592096
0.671 2.53353204172876 1516.67920796269
0.666 1.8018018018018 1518.48100976449
0.654 -4.89296636085627 1513.58804340364
0.622 -6.10932475884244 1507.47871864479
0.659 -5.31107738998483 1502.16764125481
0.606 3.63036303630363 1505.79800429111
0.595 12.6050420168067 1518.40304630792
0.553 3.43580470162749 1521.83885100955
0.561 1.96078431372549 1523.79963532327
0.576 -4.51388888888889 1519.28574643438
0.573 1.91972076788831 1521.20546720227
0.584 2.05479452054795 1523.26026172282
0.596 5.03355704697987 1528.2938187698
0.555 1.26126126126126 1529.55508003106
0.615 5.04065040650407 1534.59573043757
0.591 0.169204737732657 1534.7649351753
0.613 8.31973898858075 1543.08467416388
0.645 4.49612403100775 1547.58079819489
0.659 9.25644916540212 1556.83724736029
0.666 6.90690690690691 1563.7441542672
0.633 0.157977883096367 1563.90213215029
0.631 14.1045958795563 1578.00672802985
0.656 4.8780487804878 1582.88477681034
0.631 9.35023771790808 1592.23501452824
0.579 5.35405872193437 1597.58907325018
0.652 4.9079754601227 1602.4970487103
0.627 4.62519936204147 1607.12224807234
0.678 6.78466076696165 1613.9069088393
0.665 1.65413533834586 1615.56104417765
0.635 10.8661417322835 1626.42718590993
0.66 4.84848484848485 1631.27567075842
0.725 6.75862068965517 1638.03429144807
0.666 0.3003003003003 1638.33459174837
0.583 3.9451114922813 1642.27970324066
0.634 3.47003154574133 1645.7497347864
0.639 3.59937402190923 1649.34910880831
0.621 4.02576489533011 1653.37487370364
0.629 3.02066772655008 1656.39554143019
0.656 1.82926829268293 1658.22480972287
0.609 2.13464696223317 1660.3594566851
0.598 0 1660.3594566851
0.604 -1.32450331125828 1659.03495337384
0.634 7.25552050473186 1666.29047387858
0.65 8.30769230769231 1674.59816618627
0.666 8.70870870870871 1683.30687489498
0.665 0.451127819548872 1683.75800271453
0.67 1.19402985074627 1684.95203256527
0.695 -1.00719424460432 1683.94483832067
0.649 -5.39291217257319 1678.55192614809
0.61 -0.655737704918033 1677.89618844318
0.666 -1.8018018018018 1676.09438664137
0.69 2.02898550724638 1678.12337214862
0.643 0.777604976671851 1678.90097712529
0.629 3.65659777424483 1682.55757489954
0.619 1.77705977382876 1684.33463467337
0.634 -0.315457413249211 1684.01917726012
0.636 3.77358490566038 1687.79276216578
0.621 9.17874396135266 1696.97150612713
0.648 10.4938271604938 1707.46533328762
0.632 5.06329113924051 1712.52862442686
0.619 -3.39256865912763 1709.13605576774
0.645 1.08527131782946 1710.22132708557
0.635 -0.15748031496063 1710.06384677061
0.614 5.86319218241042 1715.92703895302
0.595 3.52941176470588 1719.45645071772
0.639 10.7981220657277 1730.25457278345
0.562 4.62633451957295 1734.88090730302
0.629 1.74880763116057 1736.62971493418
0.669 8.52017937219731 1745.14989430638
0.628 1.91082802547771 1747.06072233186
0.634 1.26182965299685 1748.32255198485
0.64 0.625 1748.94755198485
0.614 -1.62866449511401 1747.31888748974
0.607 5.43657331136738 1752.75546080111
0.633 2.68562401263823 1755.44108481375
0.635 3.93700787401575 1759.37809268776
0.647 -0.772797527047913 1758.60529516071
0.63 -4.76190476190476 1753.84339039881
0.644 3.72670807453416 1757.57009847334
0.669 1.34529147982063 1758.91538995316
0.675 -0.148148148148148 1758.76724180502
0.677 9.60118168389956 1768.36842348892
0.689 10.5950653120464 1778.96348880096
0.709 7.19322990126939 1786.15671870223
0.652 11.0429447852761 1797.19966348751
0.664 11.4457831325301 1808.64544662004
0.598 -3.01003344481605 1805.63541317522
0.622 0.964630225080386 1806.6000434003
0.564 6.38297872340426 1812.98302212371
0.64 -0.3125 1812.67052212371
0.641 -4.83619344773791 1807.83432867597
0.67 -5.37313432835821 1802.46119434761
0.666 -3.6036036036036 1798.85759074401
0.63 6.34920634920635 1805.20679709321
0.665 1.65413533834586 1806.86093243156
0.605 1.81818181818182 1808.67911424974
0.599 2.17028380634391 1810.84939805608
0.62 -2.58064516129032 1808.26875289479
0.627 0.478468899521531 1808.74722179432
0.583 4.28816466552316 1813.03538645984
0.571 7.88091068301226 1820.91629714285
0.595 6.21848739495798 1827.13478453781
0.595 5.54621848739496 1832.6810030252
0.632 -3.16455696202532 1829.51644606318
0.604 0.33112582781457 1829.84757189099
0.581 9.12220309810671 1838.9697749891
0.568 1.40845070422535 1840.37822569333
0.584 1.02739726027397 1841.4056229536
0.568 9.15492957746479 1850.56055253106
0.577 -1.21317157712305 1849.34738095394
0.614 5.53745928338762 1854.88484023733
0.597 8.20770519262982 1863.09254542996
0.583 10.4631217838765 1873.55566721384
0.587 5.62180579216354 1879.177473006
0.66 4.24242424242424 1883.41989724842
0.634 7.88643533123028 1891.30633257965
0.642 8.41121495327103 1899.71754753292
0.62 10.3225806451613 1910.04012817809
0.652 -1.22699386503067 1908.81313431305
0.692 3.17919075144509 1911.9923250645
0.668 2.39520958083832 1914.38753464534
0.641 0.78003120124805 1915.16756584659
0.617 2.43111831442464 1917.59868416101
0.596 6.04026845637584 1923.63895261739
0.639 9.54616588419405 1933.18511850158
0.624 7.37179487179487 1940.55691337338
0.566 -1.41342756183746 1939.14348581154
0.573 2.61780104712042 1941.76128685866
0.527 11.1954459203036 1952.95673277896
0.607 7.0840197693575 1960.04075254832
0.618 7.44336569579288 1967.48411824411
0.645 13.7984496124031 1981.28256785652
0.611 3.43698854337152 1984.71955639989
0.607 -1.81219110378913 1982.9073652961
0.63 0.634920634920635 1983.54228593102
0.589 1.52801358234295 1985.07029951336
0.622 -0.964630225080386 1984.10566928828
0.56 4.64285714285714 1988.74852643114
0.58 4.48275862068965 1993.23128505183
0.572 2.0979020979021 1995.32918714973
0.55 6.90909090909091 2002.23827805882
0.517 0.58027079303675 2002.81854885186
0.544 3.30882352941176 2006.12737238127
0.546 18.3150183150183 2024.44239069629
0.54 18.1481481481481 2042.59053884444
0.548 17.5182481751825 2060.10878701962
0.555 12.7927927927928 2072.90157981241
0.556 17.6258992805755 2090.52747909299
0.566 7.06713780918728 2097.59461690217
0.61 1.63934426229508 2099.23396116447
0.618 5.8252427184466 2105.05920388292
0.623 4.65489566613162 2109.71409954905
0.653 3.52220520673813 2113.23630475579
0.631 3.01109350237718 2116.24739825816
0.609 1.47783251231527 2117.72523077048
0.593 -0.168634064080944 2117.5565967064
0.667 -1.34932533733133 2116.20727136907
0.612 0.980392156862745 2117.18766352593
0.626 -2.55591054313099 2114.6317529828
0.625 -6.24 2108.3917529828
0.652 -2.14723926380368 2106.24451371899
0.656 3.96341463414634 2110.20792835314
0.634 -5.36277602523659 2104.8451523279
0.635 0.78740157480315 2105.63255390271
0.649 10.0154083204931 2115.6479622232
0.7 11.7142857142857 2127.36224793749
0.609 4.10509031198686 2131.46733824947
0.63 5.07936507936508 2136.54670332884
0.625 10.72 2147.26670332884
0.638 1.88087774294671 2149.14758107178
0.589 3.2258064516129 2152.3733875234
0.603 3.81426202321725 2156.18764954661
0.604 5.29801324503311 2161.48566279165
0.604 2.31788079470199 2163.80354358635
0.583 1.20068610634648 2165.0042296927
0.628 6.05095541401274 2171.05518510671
0.567 4.05643738977072 2175.11162249648
0.561 6.59536541889483 2181.70698791537
0.589 3.2258064516129 2184.93279436699
0.627 8.7719298245614 2193.70472419155
0.612 5.55555555555556 2199.2602797471
0.602 9.63455149501661 2208.89483124212
0.585 10.4273504273504 2219.32218166947
0.625 9.12 2228.44218166947
0.663 15.2337858220211 2243.67596749149
0.615 7.64227642276423 2251.31824391426
0.629 4.29252782193959 2255.6107717362
0.661 8.01815431164902 2263.62892604785
0.596 7.04697986577181 2270.67590591362
0.655 16.6412213740458 2287.31712728766
0.654 3.97553516819572 2291.29266245586
0.676 3.55029585798817 2294.84295831385
0.678 -0.589970501474926 2294.25298781237
0.71 4.22535211267606 2298.47833992505
0.691 8.5383502170767 2307.01669014212
0.728 5.49450549450549 2312.51119563663
0.689 1.01596516690856 2313.52716080354
0.703 4.40967283072546 2317.93683363426
0.707 4.1018387553041 2322.03867238957
0.677 3.69276218611521 2325.73143457568
0.691 5.06512301013025 2330.79655758581
0.676 2.36686390532544 2333.16342149114
0.665 -3.15789473684211 2330.0055267543
0.643 -4.51010886469673 2325.4954178896
0.589 -8.99830220713073 2316.49711568247
0.612 -0.980392156862745 2315.51672352561
0.61 -10.4918032786885 2305.02492024692
0.704 -11.3636363636364 2293.66128388328
0.656 -11.5853658536585 2282.07591802962
0.636 -7.54716981132075 2274.5287482183
0.655 -14.1984732824427 2260.33027493586
0.663 -9.80392156862745 2250.52635336723
0.689 -5.95065312046444 2244.57570024677
0.636 -9.11949685534591 2235.45620339142
0.686 -9.62099125364431 2225.83521213778
0.71 -1.97183098591549 2223.86338115186
0.683 -2.78184480234261 2221.08153634952
0.661 -6.20272314674735 2214.87881320277
0.668 4.49101796407186 2219.36983116684
0.634 -1.57728706624606 2217.7925441006
0.636 5.9748427672956 2223.76738686789
0.619 -5.00807754442649 2218.75930932347
0.645 6.97674418604651 2225.73605350951
0.649 9.09090909090909 2234.82696260042
0.618 14.8867313915858 2249.71369399201
0.613 14.8450244698206 2264.55871846183
0.609 10.3448275862069 2274.90354604804
0.582 6.87285223367698 2281.77639828171
0.659 18.361153262519 2300.13755154423
0.663 19.4570135746606 2319.59456511889
0.634 9.46372239747634 2329.05828751637
0.614 15.3094462540717 2344.36773377044
0.636 9.11949685534591 2353.48723062579
0.653 13.323124042879 2366.81035466867
0.649 10.3235747303544 2377.13392939902
0.618 11.3268608414239 2388.46079024044
0.582 5.15463917525773 2393.6154294157
0.568 4.92957746478873 2398.54500688049
0.543 4.60405156537753 2403.14905844587
0.538 9.66542750929368 2412.81448595516
0.581 5.33562822719449 2418.15011418236
0.6 -4.66666666666667 2413.48344751569
0.658 -7.90273556231003 2405.58071195338
0.585 -5.2991452991453 2400.28156665423
0.635 -4.56692913385827 2395.71463752038
0.637 -16.1695447409733 2379.5450927794
0.622 -7.71704180064309 2371.82805097876
0.623 -14.9277688603531 2356.90028211841
0.63 -3.17460317460317 2353.7256789438
0.525 -15.4285714285714 2338.29710751523
0.553 -3.43580470162749 2334.8613028136
0.584 3.76712328767123 2338.62842610128
0.576 0.347222222222222 2338.9756483235
0.592 -6.41891891891892 2332.55672940458
0.576 -3.81944444444444 2328.73728496013
0.555 4.5045045045045 2333.24178946464
0.577 -3.98613518197574 2329.25565428266
0.567 -2.64550264550265 2326.61015163716
0.614 -2.60586319218241 2324.00428844498
0.648 -3.7037037037037 2320.30058474127
0.58 -2.41379310344828 2317.88679163783
0.573 5.41012216404887 2323.29691380187
0.605 1.81818181818182 2325.11509562006
0.635 3.62204724409449 2328.73714286415
0.625 1.12 2329.85714286415
0.643 1.71073094867807 2331.56787381283
0.606 1.98019801980198 2333.54807183263
0.578 -1.3840830449827 2332.16398878765
0.604 5.96026490066225 2338.12425368831
0.578 10.0346020761246 2348.15885576444
0.573 -1.57068062827225 2346.58817513616
0.596 5.70469798657718 2352.29287312274
0.702 0.854700854700855 2353.14757397744
0.672 -2.67857142857143 2350.46900254887
0.671 4.61997019374069 2355.08897274261
0.637 0.156985871271586 2355.24595861388
0.656 5.79268292682927 2361.03864154071
0.63 6.98412698412698 2368.02276852484
0.635 -0.47244094488189 2367.55032757996
0.612 3.92156862745098 2371.47189620741
0.604 9.93377483443709 2381.40567104184
0.599 7.17863105175292 2388.5843020936
0.633 5.52922590837283 2394.11352800197
0.616 1.94805194805195 2396.06157995002
0.639 -2.03442879499218 2394.02715115503
0.616 8.44155844155844 2402.46870959659
0.614 14.6579804560261 2417.12669005261
0.643 5.44323483670296 2422.56992488932
0.645 2.63565891472868 2425.20558380405
0.625 6.24 2431.44558380405
0.637 5.18053375196232 2436.62611755601
0.647 5.10046367851623 2441.72658123452
0.619 -1.13085621970921 2440.59572501482
0.668 4.49101796407186 2445.08674297889
0.648 -3.08641975308642 2442.0003232258
0.621 4.66988727858293 2446.67021050438
0.593 9.27487352445194 2455.94508402884
0.579 7.426597582038 2463.37168161087
0.578 12.4567474048443 2475.82842901572
0.544 5.14705882352941 2480.97548783925
0.519 7.51445086705202 2488.4899387063
0.532 4.88721804511278 2493.37715675141
0.567 13.9329805996473 2507.31013735106
0.561 8.73440285204991 2516.04454020311
0.576 9.375 2525.41954020311
0.6 -0.333333333333333 2525.08620686978
0.613 3.75203915171289 2528.83824602149
0.637 5.18053375196232 2534.01877977345
0.679 3.97643593519882 2537.99521570865
0.611 0.16366612111293 2538.15888182976
0.645 1.3953488372093 2539.55423066697
0.664 -4.21686746987952 2535.33736319709
0.674 -5.6379821958457 2529.69938100125
0.666 9.30930930930931 2539.00869031056
0.693 8.22510822510823 2547.23379853566
0.612 12.7450980392157 2559.97889657488
0.593 -5.56492411467116 2554.41397246021
0.64 -3.125 2551.28897246021
0.639 8.92018779342723 2560.20916025364
0.616 -3.24675324675325 2556.96240700688
0.652 0.613496932515337 2557.5759039394
0.611 -3.76432078559738 2553.8115831538
0.517 -4.83558994197292 2548.97599321183
0.509 7.66208251473477 2556.63807572656
0.52 12.3076923076923 2568.94576803426
0.505 11.2871287128713 2580.23289674713
0.441 12.9251700680272 2593.15806681515
0.483 13.871635610766 2607.02970242592
0.503 18.8866799204771 2625.9163823464
0.482 17.8423236514523 2643.75870599785
0.468 14.5299145299145 2658.28862052776
0.461 24.5119305856833 2682.80055111345
0.441 22.4489795918367 2705.24953070528
0.466 15.0214592274678 2720.27098993275
0.483 19.6687370600414 2739.93972699279
0.458 14.410480349345 2754.35020734214
0.478 23.8493723849372 2778.19957972708
0.54 6.66666666666667 2784.86624639374
0.534 10.8614232209738 2795.72766961472
0.486 25.9259259259259 2821.65359554064
0.488 18.0327868852459 2839.68638242589
0.47 9.36170212765957 2849.04808455355
0.471 16.348195329087 2865.39627988263
0.517 19.1489361702128 2884.54521605285
0.49 13.469387755102 2898.01460380795
0.471 14.6496815286624 2912.66428533661
0.507 18.3431952662722 2931.00748060288
0.519 14.0655105973025 2945.07299120019
0.537 11.731843575419 2956.8048347756
0.513 2.53411306042885 2959.33894783603
0.565 11.5044247787611 2970.8433726148
0.566 13.4275618374558 2984.27093445225
0.533 15.5722326454034 2999.84316709765
0.559 17.3524150268336 3017.19558212449
0.559 3.39892665474061 3020.59450877923
0.564 4.60992907801418 3025.20443785724
0.584 11.986301369863 3037.19073922711
0.607 4.77759472817133 3041.96833395528
0.605 10.7438016528926 3052.71213560817
0.576 3.81944444444444 3056.53158005261
0.605 -1.15702479338843 3055.37455525923
0.565 3.71681415929204 3059.09136941852
0.571 0.525394045534151 3059.61676346405
0.578 8.30449826989619 3067.92126173395
0.628 2.86624203821656 3070.78750377216
0.647 3.86398763523957 3074.6514914074
0.58 8.62068965517241 3083.27218106258
0.641 3.58814352574103 3086.86032458832
0.667 -3.74812593703148 3083.11219865129
0.644 -3.41614906832298 3079.69604958296
0.676 -0.29585798816568 3079.4001915948
0.705 0.425531914893617 3079.82572350969
0.625 -0.8 3079.02572350969
0.649 6.62557781201849 3085.65130132171
0.594 2.02020202020202 3087.67150334191
0.603 2.48756218905473 3090.15906553097
0.624 5.12820512820513 3095.28727065917
0.67 3.28358208955224 3098.57085274872
0.651 0.768049155145929 3099.33890190387
0.687 1.01892285298399 3100.35782475685
0.647 -5.10046367851623 3095.25736107834
0.662 -6.34441087613293 3088.9129502022
0.64 1.25 3090.1629502022
0.647 2.93663060278207 3093.09958080499
0.625 8.48 3101.57958080499
0.596 7.38255033557047 3108.96213114056
0.652 1.53374233128834 3110.49587347185
0.561 1.24777183600713 3111.74364530785
0.587 3.91822827938671 3115.66187358724
0.7 7.71428571428571 3123.37615930152
0.673 8.46953937592868 3131.84569867745
0.619 7.91599353796446 3139.76169221542
0.633 3.94944707740916 3143.71113929283
0.613 -0.489396411092985 3143.22174288173
0.698 -0.573065902578797 3142.64867697916
0.668 1.19760479041916 3143.84628176957
0.662 0.906344410876133 3144.75262618045
0.622 4.5016077170418 3149.25423389749
0.663 1.96078431372549 3151.21501821122
0.617 10.5348460291734 3161.74986424039
0.594 5.38720538720539 3167.1370696276
0.6 8.33333333333333 3175.47040296093
0.621 12.7214170692432 3188.19182003017
0.573 10.6457242582897 3198.83754428846
0.615 6.34146341463415 3205.1790077031
0.665 7.36842105263158 3212.54742875573
0.594 8.41750841750842 3220.96493717324
0.645 8.21705426356589 3229.1819914368
0.655 5.64885496183206 3234.83084639864
0.646 8.35913312693499 3243.18997952557
0.636 -1.25786163522013 3241.93211789035
0.662 2.41691842900302 3244.34903631935
0.668 0.29940119760479 3244.64843751696
0.669 1.04633781763827 3245.6947753346
0.656 -6.40243902439024 3239.29233631021
0.667 9.44527736131934 3248.73761367152
0.63 10.7936507936508 3259.53126446518
0.512 -14.453125 3245.07813946518
0.603 -3.81426202321725 3241.26387744196
0.713 -6.31136044880785 3234.95251699315
0.699 -10.1573676680973 3224.79514932505
0.677 0.443131462333826 3225.23828078739
0.682 5.57184750733138 3230.81012829472
0.68 4.41176470588235 3235.2218930006
0.671 1.04321907600596 3236.26511207661
0.695 -0.431654676258993 3235.83345740035
0.671 1.34128166915052 3237.1747390695
0.703 6.11664295874822 3243.29138202825
0.673 0.148588410104012 3243.43997043835
0.655 -1.06870229007634 3242.37126814827
0.635 -4.25196850393701 3238.11929964434
0.589 3.2258064516129 3241.34510609595
0.635 2.67716535433071 3244.02227145028
0.638 -1.25391849529781 3242.76835295498
0.622 0.964630225080386 3243.73298318006
0.616 2.27272727272727 3246.00571045279
0.671 -4.61997019374069 3241.38574025905
0.652 4.29447852760736 3245.68021878666
0.628 -4.77707006369427 3240.90314872296
0.65 1.53846153846154 3242.44161026142
0.578 -2.07612456747405 3240.36548569395
0.589 2.54668930390492 3242.91217499786
0.597 6.19765494137353 3249.10982993923
0.556 8.63309352517986 3257.74292346441
0.555 4.14414414414414 3261.88706760855
0.552 2.53623188405797 3264.42329949261
0.622 3.53697749196141 3267.96027698457
0.657 0.76103500761035 3268.72131199218
0.594 -2.69360269360269 3266.02770929858
0.609 -2.79146141215107 3263.23624788643
0.607 -6.42504118616145 3256.81120670027
0.641 1.09204368174727 3257.90325038201
0.672 7.73809523809524 3265.64134562011
0.645 -0.465116279069767 3265.17622934104
0.672 4.16666666666667 3269.34289600771
0.659 7.13201820940819 3276.47491421712
0.603 0.497512437810945 3276.97242665493
0.621 -1.12721417069243 3275.84521248423
0.677 2.80649926144756 3278.65171174568
0.654 -2.44648318042813 3276.20522856525
0.61 -4.91803278688525 3271.28719577837
0.62 0 3271.28719577837
0.663 8.5972850678733 3279.88448084624
0.653 -2.29709035222052 3277.58739049402
0.65 -1.84615384615385 3275.74123664787
0.633 -3.63349131121643 3272.10774533665
0.624 -8.65384615384615 3263.4538991828
0.619 -1.77705977382876 3261.67683940898
0.637 -2.35478806907378 3259.3220513399
0.629 4.61049284578696 3263.93254418569
0.649 2.61941448382126 3266.55195866951
0.691 -1.88133140376266 3264.67062726575
0.661 1.66414523449319 3266.33477250024
0.651 -3.84024577572965 3262.49452672451
0.665 1.05263157894737 3263.54715830346
0.668 -2.09580838323353 3261.45134992022
0.696 1.14942528735632 3262.60077520758
0.636 1.88679245283019 3264.48756766041
0.64 -0.9375 3263.55006766041
0.628 1.27388535031847 3264.82395301073
0.67 3.58208955223881 3268.40604256297
0.565 -0.884955752212389 3267.52108681076
0.659 -2.88315629742033 3264.63793051334
0.634 0.630914826498423 3265.26884533983
0.579 -2.59067357512953 3262.6781717647
0.661 -4.08472012102874 3258.59345164368
0.643 -9.48678071539658 3249.10667092828
0.625 2.08 3251.18667092828
0.612 0 3251.18667092828
0.626 4.15335463258786 3255.34002556087
0.677 6.64697193500739 3261.98699749587
0.642 4.67289719626168 3266.65989469214
0.652 -1.84049079754601 3264.81940389459
0.592 10.1351351351351 3274.95453902973
0.598 -1.33779264214047 3273.61674638758
0.607 -1.81219110378913 3271.8045552838
0.654 1.8348623853211 3273.63941766912
0.673 0.742942050520059 3274.38235971964
0.665 6.46616541353383 3280.84852513317
0.637 4.55259026687598 3285.40111540005
0.638 9.40438871473354 3294.80550411478
0.706 13.8810198300283 3308.68652394481
0.661 11.9515885022693 3320.63811244708
0.659 8.649468892261 3329.28758133934
0.592 3.71621621621622 3333.00379755556
0.62 10.3225806451613 3343.32637820072
0.571 11.7338003502627 3355.06017855098
0.511 4.89236790606654 3359.95254645705
0.471 9.97876857749469 3369.93131503454
0.565 4.42477876106195 3374.3560937956
0.628 3.18471337579618 3377.5408071714
0.554 2.88808664259928 3380.428893814
0.472 4.23728813559322 3384.66618194959
0.514 8.56031128404669 3393.22649323364
0.49 7.75510204081633 3400.98159527445
0.499 -3.0060120240481 3397.97558325041
0.626 -12.4600638977636 3385.51551935264
0.645 -24.3410852713178 3361.17443408132
0.676 -15.9763313609467 3345.19810272038
0.67 -12.5373134328358 3332.66078928754
0.589 -6.96095076400679 3325.69983852354
0.571 -6.83012259194396 3318.86971593159
0.584 -9.24657534246575 3309.62314058913
0.694 -6.9164265129683 3302.70671407616
0.66 3.93939393939394 3306.64610801555
0.714 0 3306.64610801555
0.641 3.58814352574103 3310.23425154129
0.63 1.26984126984127 3311.50409281113
0.604 -3.64238410596026 3307.86170870517
0.627 2.39234449760766 3310.25405320278
0.601 -8.15307820299501 3302.10097499979
0.65 -1.23076923076923 3300.87020576902
0.628 4.14012738853503 3305.01033315755
0.592 3.04054054054054 3308.05087369809
0.624 -0.320512820512821 3307.73036087758
0.633 2.05371248025276 3309.78407335783
0.651 1.38248847926267 3311.16656183709
0.656 -7.01219512195122 3304.15436671514
0.622 -3.53697749196141 3300.61738922318
0.608 -4.60526315789474 3296.01212606529
0.634 0 3296.01212606529
0.648 2.46913580246914 3298.48126186776
0.588 9.86394557823129 3308.34520744599
0.621 3.05958132045089 3311.40478876644
0.621 4.34782608695652 3315.7526148534
0.621 -4.02576489533011 3311.72684995807
0.631 -3.96196513470681 3307.76488482336
0.592 5.40540540540541 3313.17029022876
0.61 10.1639344262295 3323.33422465499
0.608 2.30263157894737 3325.63685623394
0.618 8.09061488673139 3333.72747112067
0.635 1.10236220472441 3334.8298333254
0.671 6.40834575260805 3341.238179078
0.6 7 3348.238179078
0.625 -3.36 3344.878179078
0.654 5.5045871559633 3350.38276623397
0.618 5.50161812297735 3355.88438435694
0.593 12.3102866779089 3368.19467103485
0.533 -2.4390243902439 3365.75564664461
0.524 3.05343511450382 3368.80908175911
0.539 9.46196660482375 3378.27104836394
0.534 8.61423220973783 3386.88528057368
0.536 -2.23880597014925 3384.64647460353
0.52 1.53846153846154 3386.18493614199
0.583 7.71869639794168 3393.90363253993
0.545 8.62385321100918 3402.52748575094
0.551 12.8856624319419 3415.41314818288
0.575 5.04347826086957 3420.45662644375
0.555 12.7927927927928 3433.24941923654
0.549 14.0255009107468 3447.27492014729
0.601 1.16472545757072 3448.43964560486
0.657 -0.45662100456621 3447.98302460029
0.67 -1.19402985074627 3446.78899474955
0.626 4.79233226837061 3451.58132701792
0.63 -0.952380952380952 3450.62894606554
0.63 0.952380952380952 3451.58132701792
0.645 7.5968992248062 3459.17822624272
0.637 2.35478806907378 3461.5330143118
0.631 6.81458003169572 3468.34759434349
0.689 7.40203193033382 3475.74962627383
0.6 6.66666666666667 3482.41629294049
0.551 -0.544464609800363 3481.87182833069
0.63 -2.85714285714286 3479.01468547355
0.637 0.156985871271586 3479.17167134482
0.631 4.5958795562599 3483.76755090108
0.612 2.28758169934641 3486.05513260043
0.616 -0.324675324675325 3485.73045727575
0.55 4.36363636363636 3490.09409363939
0.599 -1.83639398998331 3488.25769964941
0.529 -0.56710775047259 3487.69059189893
0.479 -3.13152400835073 3484.55906789058
0.439 -9.79498861047836 3474.76407928011
0.535 -8.41121495327103 3466.35286432683
0.583 -0.857632933104631 3465.49523139373
0.572 -12.2377622377622 3453.25746915597
0.652 -1.22699386503067 3452.03047529094
0.646 -15.1702786377709 3436.86019665317
0.637 -5.18053375196232 3431.6796629012
0.65 -8.92307692307692 3422.75658597813
0.631 -4.91283676703645 3417.84374921109
0.65 -6.76923076923077 3411.07451844186
0.574 -3.83275261324042 3407.24176582862
0.585 -3.58974358974359 3403.65202223888
0.639 -4.85133020344288 3398.80069203543
0.648 -3.7037037037037 3395.09698833173
0.601 -3.82695507487521 3391.27003325685
0.626 -4.15335463258786 3387.11667862427
0.64 0.9375 3388.05417862427
0.623 1.76565008025682 3389.81982870452
0.629 0.158982511923688 3389.97881121645
0.608 11.1842105263158 3401.16302174276
0.593 -2.19224283305228 3398.97077890971
0.627 1.11642743221691 3400.08720634193
0.642 -3.11526479750779 3396.97194154442
0.589 -4.92359932088285 3392.04834222354
0.584 -4.79452054794521 3387.25382167559
0.614 -6.51465798045603 3380.73916369513
0.657 -1.67427701674277 3379.06488667839
0.659 -4.09711684370258 3374.96776983469
0.669 3.43796711509716 3378.40573694979
0.644 6.52173913043478 3384.92747608022
0.67 9.25373134328358 3394.1812074235
0.692 6.35838150289017 3400.5395889264
0.649 -10.6317411402157 3389.90784778618
0.652 4.9079754601227 3394.8158232463
0.671 2.53353204172876 3397.34935528803
0.638 -15.0470219435737 3382.30233334446
0.646 2.47678018575851 3384.77911353022
0.647 11.5919629057187 3396.37107643593
0.615 2.76422764227642 3399.13530407821
0.649 0.462249614791988 3399.597553693
0.686 0.583090379008746 3400.18064407201
0.64 -5.625 3394.55564407201
0.659 -11.0773899848255 3383.47825408719
0.664 -10.8433734939759 3372.63488059321
0.665 -13.0827067669173 3359.55217382629
0.604 -8.27814569536424 3351.27402813093
0.619 -4.03877221324717 3347.23525591768
0.583 -4.97427101200686 3342.26098490567
0.599 -7.51252086811352 3334.74846403756
0.645 -10.3875968992248 3324.36086713834
0.587 -6.98466780238501 3317.37619933595
0.646 -5.57275541795666 3311.80344391799
0.646 -4.95356037151703 3306.84988354648
0.701 2.1398002853067 3308.98968383178
0.676 -3.25443786982249 3305.73524596196
0.673 -1.93164933135215 3303.80359663061
0.678 -1.47492625368732 3302.32867037692
0.662 -1.51057401812689 3300.8180963588
0.676 -5.91715976331361 3294.90093659548
0.593 3.20404721753794 3298.10498381302
0.661 -5.90015128593041 3292.20483252709
0.647 -1.70015455950541 3290.50467796758
0.692 -2.3121387283237 3288.19253923926
0.666 -2.4024024024024 3285.79013683686
0.638 -1.56739811912226 3284.22273871774
0.634 -2.20820189274448 3282.01453682499
0.642 -1.24610591900312 3280.76843090599
0.706 -7.36543909348442 3273.4029918125
0.678 1.76991150442478 3275.17290331693
0.626 -3.19488817891374 3271.97801513801
0.655 -1.06870229007634 3270.90931284794
0.674 -2.37388724035608 3268.53542560758
0.688 0.581395348837209 3269.11682095642
0.651 1.38248847926267 3270.49930943568
0.618 -6.14886731391586 3264.35044212177
0.657 3.19634703196347 3267.54678915373
0.694 5.76368876080692 3273.31047791454
0.594 -11.7845117845118 3261.52596613003
0.632 -10.4430379746835 3251.08292815534
0.601 -3.49417637271215 3247.58875178263
0.637 -1.72684458398744 3245.86190719864
0.585 1.1965811965812 3247.05848839522
0.625 -3.68 3243.37848839522
0.643 -5.44323483670296 3237.93525355852
0.627 -1.11642743221691 3236.8188261263
0.677 -0.738552437223043 3236.08027368908
0.659 -1.06221547799697 3235.01805821108
0.635 -0.15748031496063 3234.86057789612
0.665 -10.9774436090226 3223.8831342871
0.69 -3.76811594202899 3220.11501834507
0.689 -3.33817126269956 3216.77684708237
0.604 -1.98675496688742 3214.79009211548
0.659 -7.13201820940819 3207.65807390608
0.64 -4.6875 3202.97057390608
0.68 -7.35294117647059 3195.61763272961
0.693 -4.76190476190476 3190.8557279677
0.667 -5.24737631184408 3185.60835165586
0.676 -8.28402366863905 3177.32432798722
0.651 -3.84024577572965 3173.48408221149
0.682 0.586510263929619 3174.07059247542
0.624 2.56410256410256 3176.63469503952
0.619 -0.807754442649435 3175.82694059687
0.602 -5.98006644518272 3169.84687415169
0.635 -2.99212598425197 3166.85474816744
0.651 1.0752688172043 3167.93001698464
0.607 -3.45963756177924 3164.47037942286
0.639 -1.72143974960876 3162.74893967325
0.621 -0.161030595813205 3162.58790907744
0.645 -1.08527131782946 3161.50263775961
0.628 -1.27388535031847 3160.22875240929
0.645 -2.32558139534884 3157.90317101394
0.675 -5.18518518518519 3152.71798582876
0.648 -5.8641975308642 3146.85378829789
0.657 -6.84931506849315 3140.0044732294
0.638 -6.26959247648903 3133.73488075291
0.636 -0.628930817610063 3133.1059499353
0.673 -2.5260029717682 3130.57994696353
0.593 -0.843170320404722 3129.73677664313
0.635 10.8661417322835 3140.60291837541
0.649 7.55007704160247 3148.15299541701
0.674 8.30860534124629 3156.46160075826
0.664 5.12048192771084 3161.58208268597
0.629 12.8775834658188 3174.45966615179
0.688 8.43023255813953 3182.88989870993
0.665 15.7894736842105 3198.67937239414
0.643 10.1088646967341 3208.78823709087
0.634 8.2018927444795 3216.99012983535
0.668 -1.19760479041916 3215.79252504493
0.671 3.725782414307 3219.51830745924
0.674 -3.56083086053412 3215.95747659871
0.654 -0.917431192660551 3215.04004540605
0.65 -4 3211.04004540605
0.633 -2.05371248025276 3208.98633292579
0.664 6.32530120481928 3215.31163413061
0.586 -1.36518771331058 3213.9464464173
0.523 6.69216061185468 3220.63860702916
0.682 4.10557184750733 3224.74417887666
0.636 -9.74842767295597 3214.99575120371
0.628 -3.18471337579618 3211.81103782791
0.656 3.04878048780488 3214.85981831572
0.695 1.58273381294964 3216.44255212867
0.617 0.162074554294976 3216.60462668296
0.667 -1.94902548725637 3214.65560119571
0.703 -1.5647226173542 3213.09087857835
0.659 1.36570561456753 3214.45658419292
0.651 0.153609831029186 3214.61019402395
0.639 4.53834115805947 3219.14853518201
0.648 0.617283950617284 3219.76581913262
0.636 3.14465408805031 3222.91047322067
0.635 -3.93700787401575 3218.97346534666
0.634 5.6782334384858 3224.65169878514
0.626 10.223642172524 3234.87534095767
0.643 -2.95489891135303 3231.92044204632
0.663 3.46907993966818 3235.38952198598
0.68 4.11764705882353 3239.50716904481
0.635 6.45669291338583 3245.96386195819
0.648 5.8641975308642 3251.82805948906
0.64 -1.875 3249.95305948906
0.656 -6.09756097560976 3243.85549851345
0.607 -1.4827018121911 3242.37279670126
0.599 2.50417362270451 3244.87697032396
0.612 3.26797385620915 3248.14494418017
0.531 -2.07156308851224 3246.07338109166
0.53 -6.0377358490566 3240.0356452426
0.556 1.07913669064748 3241.11478193325
0.598 -7.35785953177258 3233.75692240148
0.633 -0.157977883096367 3233.59894451838
0.635 0.15748031496063 3233.75642483334
0.626 1.59744408945687 3235.3538689228
0.622 -3.85852090032154 3231.49534802248
0.595 -6.89075630252101 3224.60459171995
0.561 -4.45632798573975 3220.14826373422
0.573 -9.24956369982548 3210.89870003439
0.547 5.30164533820841 3216.2003453726
0.544 4.04411764705882 3220.24446301966
0.557 5.56552962298025 3225.80999264264
0.539 -4.26716141001855 3221.54283123262
0.58 3.44827586206897 3224.99110709469
0.554 8.66425992779783 3233.65536702249
0.615 5.04065040650407 3238.69601742899
0.602 7.9734219269103 3246.6694393559
0.573 -1.91972076788831 3244.74971858801
0.636 5.66037735849057 3250.4100959465
0.633 8.05687203791469 3258.46696798442
0.658 5.16717325227964 3263.6341412367
0.66 9.6969696969697 3273.33111093367
0.602 5.98006644518272 3279.31117737885
0.648 1.54320987654321 3280.85438725539
0.684 9.94152046783626 3290.79590772323
0.674 5.04451038575668 3295.84041810898
0.651 -2.91858678955453 3292.92183131943
0.619 -1.13085621970921 3291.79097509972
0.604 -0.993377483443709 3290.79759761628
0.579 -7.7720207253886 3283.02557689089
0.576 3.81944444444444 3286.84502133533
0.65 7.69230769230769 3294.53732902764
0.642 0.623052959501558 3295.16038198714
0.62 3.87096774193548 3299.03134972908
0.614 7.49185667752443 3306.5232064066
0.693 6.49350649350649 3313.01671290011
0.646 4.95356037151703 3317.97027327163
0.576 -3.47222222222222 3314.4980510494
0.594 -10.1010101010101 3304.39704094839
0.631 -0.475435816164818 3303.92160513223
0.642 -9.96884735202492 3293.9527577802
0.66 -8.48484848484848 3285.46790929536
0.6 -2 3283.46790929536
0.659 -5.00758725341426 3278.46032204194
0.652 -11.0429447852761 3267.41737725667
0.628 -2.22929936305732 3265.18807789361
0.64 -4.375 3260.81307789361
0.641 -2.65210608424337 3258.16097180936
0.664 0.602409638554217 3258.76338144792
0.651 -3.84024577572965 3254.92313567219
0.673 1.63447251114413 3256.55760818333
0.642 13.0841121495327 3269.64172033287
0.619 8.88529886914378 3278.52701920201
0.641 -2.34009360374415 3276.18692559827
0.65 -0.615384615384615 3275.57154098288
0.626 -4.47284345047923 3271.0986975324
0.626 -7.66773162939297 3263.43096590301
0.62 -2.25806451612903 3261.17290138688
0.612 -3.59477124183007 3257.57813014505
0.606 -8.91089108910891 3248.66723905594
0.617 -5.02431118314425 3243.6429278728
0.65 -4.30769230769231 3239.3352355651
0.673 -1.93164933135215 3237.40358623375
0.695 1.00719424460432 3238.41078047836
0.674 -0.29673590504451 3238.11404457331
0.633 -0.4739336492891 3237.64011092402
0.625 -2.08 3235.56011092402
0.553 -3.79746835443038 3231.76264256959
0.59 -8.13559322033898 3223.62704934925
0.562 1.77935943060498 3225.40640877986
0.579 -0.172711571675302 3225.23369720818
0.597 6.8676716917923 3232.10136889998
0.529 -3.59168241965974 3228.50968648032
0.576 3.125 3231.63468648032
0.552 -5.07246376811594 3226.5622227122
0.573 -0.87260034904014 3225.68962236316
0.64 -9.375 3216.31462236316
0.638 -5.01567398119122 3211.29894838197
0.651 -5.06912442396313 3206.229823958
0.635 -0.47244094488189 3205.75738301312
0.64 -4.375 3201.38238301312
0.652 -4.9079754601227 3196.474407553
0.639 -2.03442879499218 3194.43997875801
0.622 -6.43086816720257 3188.00911059081
0.606 -5.61056105610561 3182.3985495347
0.615 -7.64227642276423 3174.75627311194
0.666 -5.10510510510511 3169.65116800683
0.625 -1.44 3168.21116800683
0.592 -5.40540540540541 3162.80576260143
0.578 -7.26643598615917 3155.53932661527
0.559 8.40787119856887 3163.94719781383
0.544 2.94117647058824 3166.88837428442
0.608 4.60526315789474 3171.49363744232
0.542 0.738007380073801 3172.23164482239
0.613 0.489396411092985 3172.72104123348
0.615 3.73983739837398 3176.46087863186
0.678 8.25958702064897 3184.72046565251
0.625 -1.76 3182.96046565251
0.628 0.636942675159236 3183.59740832767
0.645 5.42635658914729 3189.02376491681
0.658 1.51975683890578 3190.54352175572
0.629 6.8362480127186 3197.37976976844
0.647 -2.31839258114374 3195.06137718729
0.656 4.26829268292683 3199.32966987022
0.651 5.37634408602151 3204.70601395624
0.658 -3.03951367781155 3201.66650027843
0.647 -3.5548686244204 3198.11163165401
0.573 2.26876090750436 3200.38039256152
0.546 -8.05860805860806 3192.32178450291
0.573 -0.87260034904014 3191.44918415387
0.546 0 3191.44918415387
0.575 -1.91304347826087 3189.53614067561
0.589 -4.92359932088285 3184.61254135472
0.511 -3.32681017612524 3181.2857311786
0.501 2.9940119760479 3184.27974315465
0.51 -0.784313725490196 3183.49542942916
0.546 1.46520146520147 3184.96063089436
0.479 6.88935281837161 3191.84998371273
0.584 3.42465753424658 3195.27464124698
0.593 -5.90219224283305 3189.37244900414
0.492 6.50406504065041 3195.87651404479
0.473 -9.93657505285412 3185.93993899194
0.552 6.52173913043478 3192.46167812237
0.53 4.90566037735849 3197.36733849973
0.684 -3.21637426900585 3194.15096423073
0.646 -0.928792569659443 3193.22217166107
0.639 -0.469483568075117 3192.75268809299
0.622 1.60771704180064 3194.36040513479
0.635 -2.36220472440945 3191.99820041038
0.617 -8.26580226904376 3183.73239814134
0.57 -1.05263157894737 3182.67976656239
0.581 0.516351118760757 3183.19611768115
0.637 -7.69230769230769 3175.50380998885
0.656 4.26829268292683 3179.77210267177
0.663 4.07239819004525 3183.84450086182
0.62 5.16129032258065 3189.0057911844
0.583 4.63121783876501 3193.63700902316
0.607 -1.4827018121911 3192.15430721097
0.614 3.90879478827362 3196.06310199925
0.626 3.19488817891374 3199.25799017816
0.559 1.96779964221825 3201.22578982038
0.561 3.03030303030303 3204.25609285068
0.655 -5.34351145038168 3198.9125814003
0.602 -4.31893687707641 3194.59364452322
0.589 0.848896434634975 3195.44254095786
0.648 6.79012345679012 3202.23266441465
0.653 4.74732006125574 3206.9799844759
0.657 1.97869101978691 3208.95867549569
0.644 -1.86335403726708 3207.09532145842
0.688 -1.45348837209302 3205.64183308633
0.685 0.145985401459854 3205.78781848779
0.676 0.887573964497041 3206.67539245229
0.659 -0.758725341426404 3205.91666711086
0.642 -3.11526479750779 3202.80140231335
0.693 1.87590187590188 3204.67730418925
0.659 3.1866464339909 3207.86395062325
0.629 3.02066772655008 3210.8846183498
0.653 5.05359877488515 3215.93821712468
0.658 5.47112462006079 3221.40934174474
0.631 -0.792393026941363 3220.6169487178
0.697 -15.351506456241 3205.26544226156
0.668 -3.59281437125748 3201.6726278903
0.705 -5.53191489361702 3196.14071299668
0.666 1.2012012012012 3197.34191419789
0.57 -10.5263157894737 3186.81559840841
0.52 -14.6153846153846 3172.20021379303
0.634 -7.57097791798107 3164.62923587505
0.665 -5.26315789473684 3159.36607798031
0.666 -15.3153153153153 3144.05076266499
0.64 3.75 3147.80076266499
0.651 -5.99078341013825 3141.80997925486
0.655 -4.73282442748092 3137.07715482738
0.606 -4.62046204620462 3132.45669278117
0.604 -0.33112582781457 3132.12556695336
0.624 4.16666666666667 3136.29223362002
0.649 -0.462249614791988 3135.82998400523
0.662 1.51057401812689 3137.34055802336
0.613 -3.09951060358891 3134.24104741977
0.62 0.32258064516129 3134.56362806493
0.649 5.08474576271186 3139.64837382764
0.612 -2.61437908496732 3137.03399474267
0.598 -3.01003344481605 3134.02396129786
0.694 -10.3746397694525 3123.64932152841
0.66 -4.24242424242424 3119.40689728598
0.621 -4.02576489533011 3115.38113239065
0.653 3.21592649310873 3118.59705888376
0.671 2.2354694485842 3120.83252833234
0.659 -5.00758725341426 3115.82494107893
0.632 1.26582278481013 3117.09076386374
0.65 -4.92307692307692 3112.16768694066
0.594 -25.2525252525253 3086.91516168814
0.645 -78.6046511627907 3008.31051052535
0.701 -80.5991440798859 2927.71136644546
0.747 -72.4230254350736 2855.28834101039
0.683 -3.66032210834553 2851.62801890204
0.634 8.2018927444795 2859.82991164652
0.632 -5.37974683544304 2854.45016481108
0.62 -2.90322580645161 2851.54693900463
0.622 1.28617363344051 2852.83311263807
0.672 3.27380952380952 2856.10692216188
0.643 -4.19906687402799 2851.90785528785
0.68 -5.88235294117647 2846.02550234667
0.679 -2.79823269513991 2843.22726965153
0.642 -9.03426791277259 2834.19300173876
0.667 -1.34932533733133 2832.84367640143
0.672 -2.08333333333333 2830.7603430681
0.657 0.76103500761035 2831.52137807571
0.58 -8.62068965517241 2822.90068842053
0.646 0.309597523219814 2823.21028594375
0.663 -6.18401206636501 2817.02627387739
0.625 -1.44 2815.58627387739
0.644 4.34782608695652 2819.93409996434
0.647 4.4822256568779 2824.41632562122
0.605 3.47107438016529 2827.88740000139
0.603 8.12603648424544 2836.01343648563
0.683 6.00292825768668 2842.01636474332
0.684 -6.4327485380117 2835.58361620531
0.681 -7.19530102790015 2828.38831517741
0.683 -3.95314787701318 2824.43516730039
0.653 4.44104134762634 2828.87620864802
0.676 -2.07100591715976 2826.80520273086
0.654 -2.44648318042813 2824.35871955043
0.581 -3.27022375215146 2821.08849579828
0.66 -11.5151515151515 2809.57334428313
0.626 -8.94568690095847 2800.62765738217
0.671 -5.51415797317437 2795.113499409
0.656 0.914634146341463 2796.02813355534
0.68 -2.94117647058824 2793.08695708475
0.64 1.25 2794.33695708475
0.672 -4.16666666666667 2790.17029041808
0.672 -5.35714285714286 2784.81314756094
0.697 -5.59540889526542 2779.21773866568
0.696 -0.28735632183908 2778.93038234384
0.664 -4.51807228915663 2774.41231005468
0.626 0.319488817891374 2774.73179887257
0.653 -7.19754977029096 2767.53424910228
0.665 -0.75187969924812 2766.78236940303
0.649 2.92758089368259 2769.70995029672
0.627 2.39234449760766 2772.10229479432
0.68 1.17647058823529 2773.27876538256
0.658 -3.34346504559271 2769.93530033697
0.635 -8.97637795275591 2760.95892238421
0.612 -2.28758169934641 2758.67134068486
0.643 -2.95489891135303 2755.71644177351
0.664 -5.72289156626506 2749.99355020724
0.665 -16.9924812030075 2733.00106900424
0.645 -15.6589147286822 2717.34215427556
0.65 -4.92307692307692 2712.41907735248
0.662 -5.13595166163142 2707.28312569085
0.696 -5.17241379310345 2702.11071189774
0.636 2.20125786163522 2704.31196975938
0.628 3.18471337579618 2707.49668313517
0.672 -1.19047619047619 2706.3062069447
0.677 -1.32939438700148 2704.9768125577
0.687 -0.436681222707424 2704.54013133499
0.66 -0.303030303030303 2704.23710103196
0.64 -3.4375 2700.79960103196
0.645 -3.87596899224806 2696.92363203971
0.639 -1.40845070422535 2695.51518133549
0.575 2.60869565217391 2698.12387698766
0.64 -4.375 2693.74887698766
0.578 -2.07612456747405 2691.67275242019
0.596 -11.744966442953 2679.92778597723
0.624 -7.37179487179487 2672.55599110544
0.609 -3.11986863711002 2669.43612246833
0.606 -2.31023102310231 2667.12589144523
0.675 -1.33333333333333 2665.79255811189
0.68 2.64705882352941 2668.43961693542
0.666 8.40840840840841 2676.84802534383
0.669 5.82959641255605 2682.67762175639
0.686 8.16326530612245 2690.84088706251
0.697 -8.75179340028694 2682.08909366222
0.69 -10.1449275362319 2671.94416612599
0.703 -5.54765291607397 2666.39651320992
0.663 -7.08898944193062 2659.30752376799
0.664 -1.20481927710843 2658.10270449088
0.654 -3.36391437308869 2654.73879011779
0.629 -9.06200317965024 2645.67678693814
0.653 -2.90964777947933 2642.76713915866
0.67 0 2642.76713915866
0.624 -2.88461538461538 2639.88252377404
0.679 -8.68924889543446 2631.19327487861
0.631 -13.1537242472266 2618.03955063138
0.64 -4.0625 2613.97705063138
0.619 -9.20840064620355 2604.76864998518
0.647 -5.10046367851623 2599.66818630666
0.638 -1.25391849529781 2598.41426781136
0.627 -0.159489633173844 2598.25477817819
0.658 2.43161094224924 2600.68638912044
0.642 -8.72274143302181 2591.96364768742
0.67 0 2591.96364768742
0.663 -2.8657616892911 2589.09788599813
0.613 1.46818923327896 2590.56607523141
0.636 -0.628930817610063 2589.9371444138
0.629 -1.4308426073132 2588.50630180648
0.639 -1.09546165884194 2587.41084014764
0.673 -3.7147102526003 2583.69612989504
0.619 -5.97738287560582 2577.71874701943
0.653 -4.74732006125574 2572.97142695818
0.644 -3.41614906832298 2569.55527788986
0.663 0.452488687782805 2570.00776657764
0.643 -4.51010886469673 2565.49765771294
0.632 -2.84810126582278 2562.64955644712
0.612 -5.22875816993464 2557.42079827718
0.614 -14.3322475570033 2543.08855072018
0.613 -1.14192495921697 2541.94662576096
0.636 -1.25786163522013 2540.68876412574
0.636 -9.74842767295597 2530.94033645279
0.647 -1.39103554868624 2529.5493009041
0.622 -4.18006430868167 2525.36923659542
0.589 -11.0356536502547 2514.33358294517
0.609 1.14942528735632 2515.48300823252
0.671 -5.51415797317437 2509.96885025935
0.614 -3.58306188925081 2506.3857883701
0.596 -5.36912751677852 2501.01666085332
0.621 -3.05958132045089 2497.95707953287
0.603 -4.80928689883914 2493.14779263403
0.613 -2.12071778140294 2491.02707485263
0.614 -9.12052117263844 2481.90655367999
0.586 -4.43686006825939 2477.46969361173
0.572 -5.59440559440559 2471.87528801732
0.641 -8.26833073322933 2463.60695728409
0.643 -4.19906687402799 2459.40789041006
0.642 -5.29595015576324 2454.1119402543
0.651 1.68970814132104 2455.80164839562
0.624 0 2455.80164839562
0.646 0.928792569659443 2456.73044096528
0.618 -13.5922330097087 2443.13820795557
0.649 -11.5562403697997 2431.58196758577
0.666 -5.10510510510511 2426.47686248067
0.666 -9.30930930930931 2417.16755317136
0.677 -3.98818316100443 2413.17937001035
0.69 -2.89855072463768 2410.28081928572
0.68 -1.17647058823529 2409.10434869748
0.633 -6.16113744075829 2402.94321125672
0.675 -7.85185185185185 2395.09135940487
0.698 -4.87106017191977 2390.22029923295
0.652 -2.14723926380368 2388.07305996915
0.669 -12.7055306427504 2375.3675293264
0.676 -5.32544378698225 2370.04208553942
0.673 -5.79494799405646 2364.24713754536
0.647 -12.8284389489954 2351.41869859636
0.677 -11.9645494830133 2339.45414911335
0.645 -13.4883720930233 2325.96577702033
0.639 -12.0500782472613 2313.91569877307
0.673 -12.630014858841 2301.28568391422
0.635 -3.93700787401575 2297.34867604021
0.627 -4.62519936204147 2292.72347667817
0.638 -2.82131661442006 2289.90216006375
0.648 -2.46913580246914 2287.43302426128
0.635 4.56692913385827 2291.99995339514
0.603 3.48258706467662 2295.48254045981
0.61 0.655737704918033 2296.13827816473
0.545 -13.0275229357798 2283.11075522895
0.697 -6.74318507890961 2276.36757015004
0.664 -0.903614457831325 2275.46395569221
0.637 -10.8320251177394 2264.63193057447
0.699 -8.72675250357654 2255.90517807089
0.647 -15.919629057187 2239.98554901371
0.665 2.85714285714286 2242.84269187085
0.6 -4 2238.84269187085
0.61 0.655737704918033 2239.49842957577
0.675 -5.18518518518519 2234.31324439058
0.657 -1.97869101978691 2232.3345533708
0.626 -7.02875399361022 2225.30579937719
0.676 1.77514792899408 2227.08094730618
0.632 8.22784810126582 2235.30879540745
0.67 -2.38805970149254 2232.92073570595
0.591 -2.19966159052453 2230.72107411543
0.596 -4.02684563758389 2226.69422847785
0.612 -6.20915032679739 2220.48507815105
0.635 -6.14173228346457 2214.34334586758
0.673 -4.30906389301634 2210.03428197457
0.676 -5.02958579881657 2205.00469617575
0.648 -4.93827160493827 2200.06642457081
0.59 -8.47457627118644 2191.59184829963
0.62 -4.19354838709677 2187.39829991253
0.596 -8.38926174496644 2179.00903816756
0.644 -10.5590062111801 2168.45003195638
0.633 -10.5845181674566 2157.86551378893
0.637 -1.41287284144427 2156.45264094748
0.673 -6.68647845468054 2149.7661624928
0.624 -8.33333333333333 2141.43282915947
0.663 -4.07239819004525 2137.36043096942
0.649 -4.46841294298921 2132.89201802643
0.587 -6.64395229982964 2126.2480657266
0.628 -0.636942675159236 2125.61112305144
0.636 -7.54716981132075 2118.06395324012
0.618 -6.47249190938511 2111.59146133074
0.64 -9.0625 2102.52896133074
0.586 -1.70648464163823 2100.8224766891
0.648 -3.39506172839506 2097.4274149607
0.621 -10.4669887278583 2086.96042623285
0.623 -6.90208667736758 2080.05833955548
0.63 -6.03174603174603 2074.02659352373
0.614 -2.28013029315961 2071.74646323057
0.612 -5.88235294117647 2065.8641102894
0.58 -7.93103448275862 2057.93307580664
0.599 2.83806343906511 2060.7711392457
0.552 -1.81159420289855 2058.9595450428
0.507 1.38067061143984 2060.34021565424
0.471 -15.9235668789809 2044.41664877526
0.533 -12.9455909943715 2031.47105778089
0.484 -11.9834710743802 2019.48758670651
0.537 -8.75232774674116 2010.73525895977
0.51 -20 1990.73525895977
0.506 -12.6482213438735 1978.0870376159
0.558 -12.5448028673835 1965.54223474851
0.592 2.36486486486486 1967.90709961338
0.614 -7.16612377850163 1960.74097583488
0.617 -3.40356564019449 1957.33741019468
0.604 -0.662251655629139 1956.67515853905
0.638 -5.32915360501567 1951.34600493404
0.65 -4.92307692307692 1946.42292801096
0.626 -8.62619808306709 1937.79672992789
0.644 -5.59006211180124 1932.20666781609
0.656 -10.6707317073171 1921.53593610878
0.64 -7.8125 1913.72343610878
0.654 -1.8348623853211 1911.88857372345
0.631 -11.2519809825674 1900.63659274089
0.577 1.90641247833622 1902.54300521922
0.632 -3.48101265822785 1899.061992561
0.574 -2.4390243902439 1896.62296817075
0.638 2.50783699059561 1899.13080516135
0.683 -6.00292825768668 1893.12787690366
0.636 -0.314465408805031 1892.81341149486
0.643 3.88802488335925 1896.70143637821
0.662 4.83383685800604 1901.53527323622
0.656 -0.304878048780488 1901.23039518744
0.622 -7.07395498392283 1894.15644020352
0.667 -6.44677661169415 1887.70966359182
0.692 -4.6242774566474 1883.08538613518
0.676 -4.43786982248521 1878.64751631269
0.634 -8.2018927444795 1870.44562356821
0.652 1.53374233128834 1871.9793658995
0.639 -4.85133020344288 1867.12803569606
0.606 -3.63036303630363 1863.49767265975
0.627 -10.0478468899522 1853.4498257698
0.634 -5.36277602523659 1848.08704974456
0.627 -8.13397129186603 1839.9530784527
0.589 1.52801358234295 1841.48109203504
0.583 -1.88679245283019 1839.59429958221
0.569 -6.85413005272408 1832.74016952949
0.622 -7.39549839228296 1825.3446711372
0.618 -8.09061488673139 1817.25405625047
0.675 -12 1805.25405625047
0.662 -14.5015105740181 1790.75254567645
0.608 -5.26315789473684 1785.48938778172
0.612 0.326797385620915 1785.81618516734
0.594 -4.37710437710438 1781.43908079023
0.57 -11.9298245614035 1769.50925622883
0.524 -4.58015267175572 1764.92910355707
0.544 -7.35294117647059 1757.5761623806
0.557 -2.33393177737882 1755.24223060323
0.537 -6.14525139664805 1749.09697920658
0.542 -4.0590405904059 1745.03793861617
0.514 -2.72373540856031 1742.31420320761
0.565 -1.5929203539823 1740.72128285363
0.566 -0.706713780918728 1740.01456907271
0.568 -10.5633802816901 1729.45118879102
0.609 -3.77668308702791 1725.67450570399
0.588 7.82312925170068 1733.49763495569
0.634 6.30914826498423 1739.80678322068
0.656 -0.304878048780488 1739.5019051719
0.599 -2.83806343906511 1736.66384173283
0.626 -9.58466453674121 1727.07917719609
0.672 -8.63095238095238 1718.44822481514
0.676 -4.43786982248521 1714.01035499265
0.665 -6.16541353383459 1707.84494145882
0.658 -8.20668693009119 1699.63825452873
0.618 -3.23624595469256 1696.40200857403
0.623 -0.160513643659711 1696.24149493037
0.612 -11.1111111111111 1685.13038381926
0.585 -13.1623931623932 1671.96799065687
0.616 -5.51948051948052 1666.44851013739
0.62 -0.967741935483871 1665.48076820191
0.621 -5.95813204508857 1659.52263615682
0.563 -12.6110124333925 1646.91162372342
0.623 -6.58105939004815 1640.33056433338
0.593 -14.3338954468803 1625.9966688865
0.601 -7.48752079866888 1618.50914808783
0.598 -5.35117056856187 1613.15797751927
0.604 -8.94039735099338 1604.21758016827
0.641 -10.4524180967239 1593.76516207155
0.622 -1.28617363344051 1592.47898843811
0.616 -6.81818181818182 1585.66080661993
0.619 -1.77705977382876 1583.8837468461
0.662 -6.94864048338369 1576.93510636271
0.651 -9.98463901689708 1566.95046734582
0.657 -4.71841704718417 1562.23205029863
0.65 -8.61538461538461 1553.61666568325
0.604 -1.65562913907285 1551.96103654417
0.607 -11.3673805601318 1540.59365598404
0.615 -8.29268292682927 1532.30097305721
0.614 -11.7263843648208 1520.57458869239
0.636 -5.34591194968553 1515.22867674271
0.55 -3.27272727272727 1511.95594946998
0.569 -13.1810193321617 1498.77493013782
0.525 -18.4761904761905 1480.29873966163
0.505 -10.0990099009901 1470.19972976064
0.558 -11.1111111111111 1459.08861864953
0.534 -7.49063670411985 1451.59798194541
0.555 -12.0720720720721 1439.52590987333
0.545 -7.15596330275229 1432.36994657058
0.548 -4.01459854014599 1428.35534803044
0.542 -10.3321033210332 1418.0232447094
0.546 -4.76190476190476 1413.2613399475
0.573 -13.4380453752182 1399.82329457228
0.573 -24.956369982548 1374.86692458973
0.544 -8.82352941176471 1366.04339517797
0.545 -6.05504587155963 1359.98834930641
0.563 -3.01953818827709 1356.96881111813
0.518 -1.54440154440154 1355.42440957373
0.5 -13.2 1342.22440957373
0.474 -13.0801687763713 1329.14424079736
0.554 -3.6101083032491 1325.53413249411
0.597 -12.2278056951424 1313.30632679897
0.604 -6.62251655629139 1306.68381024268
0.583 -5.66037735849057 1301.02343288418
0.588 -5.78231292517007 1295.24111995901
0.55 0.363636363636364 1295.60475632265
0.518 -3.86100386100386 1291.74375246165
0.495 -4.24242424242424 1287.50132821922
0.467 -2.35546038543897 1285.14586783378
0.521 -2.49520153550864 1282.65066629828
0.553 -4.88245931283906 1277.76820698544
0.539 -11.317254174397 1266.45095281104
0.531 -12.9943502824859 1253.45660252855
0.61 -17.7049180327869 1235.75168449577
0.635 -13.7007874015748 1222.05089709419
0.641 -11.0764430577223 1210.97445403647
0.615 -6.66666666666667 1204.3077873698
0.632 -1.26582278481013 1203.04196458499
0.604 -4.63576158940397 1198.40620299559
0.608 -2.96052631578947 1195.4456766798
0.644 -5.59006211180124 1189.855614568
0.675 -1.33333333333333 1188.52228123466
0.644 -6.52173913043478 1182.00054210423
0.629 -4.92845786963434 1177.0720842346
0.624 -8.01282051282051 1169.05926372177
0.562 -12.4555160142349 1156.60374770754
0.523 -6.69216061185468 1149.91158709569
0.537 -10.2420856610801 1139.66950143461
0.51 -9.01960784313725 1130.64989359147
0.614 -1.30293159609121 1129.34696199538
0.603 10.1160862354892 1139.46304823087
0.613 7.01468189233279 1146.4777301232
0.55 -0.727272727272727 1145.75045739593
0.521 -10.1727447216891 1135.57771267424
0.485 -18.3505154639175 1117.22719721032
0.5 -8 1109.22719721032
0.512 -14.453125 1094.77407221032
0.5 -11.6 1083.17407221032
0.583 -7.71869639794168 1075.45537581238
0.603 -3.81426202321725 1071.64111378916
0.599 -6.17696160267112 1065.46415218649
0.613 -1.14192495921697 1064.32222722727
0.622 -8.03858520900322 1056.28364201827
0.619 -8.88529886914378 1047.39834314913
0.567 -16.7548500881834 1030.64349306094
0.608 -12.8289473684211 1017.81454569252
0.635 -5.51181102362205 1012.3027346689
0.638 -9.40438871473354 1002.89834595417
0.634 -10.0946372239748 992.803708730191
0.635 -4.56692913385827 988.236779596332
0.651 -5.68356374807988 982.553215848253
0.623 -8.18619582664527 974.367020021607
0.611 -8.67430441898527 965.692715602622
0.57 1.40350877192982 967.096224374552
0.589 -8.99830220713073 958.097922167421
0.563 -1.9538188277087 956.144103339713
0.556 -0.719424460431655 955.424678879281
0.584 -2.73972602739726 952.684952851884
0.576 0 952.684952851884
0.617 -1.78282009724473 950.902132754639
0.582 -12.0274914089347 938.874641345704
0.575 -6.78260869565217 932.092032650052
0.594 -7.74410774410774 924.347924905944
0.585 -5.2991452991453 919.048779606799
0.575 -9.56521739130435 909.483562215495
0.598 -9.03010033444816 900.453461881046
0.606 0 900.453461881046
0.648 -10.1851851851852 890.268276695861
0.593 -10.9612141652614 879.3070625306
0.599 -0.834724540901502 878.472337989698
0.548 0.364963503649635 878.837301493348
0.6 0.666666666666667 879.503968160015
0.578 -6.9204152249135 872.583552935101
0.595 0.168067226890756 872.751620161992
0.604 -7.6158940397351 865.135726122257
0.602 -1.66112956810631 863.47459655415
0.592 -1.35135135135135 862.123245202799
0.626 -6.38977635782748 855.733468844972
0.547 2.74223034734918 858.475699192321
0.579 -2.93609671848014 855.539602473841
0.585 -4.27350427350427 851.266098200336
0.624 -7.37179487179487 843.894303328541
0.622 -2.89389067524116 841.0004126533
0.578 -7.26643598615917 833.733976667141
0.614 -9.77198697068404 823.961989696457
0.596 -8.38926174496644 815.572727951491
0.592 -10.472972972973 805.099754978518
0.553 -7.41410488245931 797.685650096058
0.597 -3.85259631490787 793.833053781151
0.639 -12.3630672926448 781.469986488506
0.685 -5.69343065693431 775.776555831571
0.61 -5.57377049180328 770.202785339768
0.626 -6.38977635782748 763.813008981941
0.64 -3.4375 760.375508981941
0.681 -6.6079295154185 753.767579466522
0.655 -1.37404580152672 752.393533664996
0.676 -7.69230769230769 744.701225972688
0.662 1.20845921450151 745.909685187189
0.621 -4.02576489533011 741.883920291859
0.612 -0.326797385620915 741.557122906238
0.638 7.52351097178683 749.080633878025
0.637 2.66875981161695 751.749393689642
0.641 -4.21216848673947 747.537225202903
0.643 2.33281493001555 749.870040132918
0.638 1.56739811912226 751.43743825204
0.643 -2.33281493001555 749.104623322025
0.642 3.73831775700935 752.842941079034
0.56 0.714285714285714 753.55722679332
0.587 -6.98466780238501 746.572558990935
0.575 -8.17391304347826 738.398645947457
0.607 -5.10708401976936 733.291561927687
0.641 -11.7004680187207 721.591093908967
0.648 -6.17283950617284 715.418254402794
0.674 -2.9673590504451 712.450895352349
0.703 -13.2290184921764 699.221876860172
0.658 -13.3738601823708 685.848016677801
0.602 -0.996677740863787 684.851338936938
0.62 -2.58064516129032 682.270693775647
0.577 -0.519930675909879 681.750763099737
0.63 -11.1111111111111 670.639651988626
0.639 -8.92018779342723 661.719464195199
0.586 -6.14334470989761 655.576119485301
0.619 -1.45395799676898 654.122161488532
0.585 -3.24786324786325 650.874298240669
0.591 -9.98307952622674 640.891218714443
0.613 -6.03588907014682 634.855329644296
0.603 -5.4726368159204 629.382692828375
0.641 2.65210608424337 632.034798912619
0.628 -1.59235668789809 630.442442224721
0.66 2.12121212121212 632.563654345933
0.655 -0.763358778625954 631.800295567307
0.686 -9.03790087463557 622.762394692671
0.676 -0.29585798816568 622.466536704506
0.707 -8.62800565770863 613.838531046797
0.658 -10.3343465045593 603.504184542238
0.646 -7.73993808049536 595.764246461742
0.663 -4.37405731523379 591.390189146508
0.657 -4.41400304414003 586.976186102368
0.652 -6.44171779141104 580.534468310957
0.627 -7.17703349282297 573.357434818134
0.642 -11.8380062305296 561.519428587605
0.636 -9.43396226415094 552.085466323454
0.595 -10.9243697478992 541.161096575555
0.62 -7.74193548387097 533.419161091684
0.622 -2.2508038585209 531.168357233163
0.591 -11.336717428088 519.831639805075
0.621 -6.28019323671498 513.55144656836
0.601 -0.831946755407654 512.719499812952
0.646 1.23839009287926 513.957889905832
0.65 -11.0769230769231 502.880966828908
0.656 -7.6219512195122 495.259015609396
0.676 -2.36686390532544 492.892151704071
0.605 -7.76859504132231 485.123556662748
0.587 -2.89608177172061 482.227474891028
0.6 -9.66666666666667 472.560808224361
0.604 -10.9271523178808 461.63365590648
0.619 -8.56219709208401 453.071458814396
0.607 -10.0494233937397 443.022035420657
0.62 -8.06451612903226 434.957519291624
0.614 -2.93159609120521 432.025923200419
0.594 -11.1111111111111 420.914812089308
0.61 -1.63934426229508 419.275467827013
0.628 -3.82165605095541 415.453811776058
0.6 -7.33333333333333 408.120478442724
0.609 -2.13464696223317 405.985831480491
0.609 1.14942528735632 407.135256767847
0.653 -1.07197549770291 406.063281270145
0.644 3.1055900621118 409.168871332256
0.653 4.74732006125574 413.916191393512
0.678 14.4542772861357 428.370468679648
0.501 -19.7604790419162 408.609989637732
0.579 -20.8981001727116 387.71188946502
0.649 -4.16024653312789 383.551642931892
0.68 -1.47058823529412 382.081054696598
0.669 -4.33482810164424 377.746226594954
0.639 -23.3176838810642 354.42854271389
0.651 -9.98463901689708 344.443903696992
0.641 -12.9485179407176 331.495385756275
0.621 -3.05958132045089 328.435804435824
0.62 7.09677419354839 335.532578629372
0.612 0.326797385620915 335.859376014993
0.628 3.18471337579618 339.044089390789
0.622 -1.92926045016077 337.114828940629
0.63 -4.12698412698413 332.987844813645
0.643 -2.02177293934681 330.966071874298
0.637 -4.86656200941915 326.099509864879
0.648 -1.54320987654321 324.556299988335
0.684 -10.233918128655 314.32238185968
0.688 -11.6279069767442 302.694474882936
0.686 -3.79008746355685 298.904387419379
0.671 -12.0715350223547 286.832852397025
0.66 -6.36363636363636 280.469216033388
0.637 -11.7739403453689 268.695275688019
0.67 -13.7313432835821 254.963932404437
0.655 -9.00763358778626 245.956298816651
0.654 -13.1498470948012 232.80645172185
0.685 -12.4087591240876 220.397692597762
0.604 -4.3046357615894 216.093056836173
0.609 -3.44827586206897 212.644780974104
0.682 -14.6627565982405 197.982024375863
0.662 -12.3867069486405 185.595317427223
0.674 -12.4629080118694 173.132409415353
0.622 -3.53697749196141 169.595431923392
0.694 -11.5273775216138 158.068054401778
0.68 -10.5882352941176 147.479819107661
0.619 -1.13085621970921 146.348962887951
0.621 -7.56843800322061 138.780524884731
0.607 -4.77759472817133 134.002930156559
0.672 -4.76190476190476 129.241025394655
0.666 3.3033033033033 132.544328697958
0.636 -5.34591194968553 127.198416748272
0.682 -8.50439882697947 118.694017921293
0.65 -9.53846153846154 109.155556382831
0.654 -6.11620795107034 103.039348431761
0.573 -11.3438045375218 91.6955438942393
0.589 -1.86757215619694 89.8279717380424
0.588 -2.04081632653061 87.7871554115117
0.619 1.45395799676898 89.2411134082807
0.614 -10.0977198697068 79.1433935385739
0.637 -1.41287284144427 77.7305206971296
0.646 -0.619195046439629 77.11132565069
0.547 -9.3235831809872 67.7877424697028
0.561 -10.873440285205 56.9143021844978
0.564 -9.9290780141844 46.9852241703134
0.572 -6.99300699300699 39.9922171773064
0.561 -4.81283422459893 35.1793829527075
0.571 -9.6322241681261 25.5471587845814
0.53 1.13207547169811 26.6792342562795
0.578 -6.22837370242215 20.4508605538573
0.618 -8.09061488673139 12.3602456671259
0.59 -6.44067796610169 5.91956770102425
0.592 -5.74324324324324 0.176324457781011
0.627 -13.237639553429 -13.061315095648
0.655 -9.31297709923664 -22.3742921948847
0.61 -6.22950819672131 -28.603800391606
0.638 -5.95611285266458 -34.5599132442705
0.616 0.324675324675325 -34.2352379195952
0.635 -7.71653543307087 -41.9517733526661
0.613 -1.46818923327896 -43.419962585945
0.678 -8.84955752212389 -52.2695201080689
0.624 -12.8205128205128 -65.0900329285818
0.6 -3.66666666666667 -68.7566995952484
0.63 -7.61904761904762 -76.375747214296
0.644 6.52173913043478 -69.8540080838613
0.469 -2.77185501066098 -72.6258630945222
0.656 -5.18292682926829 -77.8087899237905
0.671 -11.7734724292101 -89.5822623530007
0.611 -4.74631751227496 -94.3285798652756
0.591 -17.7664974619289 -112.095077327205
0.599 -9.18196994991653 -121.277047277121
0.632 -4.11392405063291 -125.390971327754
0.632 -7.59493670886076 -132.985908036615
0.655 -4.42748091603053 -137.413388952645
0.659 -15.3262518968134 -152.739640849459
0.631 -3.01109350237718 -155.750734351836
0.625 -6.88 -162.630734351836
0.611 -3.76432078559738 -166.395055137433
0.628 -9.55414012738854 -175.949195264822
0.623 -10.7544141252006 -186.703609390022
0.66 0 -186.703609390022
0.637 -1.41287284144427 -188.116482231467
0.677 -6.64697193500739 -194.763454166474
0.647 2.00927357032457 -192.754180596149
0.646 5.88235294117647 -186.871827654973
0.657 -9.58904109589041 -196.460868750863
0.639 -8.92018779342723 -205.381056544291
0.655 -6.25954198473282 -211.640598529023
0.661 -10.1361573373676 -221.776755866391
0.627 -5.58213716108453 -227.358893027476
0.622 -2.89389067524116 -230.252783702717
0.635 -5.82677165354331 -236.07955535626
0.629 -6.51828298887122 -242.597838345131
0.559 -9.48121645796064 -252.079054803092
0.609 -6.40394088669951 -258.482995689791
0.601 -9.48419301164726 -267.967188701439
0.598 -1.33779264214047 -269.304981343579
0.595 -4.87394957983193 -274.178930923411
0.584 -1.36986301369863 -275.54879393711
0.586 0.68259385665529 -274.866200080454
0.607 -6.09555189456343 -280.961751975018
0.563 -10.4795737122558 -291.441325687274
0.588 -7.82312925170068 -299.264454938974
0.614 0.325732899022801 -298.938722039952
0.631 -3.32805071315372 -302.266772753105
0.554 0.36101083032491 -301.90576192278
0.607 0.494233937397035 -301.411527985383
0.679 1.32547864506627 -300.086049340317
0.66 6.06060606060606 -294.025443279711
0.655 10.5343511450382 -283.491092134673
0.568 0.704225352112676 -282.78686678256
0.585 1.53846153846154 -281.248405244099
0.662 9.96978851963746 -271.278616724461
0.679 -4.27098674521355 -275.549603469675
0.597 -7.53768844221106 -283.087291911886
0.664 -11.7469879518072 -294.834279863693
0.637 -10.8320251177394 -305.666304981432
0.641 -6.39625585023401 -312.062560831666
0.686 -6.70553935860058 -318.768100190267
0.646 -7.12074303405573 -325.888843224323
0.676 -6.50887573964497 -332.397718963968
0.683 -8.9311859443631 -341.328904908331
0.687 -16.448326055313 -357.777230963644
0.689 -9.72423802612482 -367.501468989769
0.652 -9.8159509202454 -377.317419910014
0.661 -3.7821482602118 -381.099568170226
0.702 0 -381.099568170226
0.693 4.18470418470418 -376.914863985522
0.625 6.88 -370.034863985522
0.638 8.77742946708464 -361.257434518437
0.676 -6.80473372781065 -368.062168246248
0.667 -9.44527736131934 -377.507445607567
0.668 -9.2814371257485 -386.788882733315
0.679 0.147275405007364 -386.641607328308
0.617 -5.3484602917342 -391.990067620042
0.649 2.31124807395994 -389.678819546082
0.645 -3.87596899224806 -393.55478853833
0.669 -1.04633781763827 -394.601126355969
0.578 -7.61245674740484 -402.213583103373
0.567 -3.35097001763668 -405.56455312101
0.582 -1.71821305841924 -407.282766179429
0.556 -12.9496402877698 -420.232406467199
0.559 -7.3345259391771 -427.566932406376
0.568 -2.11267605633803 -429.679608462714
0.579 -4.66321243523316 -434.342820897947
0.443 -6.09480812641084 -440.437629024358
0.437 -0.68649885583524 -441.124127880194
0.473 3.17124735729387 -437.9528805229
0.434 1.84331797235023 -436.109562550549
0.44 -4.54545454545455 -440.655017096004
0.423 -2.12765957446809 -442.782676670472
0.453 -7.72626931567329 -450.508945986145
0.459 -10.239651416122 -460.748597402267
0.474 -5.90717299578059 -466.655770398048
0.51 -12.9411764705882 -479.596946868636
0.483 -4.34782608695652 -483.944772955593
0.523 -3.25047801147228 -487.195250967065
0.526 -6.08365019011407 -493.278901157179
0.554 -3.6101083032491 -496.889009460428
0.586 -2.04778156996587 -498.936791030394
0.561 -4.09982174688057 -503.036612777275
0.586 -2.04778156996587 -505.08439434724
0.551 -3.44827586206897 -508.532670209309
0.589 -1.86757215619694 -510.400242365506
0.644 -3.72670807453416 -514.126950440041
0.615 2.11382113821138 -512.013129301829
0.664 -5.12048192771084 -517.13361122954
0.641 -8.26833073322933 -525.401941962769
0.655 -4.42748091603053 -529.8294228788
0.643 -11.353032659409 -541.182455538209
0.671 -10.2831594634873 -551.465615001696
0.666 -3.9039039039039 -555.3695189056
0.55 -7.63636363636364 -563.005882541964
0.553 -8.86075949367089 -571.866642035635
0.576 -17.0138888888889 -588.880530924524
0.537 -15.0837988826816 -603.964329807205
0.576 -9.02777777777778 -612.992107584983
0.588 -6.80272108843537 -619.794828673418
0.645 -5.42635658914729 -625.221185262566
0.641 -8.58034321372855 -633.801528476294
0.604 -7.28476821192053 -641.086296688215
0.629 -6.20031796502385 -647.286614653238
0.607 -8.73146622734761 -656.018080880586
0.584 -13.6986301369863 -669.716711017572
0.638 -2.82131661442006 -672.538027631992
0.601 -6.4891846921797 -679.027212324172
0.527 -9.29791271347249 -688.325125037645
0.58 -2.06896551724138 -690.394090554886
0.613 -7.34094616639478 -697.735036721281
0.674 -8.90207715133531 -706.637113872616
0.632 -3.48101265822785 -710.118126530844
0.625 -10.4 -720.518126530844
0.664 -6.62650602409639 -727.14463255494
0.679 -1.620029455081 -728.764662010021
0.553 -5.96745027124774 -734.732112281269
0.611 -6.71031096563011 -741.442423246899
0.617 -4.70016207455429 -746.142585321453
0.651 -3.2258064516129 -749.368391773066
0.548 -4.01459854014599 -753.382990313212
0.653 -5.05359877488515 -758.436589088098
0.602 -5.3156146179402 -763.752203706038
0.554 -6.85920577617328 -770.611409482211
0.617 -8.26580226904376 -778.877211751255
0.667 -4.047976011994 -782.925187763249
0.632 -6.32911392405063 -789.254301687299
0.687 -15.2838427947598 -804.538144482059
0.583 -5.66037735849057 -810.19852184055
0.638 -9.09090909090909 -819.289430931459
0.667 -7.34632683658171 -826.635757768041
0.664 -7.53012048192771 -834.165878249968
0.689 -1.30624092888244 -835.472119178851
0.626 -1.59744408945687 -837.069563268308
0.628 -14.6496815286624 -851.71924479697
0.637 -13.6577708006279 -865.377015597598
0.641 -13.5725429017161 -878.949558499314
0.635 -6.14173228346457 -885.091290782779
0.668 -17.3652694610778 -902.456560243856
0.641 -12.01248049922 -914.469040743076
0.637 -12.4018838304553 -926.870924573532
0.604 -6.95364238410596 -933.824566957638
0.601 -7.48752079866888 -941.312087756306
0.608 -2.63157894736842 -943.943666703675
0.609 -5.41871921182266 -949.362385915498
0.578 -7.95847750865052 -957.320863424148
0.549 -8.56102003642987 -965.881883460578
0.63 0 -965.881883460578
0.631 -8.39936608557845 -974.281249546156
0.659 -8.34597875569044 -982.627228301847
0.669 2.54110612855007 -980.086122173297
0.635 -6.45669291338583 -986.542815086683
0.648 -3.08641975308642 -989.629234839769
0.619 -8.23909531502423 -997.868330154793
0.645 -4.8062015503876 -1002.67453170518
0.62 -2.25806451612903 -1004.93259622131
0.63 4.76190476190476 -1000.17069145941
0.597 0.50251256281407 -999.668178896591
0.623 -5.61797752808989 -1005.28615642468
0.632 -10.126582278481 -1015.41273870316
0.473 -6.553911205074 -1021.96664990824
0.604 -1.98675496688742 -1023.95340487512
0.594 -9.42760942760943 -1033.38101430273
0.61 -12.4590163934426 -1045.84003069618
0.64 -11.875 -1057.71503069618
0.652 -2.45398773006135 -1060.16901842624
0.655 -8.3969465648855 -1068.56596499112
0.558 3.2258064516129 -1065.34015853951
0.546 0.732600732600733 -1064.60755780691
0.577 -4.67937608318891 -1069.2869338901
0.62 2.25806451612903 -1067.02886937397
0.618 -6.14886731391586 -1073.17773668788
0.678 -6.48967551622419 -1079.66741220411
0.618 4.53074433656958 -1075.13666786754
0.625 -2.4 -1077.53666786754
0.656 -3.35365853658537 -1080.89032640412
0.619 -1.13085621970921 -1082.02118262383
0.615 -4.39024390243902 -1086.41142652627
0.621 0.161030595813205 -1086.25039593046
0.57 1.40350877192982 -1084.84688715853
0.575 8.8695652173913 -1075.97732194114
0.545 3.85321100917431 -1072.12411093196
0.568 -1.76056338028169 -1073.88467431225
0.609 0.492610837438424 -1073.39206347481
0.628 5.73248407643312 -1067.65957939837
0.569 9.31458699472759 -1058.34499240365
0.54 -2.22222222222222 -1060.56721462587
0.609 -5.09031198686371 -1065.65752661273
0.647 -1.70015455950541 -1067.35768117224
0.645 1.08527131782946 -1066.27240985441
0.577 -2.25303292894281 -1068.52544278335
0.579 3.97236614853195 -1064.55307663482
0.634 -1.57728706624606 -1066.13036370107
0.623 5.29695024077047 -1060.83341346029
0.611 9.32896890343699 -1051.50444455686
0.635 7.71653543307087 -1043.78790912379
0.668 8.38323353293413 -1035.40467559085
0.694 5.76368876080692 -1029.64098683005
0.615 3.73983739837398 -1025.90114943167
0.654 5.5045871559633 -1020.39656227571
0.615 9.26829268292683 -1011.12826959278
0.626 -4.79233226837061 -1015.92060186115
0.6 0 -1015.92060186115
0.593 -1.5177065767285 -1017.43830843788
0.6 -1.33333333333333 -1018.77164177121
0.606 5.61056105610561 -1013.16108071511
0.582 8.24742268041237 -1004.9136580347
0.651 10.5990783410138 -994.314579693683
0.67 1.49253731343284 -992.82204238025
0.664 4.81927710843374 -988.002765271816
0.625 1.12 -986.882765271816
0.589 -0.169779286926995 -987.052544558743
0.656 2.13414634146341 -984.918398217279
0.67 10.1492537313433 -974.769144485936
0.616 7.79220779220779 -966.976936693728
0.589 6.28183361629881 -960.69510307743
0.555 4.5045045045045 -956.190598572925
0.602 -0.664451827242525 -956.855050400168
0.606 3.3003300330033 -953.554720367164
0.663 6.78733031674208 -946.767390050422
0.624 -3.84615384615385 -950.613543896576
0.552 -4.34782608695652 -954.961369983533
0.56 -3.21428571428571 -958.175655697818
0.547 2.74223034734918 -955.433425350469
0.548 8.39416058394161 -947.039264766527
0.587 2.21465076660988 -944.824613999918
0.57 -1.05263157894737 -945.877245578865
0.532 7.14285714285714 -938.734388436008
0.51 1.17647058823529 -937.557917847773
0.534 8.98876404494382 -928.569153802829
0.549 7.10382513661202 -921.465328666217
0.617 8.58995137763371 -912.875377288583
0.659 3.1866464339909 -909.688730854592
0.631 6.18066561014263 -903.50806524445
0.663 3.77073906485671 -899.737326179593
0.625 9.76 -889.977326179593
0.62 7.41935483870968 -882.557971340883
0.597 1.84254606365159 -880.715425277231
0.619 3.06946688206785 -877.645958395164
0.654 3.6697247706422 -873.976233624521
0.624 -2.88461538461538 -876.860849009137
0.64 1.875 -874.985849009137
0.597 6.8676716917923 -868.118177317345
0.604 12.5827814569536 -855.535395860391
0.604 7.94701986754967 -847.588375992841
0.596 3.69127516778523 -843.897100825056
0.53 -8.67924528301887 -852.576346108075
0.493 1.82555780933063 -850.750788298744
0.447 16.7785234899329 -833.972264808811
0.677 -0.147710487444609 -834.119975296256
0.694 7.20461095100865 -826.915364345247
0.681 -3.9647577092511 -830.880122054498
0.665 5.56390977443609 -825.316212280062
0.677 2.21565731166913 -823.100554968393
0.605 7.10743801652893 -815.993116951864
0.607 0.494233937397035 -815.498883014467
0.593 7.5885328836425 -807.910350130825
0.536 5.22388059701493 -802.68646953381
0.604 1.65562913907285 -801.030840394737
0.586 1.36518771331058 -799.665652681426
0.612 2.28758169934641 -797.37807098208
0.609 7.06075533661741 -790.317315645463
0.628 13.3757961783439 -776.941519467119
0.665 13.0827067669173 -763.858812700201
0.619 1.45395799676898 -762.404854703432
0.621 -1.77133655394525 -764.176191257378
0.619 7.91599353796446 -756.260197719413
0.618 6.47249190938511 -749.787705810028
0.603 10.4477611940299 -739.339944615998
0.616 5.84415584415584 -733.495788771842
0.63 7.61904761904762 -725.876741152795
0.641 4.21216848673947 -721.664572666055
0.625 10.72 -710.944572666055
0.635 10.2362204724409 -700.708352193614
0.632 3.48101265822785 -697.227339535386
0.633 10.5845181674566 -686.64282136793
0.637 3.92464678178964 -682.71817458614
0.644 4.34782608695652 -678.370348499184
0.649 17.7195685670262 -660.650779932158
0.659 0.151745068285281 -660.499034863872
0.65 1.23076923076923 -659.268265633103
0.61 4.26229508196721 -655.005970551136
0.677 4.57902511078287 -650.426945440353
0.641 4.21216848673947 -646.214776953614
0.654 3.05810397553517 -643.156672978078
0.642 8.41121495327103 -634.745458024807
0.715 3.21678321678322 -631.528674808024
0.612 3.59477124183007 -627.933903566194
0.639 8.29420970266041 -619.639693863534
0.629 1.11287758346582 -618.526816280068
0.614 1.95439739413681 -616.572418885931
0.616 9.09090909090909 -607.481509795022
0.637 14.5996860282575 -592.881823766764
0.647 9.11901081916538 -583.762812947599
0.664 -3.01204819277108 -586.77486114037
0.618 -6.14886731391586 -592.923728454286
0.632 0.949367088607595 -591.974361365678
0.596 -1.34228187919463 -593.316643244873
0.621 4.66988727858293 -588.64675596629
0.543 -2.76243093922652 -591.409186905517
0.551 2.35934664246824 -589.049840263048
0.588 6.46258503401361 -582.587255229035
0.631 7.44849445324881 -575.138760775786
0.64 5.625 -569.513760775786
0.656 6.40243902439024 -563.111321751396
0.608 4.93421052631579 -558.17711122508
0.608 1.31578947368421 -556.861321751396
0.621 8.85668276972625 -548.004638981669
0.587 -1.87393526405451 -549.878574245724
0.616 7.14285714285714 -542.735717102867
0.617 7.94165316045381 -534.794063942413
0.594 8.75420875420875 -526.039855188204
0.565 6.90265486725664 -519.137200320948
0.544 13.6029411764706 -505.534259144477
0.536 8.95522388059701 -496.57903526388
0.518 9.26640926640927 -487.312625997471
0.528 -1.51515151515152 -488.827777512622
0.563 5.86145648312611 -482.966321029496
0.632 9.81012658227848 -473.156194447218
0.635 9.29133858267716 -463.864855864541
0.647 3.5548686244204 -460.30998724012
0.663 8.5972850678733 -451.712702172247
0.682 7.33137829912023 -444.381323873127
0.722 4.98614958448753 -439.395174288639
0.661 -1.66414523449319 -441.059319523132
0.658 6.68693009118541 -434.372389431947
0.605 -0.495867768595041 -434.868257200542
0.644 0 -434.868257200542
0.643 11.9751166407465 -422.893140559795
0.604 9.93377483443709 -412.959365725358
0.656 8.53658536585366 -404.422780359505
0.697 5.88235294117647 -398.540427418328
0.682 2.34604105571848 -396.19438636261
0.662 6.34441087613293 -389.849975486477
0.661 3.17700453857791 -386.672970947899
0.586 5.11945392491468 -381.553517022984
0.678 5.30973451327434 -376.24378250971
0.687 0.727802037845706 -375.515980471864
0.669 -1.64424514200299 -377.160225613867
0.678 2.06489675516224 -375.095328858705
0.651 -4.14746543778802 -379.242794296493
0.589 2.20713073005093 -377.035663566442
0.665 6.76691729323308 -370.268746273209
0.649 6.62557781201849 -363.64316846119
0.623 3.69181380417335 -359.951354657017
0.618 0 -359.951354657017
0.674 7.71513353115727 -352.23622112586
0.673 14.1158989598811 -338.120322165979
0.689 11.4658925979681 -326.654429568011
0.518 -5.40540540540541 -332.059834973416
0.581 0.860585197934596 -331.199249775481
0.597 3.85259631490787 -327.346653460573
0.618 -0.323624595469256 -327.670278056043
0.568 0.704225352112676 -326.96605270393
0.588 1.02040816326531 -325.945644540665
0.686 -0.583090379008746 -326.528734919674
0.619 8.23909531502423 -318.289639604649
0.621 4.66988727858293 -313.619752326066
0.6 5 -308.619752326066
0.675 3.40740740740741 -305.212344918659
0.659 7.13201820940819 -298.080326709251
0.682 3.81231671554252 -294.268009993708
0.682 0 -294.268009993708
0.663 -1.96078431372549 -296.228794307434
0.571 8.58143607705779 -287.647358230376
0.633 2.05371248025276 -285.593645750123
0.67 2.38805970149254 -283.205586048631
0.676 6.80473372781065 -276.40085232082
0.664 14.7590361445783 -261.641816176242
0.659 5.00758725341426 -256.634228922827
0.665 7.06766917293233 -249.566559749895
0.669 8.81913303437967 -240.747426715515
0.63 5.3968253968254 -235.35060131869
0.624 3.20512820512821 -232.145473113562
0.623 5.93900481540931 -226.206468298152
0.614 -2.28013029315961 -228.486598591312
0.608 1.31578947368421 -227.170809117628
0.572 4.1958041958042 -222.975004921824
0.704 16.4772727272727 -206.497732194551
0.676 13.0177514792899 -193.479980715261
0.708 4.80225988700565 -188.677720828255
0.65 5.84615384615385 -182.831566982102
0.692 8.95953757225434 -173.872029409847
0.711 9.42334739803094 -164.448682011816
0.698 5.44412607449857 -159.004555937318
0.656 5.48780487804878 -153.516751059269
0.675 5.77777777777778 -147.738973281491
0.683 -1.61054172767204 -149.349515009163
0.672 3.27380952380952 -146.075705485354
0.677 3.397341211226 -142.678364274128
0.66 10.3030303030303 -132.375333971097
0.674 6.52818991097923 -125.847144060118
0.69 8.98550724637681 -116.861636813741
0.672 4.16666666666667 -112.694970147075
0.653 -1.37825421133231 -114.073224358407
0.613 3.09951060358891 -110.973713754818
0.57 7.36842105263158 -103.605292702186
0.62 2.90322580645161 -100.702066895735
0.609 4.10509031198686 -96.596976583748
0.618 11.3268608414239 -85.270115742324
0.678 11.7994100294985 -73.4707057128255
0.634 7.57097791798107 -65.8997277948444
0.617 9.56239870340357 -56.3373290914408
0.586 5.11945392491468 -51.2178751665262
0.593 3.87858347386172 -47.3392916926645
0.587 6.98466780238501 -40.3546238902794
0.663 8.29562594268477 -32.0589979475947
0.679 6.9219440353461 -25.1370539122486
0.642 9.03426791277259 -16.102785999476
0.646 0.928792569659443 -15.1739934298166
0.678 4.71976401179941 -10.4542294180171
0.644 11.8012422360248 1.3470128180077
0.603 8.12603648424544 9.47304930225314
0.65 3.69230769230769 13.1653569945608
0.616 -0.974025974025974 12.1913310205349
0.625 9.76 21.9513310205349
0.643 5.44323483670296 27.3945658572378
0.609 1.80623973727422 29.200805594512
0.683 3.36749633967789 32.5683019341899
0.654 6.42201834862385 38.9903202828138
0.665 3.7593984962406 42.7497187790544
0.637 4.23861852433281 46.9883373033872
0.627 6.85805422647528 53.8463915298625
0.665 -1.35338345864662 52.4930080712158
0.606 6.27062706270627 58.7636351339221
0.636 5.66037735849057 64.4240124924127
0.649 5.70107858243451 70.1250910748472
0.65 1.53846153846154 71.6635526133087
0.701 -5.27817403708987 66.3853785762189
0.639 -1.40845070422535 64.9769278719935
0.66 -1.81818181818182 63.1587460538117
0.628 3.5031847133758 66.6619307671875
0.629 3.02066772655008 69.6825984937376
0.624 -0.961538461538462 68.7210600321991
0.613 2.77324632952692 71.494306361726
0.582 1.03092783505155 72.5252341967776
0.626 4.15335463258786 76.6785888293654
0.646 2.78637770897833 79.4649665383438
0.584 -2.73972602739726 76.7252405109465
0.552 8.33333333333333 85.0585738442798
0.555 3.06306306306306 88.1216369073429
0.567 6.52557319223986 94.6472100995828
0.562 1.77935943060498 96.4265695301877
0.589 3.56536502546689 99.9919345556546
0.58 4.82758620689655 104.819520762551
0.626 7.02875399361022 111.848274756161
0.643 4.19906687402799 116.047341630189
0.616 12.3376623376623 128.385003967852
0.669 15.0971599402093 143.482163908061
0.662 22.0543806646526 165.536544572714
0.633 3.3175355450237 168.854080117737
0.653 2.29709035222052 171.151170469958
0.669 4.33482810164424 175.485998571602
0.66 6.96969696969697 182.455695541299
0.68 2.05882352941176 184.514519070711
0.636 0.628930817610063 185.143449888321
0.619 9.8546042003231 194.998054088644
0.641 5.14820592823713 200.146260016881
0.632 4.74683544303798 204.893095459919
0.637 0.784929356357928 205.678024816277
0.662 3.32326283987915 209.001287656156
0.651 2.91858678955453 211.919874445711
0.642 4.67289719626168 216.592771641972
0.651 9.37019969278034 225.962971334753
0.505 2.97029702970297 228.933268364456
0.581 1.54905335628227 230.482321720738
0.578 -6.22837370242215 224.253948018316
0.611 -0.16366612111293 224.090281897203
0.547 4.93601462522852 229.026296522431
0.656 -1.82926829268293 227.197028229748
0.671 -6.11028315946349 221.086745070285
0.688 -3.48837209302326 217.598372977262
0.646 -2.78637770897833 214.811995268283
0.632 -13.6075949367089 201.204400331575
0.621 -5.95813204508857 195.246268286486
0.574 -5.22648083623693 190.019787450249
0.66 -5.15151515151515 184.868272298734
0.638 -4.38871473354232 180.479557565192
0.655 -7.17557251908397 173.303985046108
0.647 6.95517774343122 180.259162789539
0.653 5.35987748851455 185.619040278053
0.647 11.2828438948995 196.901884172953
0.619 4.68497576736672 201.58685994032
0.599 -2.50417362270451 199.082686317615
0.585 8.71794871794872 207.800635035564
0.632 6.64556962025316 214.446204655817
0.67 6.56716417910448 221.013368834921
0.586 6.48464163822526 227.498010473147
0.625 1.12 228.618010473147
0.635 -3.30708661417323 225.310923858973
0.645 2.63565891472868 227.946582773702
0.654 6.11620795107034 234.062790724772
0.635574837310195 6.48464163822526 240.547432362998
