gc_content gc_skew gc_culm
0.616 2.27272727272727 2.27272727272727
0.588 5.10204081632653 7.3747680890538
0.577 -2.59965337954939 4.77511470950441
0.563 0.177619893428064 4.95273460293247
0.545 10.4587155963303 15.4114501992627
0.618 -3.55987055016181 11.8515796491009
0.606 -0.66006600660066 11.1915136425003
0.573 1.57068062827225 12.7621942707725
0.505 -5.34653465346535 7.41565961730718
0.584 1.36986301369863 8.78552263100581
0.557 3.05206463195691 11.8375872629627
0.59 8.8135593220339 20.6511465849966
0.603 9.45273631840796 30.1038829034046
0.583 -1.88679245283019 28.2170904505744
0.566 8.48056537102473 36.6976558215991
0.582 -2.06185567010309 34.635800151496
0.6 3.66666666666667 38.3024668181627
0.555 3.42342342342342 41.7258902415861
0.581 2.23752151462995 43.9634117562161
0.571 7.18038528896673 51.1437970451828
0.566 2.12014134275618 53.263938387939
0.563 11.190053285968 64.453991673907
0.587 -0.851788756388416 63.6022029175186
0.585 1.1965811965812 64.7987841140998
0.562 6.04982206405694 70.8486061781567
0.54 1.11111111111111 71.9597172892678
0.553 -8.86075949367089 63.098957795597
0.563 0.177619893428064 63.276577689025
0.579 -0.863557858376511 62.4130198306485
0.571 6.47985989492119 68.8928797255697
0.586 5.80204778156997 74.6949275071397
0.589 7.30050933786078 81.9954368450004
0.562 0.711743772241993 82.7071806172424
0.567 6.52557319223986 89.2327538094823
0.585 2.22222222222222 91.4549760317045
0.563 2.66429840142096 94.1192744331255
0.55 1.09090909090909 95.2101835240346
0.602 9.96677740863787 105.176960932672
0.613 2.77324632952692 107.950207262199
0.562 -4.62633451957295 103.323872742626
0.58 8.96551724137931 112.289389984006
0.559 6.61896243291592 118.908352416922
0.546 -1.0989010989011 117.809451318021
0.577 8.14558058925477 125.955031907275
0.612 -12.0915032679739 113.863528639301
0.587 -8.34752981260647 105.515998826695
0.571 8.23117338003503 113.74717220673
0.595 1.51260504201681 115.259777248747
0.613 5.05709624796085 120.316873496708
0.573 6.80628272251309 127.123156219221
0.588 -2.72108843537415 124.402067783847
0.581 3.95869191049914 128.360759694346
0.569 0.527240773286467 128.888000467632
0.602 4.98338870431894 133.871389171951
0.61 7.21311475409836 141.08450392605
0.69 4.92753623188406 146.012040157934
0.713 -7.15287517531557 138.859164982618
0.765 -5.62091503267974 133.238249949938
0.747 -0.133868808567604 133.104381141371
0.707 -7.21357850070721 125.890802640663
0.717 -0.697350069735007 125.193452570928
0.775 -5.03225806451613 120.161194506412
0.736 2.71739130434783 122.87858581076
0.764 -10.7329842931937 112.145601517566
0.754 -5.03978779840849 107.105813719158
0.671 -8.19672131147541 98.9090924076825
0.699 -9.58512160228898 89.3239708053935
0.684 -10.233918128655 79.0900526767386
0.679 -9.57290132547864 69.5171513512599
0.67 -10.7462686567164 58.7708826945435
0.681 -21.8795888399413 36.8912938546022
0.671 -10.5812220566319 26.3100717979703
0.7 0.571428571428571 26.8815003693989
0.71 1.40845070422535 28.2899510736243
0.63 -11.4285714285714 16.8613796450528
0.663 -5.2790346907994 11.5823449542534
0.706 2.8328611898017 14.4152061440551
0.713 7.99438990182328 22.4095960458784
0.738 0.813008130081301 23.2226041759597
0.73 -8.49315068493151 14.7294534910282
0.663 2.26244343891403 16.9918969299422
0.702 6.83760683760684 23.8295037675491
0.74 1.35135135135135 25.1808551189004
0.733 5.04774897680764 30.2286040957081
0.708 -3.38983050847458 26.8387735872335
0.685 -1.60583941605839 25.2329341711751
0.614 -1.95439739413681 23.2785367770383
0.72 -0.277777777777778 23.0007589992605
0.74 6.75675675675676 29.7575157560173
0.725 6.20689655172414 35.9644123077414
0.72 8.88888888888889 44.8533011966303
0.675 2.22222222222222 47.0755234188525
0.698 15.7593123209169 62.8348357397694
0.69 3.47826086956522 66.3130966093346
0.698 6.87679083094556 73.1898874402802
0.701 10.6990014265335 83.8888888668137
0.71 3.66197183098592 87.5508606977996
0.688 -8.43023255813953 79.1206281396601
0.679 0.441826215022091 79.5624543546822
0.713 -3.78681626928471 75.7756380853975
0.682 0 75.7756380853975
0.682 4.10557184750733 79.8812099329048
0.686 2.04081632653061 81.9220262594354
0.678 11.2094395280236 93.131465787459
0.71 4.7887323943662 97.9201981818252
0.691 1.01302460202605 98.9332227838513
0.675 4.88888888888889 103.82211167274
0.646 -6.5015479876161 97.3205636851241
0.652 -8.89570552147239 88.4248581636517
0.703 3.27169274537696 91.6965509090286
0.727 6.46492434662999 98.1614752556586
0.751 -1.19840213049268 96.9630731251659
0.702 -1.99430199430199 94.9687711308639
0.71 -3.38028169014085 91.5884894407231
0.732 -5.73770491803279 85.8507845226903
0.703 0.142247510668563 85.9930320333589
0.697 -2.72596843615495 83.2670635972039
0.698 -2.86532951289398 80.4017340843099
0.716 -6.70391061452514 73.6978234697848
0.697 -5.59540889526542 68.1024145745194
0.719 -5.70236439499305 62.4000501795263
0.679 -1.03092783505155 61.3691223444748
0.639 -4.22535211267606 57.1437702317987
0.665 4.06015037593985 61.2039206077386
0.663 4.67571644042232 65.8796370481609
0.657 3.19634703196347 69.0759840801244
0.659 6.52503793626707 75.6010220163914
0.714 -0.560224089635854 75.0407979267556
0.702 1.99430199430199 77.0350999210576
0.686 -1.74927113702624 75.2858287840314
0.653 0.153139356814701 75.438968140846
0.664 2.40963855421687 77.8486066950629
0.654 7.3394495412844 85.1880562363473
0.656 3.65853658536585 88.8465928217132
0.659 3.49013657056146 92.3367293922746
0.677 -0.443131462333826 91.8935979299408
0.677 -0.147710487444609 91.7458874424962
0.719 17.663421418637 109.409308861133
0.728 12.9120879120879 122.321396773221
0.694 1.72910662824207 124.050503401463
0.673 0.148588410104012 124.199091811567
0.687 -0.727802037845706 123.471289773721
0.703 -0.42674253200569 123.044547241716
0.706 -10.1983002832861 112.84624695843
0.679 0.147275405007364 112.993522363437
0.67 -2.38805970149254 110.605462661945
0.691 5.35455861070912 115.960021272654
0.687 -2.18340611353712 113.776615159117
0.669 2.54110612855007 116.317721287667
0.635 4.88188976377953 121.199611051446
0.69 -3.47826086956522 117.721350181881
0.725 -4.27586206896552 113.445488112915
0.723 0.691562932226833 114.137051045142
0.671 -3.12965722801788 111.007393817124
0.725 -7.03448275862069 103.972911058504
0.701 -2.99572039942939 100.977190659074
0.733 0.954979536152797 101.932170195227
0.72 0.277777777777778 102.209947973005
0.68 6.76470588235294 108.974653855358
0.673 9.9554234769688 118.930077332327
0.699 5.5793991416309 124.509476473957
0.698 -1.43266475644699 123.07681171751
0.733 -3.13778990450205 119.939021813008
0.67 1.19402985074627 121.133051663755
0.632 -1.89873417721519 119.234317486539
0.665 3.15789473684211 122.392212223382
0.727 5.36451169188446 127.756723915266
0.711 1.82841068917018 129.585134604436
0.718 -1.1142061281337 128.470928476303
0.733 -1.22783083219645 127.243097644106
0.708 3.10734463276836 130.350442276874
0.668 10.7784431137725 141.128885390647
0.644 5.59006211180124 146.718947502448
0.638 3.13479623824451 149.853743740693
0.647 6.33693972179289 156.190683462486
0.544 4.41176470588235 160.602448168368
0.546 6.59340659340659 167.195854761774
0.623 8.82825040128411 176.024105163059
0.556 1.79856115107914 177.822666314138
0.585 6.66666666666667 184.489332980804
0.577 2.25303292894281 186.742365909747
0.55 8.36363636363636 195.106002273384
0.525 -2.0952380952381 193.010764178145
0.678 4.42477876106195 197.435542939207
0.653 11.791730474732 209.227273413939
0.571 0.875656742556918 210.102930156496
0.603 -1.82421227197347 208.278717884523
0.568 4.22535211267606 212.504069997199
0.606 0.99009900990099 213.4941690071
0.586 9.55631399317406 223.050483000274
0.553 2.7124773960217 225.762960396296
0.563 1.9538188277087 227.716779224004
0.659 1.06221547799697 228.778994702001
0.605 2.8099173553719 231.588912057373
0.679 2.79823269513991 234.387144752513
0.629 9.06200317965024 243.449147932163
0.639 4.22535211267606 247.674500044839
0.602 9.30232558139535 256.976825626235
0.627 10.6858054226475 267.662631048882
0.597 3.85259631490787 271.51522736379
0.584 7.19178082191781 278.707008185708
0.547 6.76416819012797 285.471176375836
0.563 5.15097690941385 290.62215328525
0.565 3.71681415929204 294.338967444542
0.567 3.35097001763668 297.689937462179
0.588 5.4421768707483 303.132114332927
0.562 8.89679715302491 312.028911485952
0.602 8.63787375415282 320.666785240105
0.545 0.917431192660551 321.584216432765
0.558 0.3584229390681 321.942639371833
0.566 -5.30035335689046 316.642286014943
0.569 3.69068541300527 320.332971427948
0.597 1.50753768844221 321.84050911639
0.578 -3.46020761245675 318.380301503934
0.576 -3.81944444444444 314.560857059489
0.596 -12.4161073825503 302.144749676939
0.568 -1.05633802816901 301.08841164877
0.572 -4.89510489510489 296.193306753665
0.589 1.52801358234295 297.721320336008
0.569 2.63620386643234 300.35752420244
0.588 1.36054421768707 301.718068420127
0.609 5.74712643678161 307.465194856909
0.589 8.65874363327674 316.123938490186
0.592 5.40540540540541 321.529343895591
0.554 0 321.529343895591
0.613 0.489396411092985 322.018740306684
0.592 0.675675675675676 322.69441598236
0.572 -3.84615384615385 318.848262136206
0.554 -9.38628158844765 309.461980547758
0.592 7.77027027027027 317.232250818028
0.601 1.16472545757072 318.396976275599
0.552 5.07246376811594 323.469440043715
0.565 -2.65486725663717 320.814572787078
0.573 -4.01396160558464 316.800611181493
0.553 -0.180831826401447 316.619779355092
0.596 4.69798657718121 321.317765932273
0.59 1.01694915254237 322.334715084815
0.598 1.67224080267559 324.006955887491
0.574 -0.696864111498258 323.310091775993
0.589 3.56536502546689 326.87545680146
0.597 2.51256281407035 329.38801961553
0.6 3 332.38801961553
0.558 5.37634408602151 337.764363701551
0.516 3.10077519379845 340.86513889535
0.58 1.72413793103448 342.589276826384
0.543 5.70902394106814 348.298300767453
0.597 -2.17755443886097 346.120746328592
0.611 -2.45499181669394 343.665754511898
0.609 3.11986863711002 346.785623149008
0.59 -4.40677966101695 342.378843487991
0.542 -2.2140221402214 340.164821347769
0.529 5.10396975425331 345.268791102023
0.458 -4.80349344978166 340.465297652241
0.52 -4.23076923076923 336.234528421472
0.592 -3.04054054054054 333.193987880931
0.547 -1.64533820840951 331.548649672522
0.532 0.37593984962406 331.924589522146
0.566 -20.8480565371025 311.076532985043
0.546 2.93040293040293 314.006935915446
0.575 0.521739130434783 314.528675045881
0.589 -6.96095076400679 307.567724281874
0.551 -13.2486388384755 294.319085443399
0.566 -2.12014134275618 292.198944100642
0.556 6.11510791366906 298.314052014312
0.566 8.8339222614841 307.147974275796
0.566 -2.12014134275618 305.027832933039
0.566 -5.30035335689046 299.727479576149
0.614 2.28013029315961 302.007609869309
0.562 6.76156583629893 308.769175705608
0.567 6.87830687830688 315.647482583914
0.552 6.88405797101449 322.531540554929
0.593 0.505902192242833 323.037442747172
0.58 3.10344827586207 326.140891023034
0.57 -0.701754385964912 325.439136637069
0.579 -5.69948186528497 319.739654771784
0.589 5.60271646859083 325.342371240375
0.59 -4.74576271186441 320.59660852851
0.593 5.56492411467116 326.161532643182
0.564 6.02836879432624 332.189901437508
0.538 13.7546468401487 345.944548277656
0.564 -3.54609929078014 342.398448986876
0.567 -5.4673721340388 336.931076852838
0.557 -3.05206463195691 333.879012220881
0.571 -0.525394045534151 333.353618175346
0.578 7.95847750865052 341.312095683997
0.58 -11.0344827586207 330.277612925376
0.603 -17.7446102819237 312.533002643453
0.603 -16.4179104477612 296.115092195691
0.587 -16.8654173764906 279.249674819201
0.6 -16.6666666666667 262.583008152534
0.585 -21.3675213675214 241.215486785013
0.616 -24.025974025974 217.189512759039
0.615 -21.3008130081301 195.888699750909
0.558 -11.4695340501792 184.419165700729
0.553 5.60578661844485 190.024952319174
0.574 0.696864111498258 190.721816430673
0.542 7.01107011070111 197.732886541374
0.553 4.88245931283906 202.615345854213
0.552 1.44927536231884 204.064621216531
0.579 -3.62694300518135 200.43767821135
0.567 -2.99823633156966 197.43944187978
0.576 6.25 203.68944187978
0.599 -2.17028380634391 201.519158073437
0.575 2.95652173913043 204.475679812567
0.537 2.04841713221601 206.524096944783
0.554 14.8014440433213 221.325540988104
0.572 0.34965034965035 221.675191337755
0.579 0.172711571675302 221.84790290943
0.599 -2.83806343906511 219.009839470365
0.566 -3.53356890459364 215.476270565771
0.563 -4.79573712255773 210.680533443214
0.571 4.02802101576182 214.708554458975
0.584 1.02739726027397 215.735951719249
0.559 5.90339892665474 221.639350645904
0.565 10.7964601769912 232.435810822895
0.548 3.28467153284672 235.720482355742
0.58 -2.41379310344828 233.306689252294
0.593 -5.56492411467116 227.741765137622
0.606 -2.97029702970297 224.77146810792
0.587 4.25894378194208 229.030411889862
0.563 3.37477797513321 232.405189864995
0.578 1.73010380622837 234.135293671223
0.534 -2.24719101123596 231.888102659987
0.597 -1.50753768844221 230.380564971545
0.574 -0.348432055749129 230.032132915796
0.582 7.21649484536082 237.248627761157
0.572 3.4965034965035 240.74513125766
0.559 -8.05008944543828 232.695041812222
0.608 1.64473684210526 234.339778654327
0.618 -3.88349514563107 230.456283508696
0.516 0 230.456283508696
0.552 -0.36231884057971 230.093964668116
0.583 4.63121783876501 234.725182506881
0.583 14.9228130360206 249.647995542902
0.564 10.2836879432624 259.931683486164
0.543 3.49907918968692 263.430762675851
0.574 1.04529616724739 264.476058843099
0.573 4.3630017452007 268.839060588299
0.559 1.61001788908766 270.449078477387
0.557 1.97486535008977 272.423943827477
0.556 1.07913669064748 273.503080518124
0.576 14.2361111111111 287.739191629235
0.598 5.68561872909699 293.424810358332
0.592 2.36486486486486 295.789675223197
0.57 7.01754385964912 302.807219082846
0.544 7.72058823529412 310.527807318141
0.542 -4.0590405904059 306.468766727735
0.536 3.35820895522388 309.826975682959
0.527 2.08728652751423 311.914262210473
0.566 4.24028268551237 316.154544895985
0.562 4.27046263345196 320.425007529437
0.57 -1.05263157894737 319.37237595049
0.531 -6.59133709981168 312.781038850678
0.563 -4.79573712255773 307.98530172812
0.575 -0.869565217391304 307.115736510729
0.549 -2.00364298724954 305.112093523479
0.588 -1.70068027210884 303.411413251371
0.549 3.82513661202186 307.236549863392
0.54 1.11111111111111 308.347660974504
0.561 -0.17825311942959 308.169407855074
0.553 -13.2007233273056 294.968684527768
0.547 -5.30164533820841 289.66703918956
0.591 -1.1844331641286 288.482606025431
0.578 -3.46020761245675 285.022398412975
0.601 -0.499168053244592 284.52323035973
0.584 5.13698630136986 289.6602166611
0.573 0.87260034904014 290.53281701014
0.55 -4.36363636363636 286.169180646504
0.547 9.68921389396709 295.858394540471
0.488 -8.19672131147541 287.661673228995
0.422 -0.947867298578199 286.713805930417
0.461 -7.59219088937093 279.121615041046
0.48 -7.91666666666667 271.20494837438
0.52 -5 266.20494837438
0.425 -5.88235294117647 260.322595433203
0.402 7.46268656716418 267.785282000367
0.454 7.9295154185022 275.714797418869
0.452 3.53982300884956 279.254620427719
0.436 4.58715596330275 283.841776391022
0.415 -16.6265060240964 267.215270366925
0.455 -9.45054945054945 257.764720916376
0.535 -2.80373831775701 254.960982598619
0.595 4.53781512605042 259.498797724669
0.562 2.13523131672598 261.634029041395
0.509 -2.94695481335953 258.687074228036
0.39 -4.1025641025641 254.584510125472
0.433 -11.3163972286374 243.268112896834
0.445 -5.1685393258427 238.099573570992
0.571 2.62697022767075 240.726543798662
0.53 0.754716981132076 241.481260779794
0.583 9.43396226415094 250.915223043945
0.6 3 253.915223043945
0.609 2.79146141215107 256.706684456096
0.577 -5.37261698440208 251.334067471694
0.519 2.11946050096339 253.453527972658
0.496 -8.06451612903226 245.389011843625
0.567 -2.29276895943563 243.09624288419
0.601 6.4891846921797 249.58542757637
0.569 2.63620386643234 252.221631442802
0.58 -5.86206896551724 246.359562477285
0.608 -3.94736842105263 242.412194056232
0.552 -1.44927536231884 240.962918693913
0.596 -3.35570469798658 237.607213995927
0.577 7.10571923743501 244.712933233362
0.539 7.60667903525046 252.319612268612
0.6 1.66666666666667 253.986278935279
0.544 -4.41176470588235 249.574514229396
0.567 -4.05643738977072 245.518076839626
0.583 -4.97427101200686 240.543805827619
0.555 0.18018018018018 240.723986007799
0.586 4.43686006825939 245.160846076058
0.548 1.45985401459854 246.620700090657
0.564 -2.12765957446809 244.493040516189
0.564 5.31914893617021 249.812189452359
0.577 -8.14558058925477 241.666608863104
0.542 -4.4280442804428 237.238564582661
0.588 1.02040816326531 238.258972745927
0.567 3.7037037037037 241.96267644963
0.583 1.88679245283019 243.849468902461
0.574 5.57491289198606 249.424381794447
0.571 0.175131348511384 249.599513142958
0.581 -11.1876075731497 238.411905569808
0.568 3.16901408450704 241.580919654315
0.593 -2.86677908937605 238.714140564939
0.61 -3.60655737704918 235.10758318789
0.589 0.848896434634975 235.956479622525
0.549 -0.182149362477231 235.774330260048
0.579 -7.426597582038 228.34773267801
0.611 -14.5662847790507 213.781447898959
0.54 -5.55555555555556 208.225892343404
0.61 -17.3770491803279 190.848843163076
0.564 -8.51063829787234 182.338204865203
0.58 -15.1724137931034 167.1657910721
0.586 -8.87372013651877 158.292070935581
0.59 -14.9152542372881 143.376816698293
0.592 -20.6081081081081 122.768708590185
0.588 -20.0680272108844 102.700681379301
0.614 -21.1726384364821 81.5280429428185
0.568 -1.05633802816901 80.4717049146495
0.591 6.26057529610829 86.7322802107578
0.569 2.63620386643234 89.3684840771901
0.538 -8.17843866171004 81.1900454154801
0.601 -3.82695507487521 77.3630903406049
0.608 -14.1447368421053 63.2183534984996
0.546 0.366300366300366 63.5846538648
0.587 -3.23679727427598 60.347856590524
0.609 -25.1231527093596 35.2247038811644
0.549 4.18943533697632 39.4141392181407
0.561 -2.67379679144385 36.7403424266969
0.586 -3.07167235494881 33.6686700717481
0.585 7.35042735042735 41.0190974221754
0.561 3.38680926916221 44.4059066913376
0.54 3.7037037037037 48.1096103950413
0.54 0 48.1096103950413
0.59 5.76271186440678 53.8723222594481
0.539 2.04081632653061 55.9131385859787
0.572 -1.04895104895105 54.8641875370277
0.552 4.34782608695652 59.2120136239842
0.611 -2.45499181669394 56.7570218072902
0.608 0.328947368421053 57.0859691757113
0.603 2.48756218905473 59.573531364766
0.575 -0.869565217391304 58.7039661473747
0.544 -15.8088235294118 42.8951426179629
0.587 -11.0732538330494 31.8218887849135
0.545 -6.42201834862385 25.3998704362897
0.562 2.84697508896797 28.2468455252577
0.541 -2.03327171903882 26.2135738062188
0.579 -7.426597582038 18.7869762241808
0.565 -12.5663716814159 6.22060454276492
0.606 -7.26072607260726 -1.04012152984234
0.585 -7.69230769230769 -8.73242922215004
0.508 -8.66141732283465 -17.3938465449847
0.573 6.45724258289703 -10.9366039620876
0.57 0.701754385964912 -10.2348495761227
0.57 -11.5789473684211 -21.8137969445438
0.602 7.30897009966777 -14.504826844876
0.582 5.49828178694158 -9.00654505793443
0.517 6.38297872340426 -2.62356633453018
0.542 -1.4760147601476 -4.09958109467778
0.565 -1.5929203539823 -5.69250144866008
0.571 0.875656742556918 -4.81684470610316
0.583 4.97427101200686 0.157426305903698
0.601 -6.4891846921797 -6.331758386276
0.567 -8.64197530864197 -14.973733694918
0.577 -8.49220103986135 -23.4659347347793
0.56 -8.21428571428571 -31.680220449065
0.58 -2.06896551724138 -33.7491859663064
0.579 -9.84455958549223 -43.5937455517986
0.587 -6.64395229982964 -50.2376978516283
0.578 -4.84429065743945 -55.0819885090677
0.565 0.884955752212389 -54.1970327568554
0.52 -1.53846153846154 -55.7354942953169
0.57 -2.80701754385965 -58.5425118391765
0.571 0.875656742556918 -57.6668550966196
0.567 4.76190476190476 -52.9049503347149
0.539 1.2987012987013 -51.6062490360136
0.5 1.6 -50.0062490360136
0.537 5.40037243947859 -44.605876596535
0.539 8.34879406307978 -36.2570825334552
0.544 6.25 -30.0070825334552
0.521 14.7792706333973 -15.2278119000579
0.527 2.84629981024668 -12.3815120898112
0.58 7.93103448275862 -4.45047760705258
0.592 -2.36486486486486 -6.81534247191744
0.564 -9.21985815602837 -16.0352006279458
0.557 -1.97486535008977 -18.0100659780356
0.536 5.59701492537313 -12.4130510526624
0.549 -2.73224043715847 -15.1452914898209
0.577 -10.2253032928943 -25.3705947827152
0.597 -11.2227805695142 -36.5933753522294
0.588 -12.5850340136054 -49.1784093658349
0.603 -14.0961857379768 -63.2745951038117
0.567 -4.40917107583774 -67.6837661796494
0.533 -2.06378986866792 -69.7475560483173
0.543 0.184162062615101 -69.5633939857022
0.531 -5.46139359698682 -75.024787582689
0.541 -3.51201478743068 -78.5368023701197
0.523 -3.63288718929254 -82.1696895594123
0.585 -6.66666666666667 -88.8363562260789
0.551 4.17422867513612 -84.6621275509428
0.59 -0.677966101694915 -85.3400936526377
0.564 -7.80141843971631 -93.141512092354
0.602 -11.2956810631229 -104.437193155477
0.559 -2.68336314847943 -107.120556303956
0.584 -12.3287671232877 -119.449323427244
0.566 -3.53356890459364 -122.982892331838
0.555 5.94594594594595 -117.036946385892
0.553 -9.94575045207957 -126.982696837971
0.564 -3.19148936170213 -130.174186199673
0.586 -2.38907849829352 -132.563264697967
0.588 6.46258503401361 -126.100679663953
0.588 -1.70068027210884 -127.801359936062
0.523 0.191204588910134 -127.610155347152
0.566 -1.06007067137809 -128.67022601853
0.579 -6.04490500863558 -134.715131027166
0.601 -1.16472545757072 -135.879856484736
0.574 -1.04529616724739 -136.925152651984
0.532 -4.51127819548872 -141.436430847473
0.519 5.20231213872832 -136.234118708744
0.641 5.14820592823713 -131.085912780507
0.591 7.61421319796954 -123.471699582538
0.54 16.2962962962963 -107.175403286241
0.588 7.82312925170068 -99.3522740345406
0.573 9.59860383944154 -89.7536701950991
0.514 5.83657587548638 -83.9170943196127
0.571 -3.67775831873905 -87.5948526383517
0.569 -6.15114235500879 -93.7459949933605
0.568 2.11267605633803 -91.6333189370225
0.571 -7.18038528896673 -98.8137042259892
0.573 -12.739965095986 -111.553669321975
0.588 -9.52380952380952 -121.077478845785
0.579 -11.5716753022453 -132.64915414803
0.56 -17.8571428571429 -150.506297005173
0.571 -1.92644483362522 -152.432741838798
0.548 -5.47445255474453 -157.907194393543
0.55 -5.45454545454545 -163.361739848088
0.566 4.59363957597173 -158.768100272116
0.58 -4.13793103448276 -162.906031306599
0.578 0 -162.906031306599
0.59 -0.338983050847458 -163.245014357447
0.596 2.01342281879195 -161.231591538655
0.588 8.84353741496599 -152.388054123689
0.58 -1.37931034482759 -153.767364468516
0.568 7.04225352112676 -146.725110947389
0.564 2.12765957446809 -144.597451372921
0.587 0.851788756388416 -143.745662616533
0.582 3.09278350515464 -140.652879111378
0.561 4.45632798573975 -136.196551125639
0.577 -3.98613518197574 -140.182686307614
0.569 -4.74516695957821 -144.927853267193
0.537 2.04841713221601 -142.879436134976
0.578 -0.346020761245675 -143.225456896222
0.592 -1.68918918918919 -144.914646085411
0.575 3.65217391304348 -141.262472172368
0.595 0.840336134453782 -140.422136037914
0.597 1.17252931323283 -139.249606724681
0.599 -3.50584307178631 -142.755449796468
0.568 1.40845070422535 -141.346999092242
0.595 -0.504201680672269 -141.851200772914
0.578 -4.49826989619377 -146.349470669108
0.576 -0.694444444444444 -147.043915113553
0.588 4.76190476190476 -142.282010351648
0.576 -4.16666666666667 -146.448677018315
0.6 2.66666666666667 -143.782010351648
0.563 5.50621669626998 -138.275793655378
0.536 2.61194029850746 -135.663853356871
0.572 7.34265734265734 -128.321196014213
0.527 -0.189753320683112 -128.510949334896
0.548 -8.02919708029197 -136.540146415188
0.611 -1.47299509001637 -138.013141505205
0.585 0.512820512820513 -137.500320992384
0.555 3.06306306306306 -134.437257929321
0.542 8.48708487084871 -125.950173058472
0.566 8.48056537102473 -117.469607687448
0.601 0.499168053244592 -116.970439634203
0.533 7.31707317073171 -109.653366463471
0.587 4.25894378194208 -105.394422681529
0.52 1.92307692307692 -103.471345758452
0.565 -1.5929203539823 -105.064266112435
0.538 -0.743494423791822 -105.807760536226
0.569 -8.6115992970123 -114.419359833239
0.519 1.34874759152216 -113.070612241717
0.561 -5.52584670231729 -118.596458944034
0.585 5.64102564102564 -112.955433303008
0.565 -4.7787610619469 -117.734194364955
0.574 5.57491289198606 -112.159281472969
0.524 -6.87022900763359 -119.029510480603
0.581 -4.99139414802065 -124.020904628623
0.599 3.83973288814691 -120.181171740476
0.553 4.52079566003617 -115.66037608044
0.569 -2.98769771528998 -118.64807379573
0.588 0 -118.64807379573
0.597 3.18257956448911 -115.465494231241
0.557 -4.12926391382406 -119.594758145065
0.584 2.05479452054795 -117.539963624517
0.573 -4.3630017452007 -121.902965369718
0.528 0.757575757575758 -121.145389612142
0.56 1.42857142857143 -119.716818183571
0.58 -4.82758620689655 -124.544404390467
0.582 -1.03092783505155 -125.575332225519
0.563 -0.88809946714032 -126.463431692659
0.592 -1.68918918918919 -128.152620881848
0.574 3.48432055749129 -124.668300324357
0.565 -1.94690265486726 -126.615202979224
0.575 2.26086956521739 -124.354333414007
0.544 -8.82352941176471 -133.177862825772
0.565 -8.67256637168142 -141.850429197453
0.565 -5.13274336283186 -146.983172560285
0.564 2.4822695035461 -144.500903056739
0.55 -1.81818181818182 -146.319084874921
0.553 0.180831826401447 -146.138253048519
0.579 1.89982728842832 -144.238425760091
0.578 0.692041522491349 -143.546384237599
0.563 -1.59857904085258 -145.144963278452
0.541 0.55452865064695 -144.590434627805
0.567 6.17283950617284 -138.417595121632
0.552 7.97101449275362 -130.446580628879
0.561 -6.23885918003565 -136.685439808914
0.565 -3.00884955752212 -139.694289366436
0.547 -8.22669104204753 -147.920980408484
0.575 -9.91304347826087 -157.834023886745
0.575 -1.21739130434783 -159.051415191093
0.552 0.72463768115942 -158.326777509933
0.575 0.869565217391304 -157.457212292542
0.556 -13.3093525179856 -170.766564810528
0.571 -6.12959719789842 -176.896162008426
0.562 -2.84697508896797 -179.743137097394
0.55 0.363636363636364 -179.379500733758
0.565 3.36283185840708 -176.01666887535
0.558 0 -176.01666887535
0.53 8.30188679245283 -167.714782082898
0.472 -2.11864406779661 -169.833426150694
0.428 -7.94392523364486 -177.777351384339
0.547 15.9049360146252 -161.872415369714
0.59 7.79661016949153 -154.075805200222
0.604 1.65562913907285 -152.42017606115
0.578 3.80622837370242 -148.613947687447
0.581 2.58175559380379 -146.032192093643
0.574 8.71080139372822 -137.321390699915
0.551 2.35934664246824 -134.962044057447
0.562 0 -134.962044057447
0.584 0 -134.962044057447
0.598 0.334448160535117 -134.627595896912
0.615 1.46341463414634 -133.164181262765
0.573 1.2216404886562 -131.942540774109
0.57 -5.96491228070175 -137.907453054811
0.545 -4.22018348623853 -142.127636541049
0.6 -3 -145.127636541049
0.566 -2.47349823321555 -147.601134774265
0.524 0 -147.601134774265
0.546 2.93040293040293 -144.670731843862
0.552 12.3188405797101 -132.351891264152
0.589 1.86757215619694 -130.484319107955
0.548 0.72992700729927 -129.754392100656
0.585 -1.88034188034188 -131.634733980998
0.58 -0.689655172413793 -132.324389153411
0.581 -2.92598967297762 -135.250378826389
0.546 4.76190476190476 -130.488474064484
0.568 2.46478873239437 -128.02368533209
0.574 8.36236933797909 -119.661315994111
0.542 2.2140221402214 -117.447293853889
0.565 -2.65486725663717 -120.102161110527
0.582 0 -120.102161110527
0.592 -1.01351351351351 -121.11567462404
0.574 5.57491289198606 -115.540761732054
0.572 -1.3986013986014 -116.939363130655
0.582 2.74914089347079 -114.190222237185
0.607 2.47116968698517 -111.719052550199
0.556 4.67625899280576 -107.042793557394
0.542 -2.9520295202952 -109.994823077689
0.589 -5.94227504244482 -115.937098120134
0.613 -13.8662316476346 -129.803329767768
0.594 -1.68350168350168 -131.48683145127
0.586 5.80204778156997 -125.6847836697
0.58 2.06896551724138 -123.615818152459
0.605 1.15702479338843 -122.45879335907
0.575 0.521739130434783 -121.937054228635
0.573 2.96684118673647 -118.970213041899
0.566 -0.706713780918728 -119.676926822818
0.551 3.81125226860254 -115.865674554215
0.564 2.4822695035461 -113.383405050669
0.555 7.38738738738739 -105.996017663282
0.56 6.42857142857143 -99.5674462347102
0.546 1.46520146520147 -98.1022447695088
0.564 -15.9574468085106 -114.059691578019
0.523 -3.63288718929254 -117.692578767312
0.562 -3.91459074733096 -121.607169514643
0.567 -0.529100529100529 -122.136270043743
0.583 -0.171526586620926 -122.307796630364
0.556 0.719424460431655 -121.588372169933
0.587 -1.19250425894378 -122.780876428876
0.566 -3.18021201413428 -125.961088443011
0.576 -3.81944444444444 -129.780532887455
0.572 2.44755244755245 -127.332980439903
0.561 3.03030303030303 -124.3026774096
0.582 1.3745704467354 -122.928106962864
0.58 -2.75862068965517 -125.68672765252
0.58 -1.03448275862069 -126.72121041114
0.588 1.36054421768707 -125.360666193453
0.559 -4.11449016100179 -129.475156354455
0.554 8.66425992779783 -120.810896426657
0.548 1.82481751824818 -118.986078908409
0.566 -12.3674911660777 -131.353570074487
0.555 -0.540540540540541 -131.894110615027
0.534 2.99625468164794 -128.897855933379
0.583 -3.2590051457976 -132.156861079177
0.509 2.94695481335953 -129.209906265817
0.526 11.787072243346 -117.422834022471
0.566 3.886925795053 -113.535908227418
0.574 -3.13588850174216 -116.67179672916
0.572 -2.44755244755245 -119.119349176713
0.542 11.070110701107 -108.049238475606
0.567 -6.87830687830688 -114.927545353913
0.587 -8.34752981260647 -123.275075166519
0.557 -6.28366247755835 -129.558737644078
0.596 -6.04026845637584 -135.599006100453
0.564 -0.354609929078014 -135.953616029531
0.574 -7.66550522648084 -143.619121256012
0.562 -10.6761565836299 -154.295277839642
0.567 6.17283950617284 -148.122438333469
0.55 -5.45454545454545 -153.576983788015
0.544 -5.51470588235294 -159.091689670368
0.561 0.53475935828877 -158.556930312079
0.611 -1.80032733224223 -160.357257644321
0.569 0.878734622144112 -159.478523022177
0.559 6.26118067978533 -153.217342342392
0.558 -2.8673835125448 -156.084725854937
0.586 5.46075085324232 -150.623975001694
0.56 -2.14285714285714 -152.766832144551
0.593 2.86677908937605 -149.900053055175
0.592 -1.01351351351351 -150.913566568689
0.569 5.09666080843585 -145.816905760253
0.564 -0.354609929078014 -146.171515689331
0.572 1.04895104895105 -145.12256464038
0.544 1.83823529411765 -143.284329346262
0.561 -0.53475935828877 -143.819088704551
0.569 0.175746924428823 -143.643341780122
0.583 -4.28816466552316 -147.931506445645
0.59 -4.06779661016949 -151.999303055815
0.575 0.869565217391304 -151.129737838424
0.568 3.87323943661972 -147.256498401804
0.55 -1.09090909090909 -148.347407492713
0.526 2.28136882129278 -146.06603867142
0.532 -0.37593984962406 -146.441978521044
0.574 0 -146.441978521044
0.534 3.74531835205992 -142.696660168984
0.57 0.350877192982456 -142.345782976002
0.505 -46.1386138613861 -188.484396837388
0.565 3.71681415929204 -184.767582678096
0.586 -4.77815699658703 -189.545739674683
0.532 -1.12781954887218 -190.673559223555
0.542 3.3210332103321 -187.352526013223
0.566 0 -187.352526013223
0.553 2.7124773960217 -184.640048617201
0.564 0.709219858156028 -183.930828759045
0.584 -0.684931506849315 -184.615760265895
0.548 8.02919708029197 -176.586563185603
0.569 1.5817223198594 -175.004840865743
0.556 -7.9136690647482 -182.918509930491
0.586 -5.46075085324232 -188.379260783734
0.576 -10.0694444444444 -198.448705228178
0.555 -0.900900900900901 -199.349606129079
0.593 -6.57672849915683 -205.926334628236
0.56 1.78571428571429 -204.140620342522
0.572 3.14685314685315 -200.993767195669
0.537 -4.65549348230912 -205.649260677978
0.557 -0.179533213644524 -205.828793891622
0.588 6.12244897959184 -199.70634491203
0.576 0.347222222222222 -199.359122689808
0.582 -4.81099656357388 -204.170119253382
0.581 0.172117039586919 -203.998002213795
0.588 8.84353741496599 -195.154464798829
0.578 -6.57439446366782 -201.728859262497
0.562 6.40569395017794 -195.323165312319
0.569 6.85413005272408 -188.469035259595
0.557 -1.61579892280072 -190.084834182396
0.545 3.85321100917431 -186.231623173221
0.596 1.34228187919463 -184.889341294027
0.598 -6.02006688963211 -190.909408183659
0.552 -2.17391304347826 -193.083321227137
0.578 5.88235294117647 -187.200968285961
0.576 0.347222222222222 -186.853746063738
0.566 -3.18021201413428 -190.033958077873
0.561 1.60427807486631 -188.429680003006
0.552 1.08695652173913 -187.342723481267
0.576 1.04166666666667 -186.301056814601
0.561 0.53475935828877 -185.766297456312
0.565 -7.25663716814159 -193.022934624453
0.574 2.09059233449477 -190.932342289959
0.573 1.2216404886562 -189.710701801302
0.571 -0.875656742556918 -190.586358543859
0.57 2.80701754385965 -187.779341
0.58 1.37931034482759 -186.400030655172
0.592 2.02702702702703 -184.373003628145
0.558 -8.24372759856631 -192.616731226711
0.591 9.98307952622674 -182.633651700485
0.579 -2.59067357512953 -185.224325275614
0.573 -0.523560209424084 -185.747885485038
0.613 -1.46818923327896 -187.216074718317
0.59 2.71186440677966 -184.504210311538
0.577 1.55979202772964 -182.944418283808
0.558 0.716845878136201 -182.227572405672
0.58 8.27586206896552 -173.951710336706
0.556 -0.719424460431655 -174.671134797138
0.571 -1.57618213660245 -176.24731693374
0.553 2.7124773960217 -173.534839537719
0.551 -6.35208711433757 -179.886926652056
0.562 4.27046263345196 -175.616464018604
0.545 -1.28440366972477 -176.900867688329
0.54 6.2962962962963 -170.604571392033
0.551 -3.44827586206897 -174.052847254102
0.588 -2.72108843537415 -176.773935689476
0.561 5.16934046345811 -171.604595226018
0.575 3.30434782608696 -168.300247399931
0.589 1.86757215619694 -166.432675243734
0.554 2.88808664259928 -163.544588601135
0.594 -2.35690235690236 -165.901490958037
0.555 -4.14414414414414 -170.045635102181
0.576 0 -170.045635102181
0.561 -8.73440285204991 -178.780037954231
0.578 -3.46020761245675 -182.240245566688
0.574 4.8780487804878 -177.3621967862
0.595 -3.86554621848739 -181.227743004687
0.612 3.59477124183007 -177.632971762857
0.532 1.50375939849624 -176.129212364361
0.568 6.33802816901408 -169.791184195347
0.574 4.8780487804878 -164.913135414859
0.576 -6.94444444444444 -171.857579859304
0.563 0.532859680284192 -171.324720179019
0.584 -2.05479452054795 -173.379514699567
0.538 -1.48698884758364 -174.866503547151
0.586 -1.02389078498294 -175.890394332134
0.572 6.64335664335664 -169.247037688777
0.586 -8.53242320819113 -177.779460896968
0.596 -8.38926174496644 -186.168722641935
0.595 -11.9327731092437 -198.101495751178
0.596 -6.3758389261745 -204.477334677353
0.568 -6.69014084507042 -211.167475522423
0.563 3.01953818827709 -208.147937334146
0.559 5.54561717352415 -202.602320160622
0.532 -6.76691729323308 -209.369237453855
0.556 0.359712230215827 -209.009525223639
0.583 1.88679245283019 -207.122732770809
0.533 -5.44090056285178 -212.563633333661
0.535 0.186915887850467 -212.376717445811
0.512 -1.953125 -214.329842445811
0.528 -7.1969696969697 -221.52681214278
0.561 -1.24777183600713 -222.774583978787
0.53 -10.188679245283 -232.96326322407
0.538 -2.23048327137546 -235.193746495446
0.526 -8.36501901140684 -243.558765506853
0.552 0 -243.558765506853
0.568 4.22535211267606 -239.333413394177
0.6 -4.33333333333333 -243.66674672751
0.561 -1.60427807486631 -245.271024802376
0.503 3.37972166998012 -241.891303132396
0.531 10.3578154425612 -231.533487689835
0.53 5.66037735849057 -225.873110331344
0.518 11.969111969112 -213.903998362232
0.504 4.76190476190476 -209.142093600328
0.525 4 -205.142093600328
0.568 0.352112676056338 -204.789980924271
0.58 -5.51724137931035 -210.307222303582
0.582 -2.74914089347079 -213.056363197052
0.571 -5.07880910683012 -218.135172303883
0.568 -2.46478873239437 -220.599961036277
0.578 -0.692041522491349 -221.292002558768
0.583 -7.71869639794168 -229.01069895671
0.536 3.35820895522388 -225.652490001486
0.578 -1.3840830449827 -227.036573046469
0.573 -4.01396160558464 -231.050534652053
0.536 1.49253731343284 -229.557997338621
0.555 4.14414414414414 -225.413853194476
0.55 -8.72727272727273 -234.141125921749
0.552 1.44927536231884 -232.69185055943
0.573 2.26876090750436 -230.423089651926
0.569 5.4481546572935 -224.974934994632
0.579 7.7720207253886 -217.202914269244
0.557 3.41113105924596 -213.791783209998
0.555 2.34234234234234 -211.449440867656
0.569 -4.39367311072056 -215.843113978376
0.52 -8.84615384615385 -224.68926782453
0.566 -0.706713780918728 -225.395981605449
0.554 -4.69314079422383 -230.089122399673
0.544 -2.20588235294118 -232.295004752614
0.556 -1.79856115107914 -234.093565903693
0.578 5.88235294117647 -228.211212962516
0.559 -1.96779964221825 -230.179012604735
0.57 4.91228070175439 -225.26673190298
0.529 -0.189035916824197 -225.455767819804
0.556 -6.47482014388489 -231.930587963689
0.58 -1.72413793103448 -233.654725894724
0.553 -4.88245931283906 -238.537185207563
0.557 0.538599640933573 -237.998585566629
0.58 0.689655172413793 -237.308930394216
0.542 -3.690036900369 -240.998967294585
0.567 3.35097001763668 -237.647997276948
0.571 -1.57618213660245 -239.22417941355
0.536 -7.46268656716418 -246.686865980714
0.548 -0.72992700729927 -247.416792988014
0.549 -3.82513661202186 -251.241929600036
0.48 -4.16666666666667 -255.408596266702
0.571 -10.6830122591944 -266.091608525897
0.579 -9.84455958549223 -275.936168111389
0.57 3.85964912280702 -272.076518988582
0.593 -0.843170320404722 -272.919689308987
0.531 -2.07156308851224 -274.991252397499
0.556 -0.719424460431655 -275.71067685793
0.57 0.350877192982456 -275.359799664948
0.556 5.03597122302158 -270.323828441926
0.57 5.26315789473684 -265.06067054719
0.557 -0.179533213644524 -265.240203760834
0.493 0.202839756592292 -265.037364004242
0.543 -2.39410681399632 -267.431470818238
0.562 0 -267.431470818238
0.556 -3.23741007194245 -270.668880890181
0.541 -0.924214417744917 -271.593095307926
0.513 4.87329434697856 -266.719800960947
0.511 5.28375733855186 -261.436043622395
0.519 -5.97302504816956 -267.409068670565
0.52 -7.69230769230769 -275.101376362872
0.579 0.172711571675302 -274.928664791197
0.503 -8.94632206759443 -283.874986858791
0.548 -5.47445255474453 -289.349439413536
0.579 -1.20898100172712 -290.558420415263
0.592 -3.37837837837838 -293.936798793641
0.584 -6.50684931506849 -300.44364810871
0.551 -3.44827586206897 -303.891923970779
0.543 1.28913443830571 -302.602789532473
0.572 1.04895104895105 -301.553838483522
0.572 -3.84615384615385 -305.399992329676
0.567 -7.93650793650794 -313.336500266184
0.56 -6.42857142857143 -319.765071694755
0.536 -1.86567164179104 -321.630743336546
0.561 -4.45632798573975 -326.087071322286
0.558 -2.8673835125448 -328.954454834831
0.519 -1.73410404624277 -330.688558881074
0.567 -2.64550264550265 -333.334061526576
0.56 1.42857142857143 -331.905490098005
0.547 8.59232175502742 -323.313168342978
0.568 8.09859154929577 -315.214576793682
0.533 -3.56472795497186 -318.779304748654
0.532 0 -318.779304748654
0.559 8.76565295169946 -310.013651796954
0.575 -2.95652173913043 -312.970173536085
0.592 4.05405405405405 -308.916119482031
0.554 -0.36101083032491 -309.277130312355
0.547 -5.30164533820841 -314.578775650564
0.591 2.87648054145516 -311.702295109109
0.572 -1.3986013986014 -313.10089650771
0.58 -2.41379310344828 -315.514689611158
0.561 -4.45632798573975 -319.971017596898
0.575 -1.21739130434783 -321.188408901246
0.561 -1.24777183600713 -322.436180737253
0.54 1.48148148148148 -320.954699255772
0.55 1.45454545454545 -319.500153801226
0.574 -1.04529616724739 -320.545449968474
0.561 -6.23885918003565 -326.784309148509
0.55 -3.63636363636364 -330.420672784873
0.584 2.3972602739726 -328.0234125109
0.564 0.709219858156028 -327.314192652744
0.562 8.54092526690391 -318.77326738584
0.573 8.20244328097731 -310.570824104863
0.539 -0.556586270871985 -311.127410375735
0.532 5.6390977443609 -305.488312631374
0.516 6.2015503875969 -299.286762243777
0.583 -0.171526586620926 -299.458288830398
0.537 6.51769087523277 -292.940597955165
0.566 0 -292.940597955165
0.57 -1.40350877192982 -294.344106727095
0.564 3.54609929078014 -290.798007436315
0.556 -5.39568345323741 -296.193690889552
0.549 -0.182149362477231 -296.37584025203
0.526 -1.90114068441065 -298.27698093644
0.568 -4.22535211267606 -302.502333049116
0.577 3.98613518197574 -298.516197867141
0.575 9.21739130434783 -289.298806562793
0.552 3.98550724637681 -285.313299316416
0.499 -1.00200400801603 -286.315303324432
0.56 -10 -296.315303324432
0.524 2.67175572519084 -293.643547599241
0.555 -3.42342342342342 -297.066971022665
0.595 -8.57142857142857 -305.638399594093
0.556 -5.75539568345324 -311.393795277546
0.538 1.11524163568773 -310.278553641859
0.563 5.50621669626998 -304.772336945589
0.549 -7.46812386156648 -312.240460807155
0.57 -3.85964912280702 -316.100109929962
0.573 5.41012216404887 -310.689987765913
0.557 3.77019748653501 -306.919790279378
0.587 -6.98466780238501 -313.904458081763
0.559 -3.04114490161002 -316.945602983373
0.579 -7.426597582038 -324.372200565411
0.563 -4.08525754884547 -328.457458114257
0.572 -5.94405594405594 -334.401514058313
0.597 -3.51758793969849 -337.919101998011
0.57 -0.701754385964912 -338.620856383976
0.575 0.521739130434783 -338.099117253541
0.557 -2.33393177737882 -340.43304903092
0.54 -6.66666666666667 -347.099715697587
0.563 -8.70337477797513 -355.803090475562
0.552 0.72463768115942 -355.078452794403
0.538 -9.29368029739777 -364.3721330918
0.518 2.31660231660232 -362.055530775198
0.574 -0.696864111498258 -362.752394886696
0.563 -4.08525754884547 -366.837652435542
0.571 -10.3327495621716 -377.170401997713
0.559 1.96779964221825 -375.202602355495
0.556 -2.87769784172662 -378.080300197222
0.557 -1.61579892280072 -379.696099120022
0.58 -3.44827586206897 -383.144374982091
0.543 -13.4438305709024 -396.588205552994
0.558 -0.716845878136201 -397.30505143113
0.547 4.57038391224863 -392.734667518881
0.558 -1.4336917562724 -394.168359275154
0.566 5.30035335689046 -388.868005918263
0.534 10.4868913857678 -378.381114532496
0.527 7.02087286527514 -371.36024166722
0.556 6.11510791366906 -365.245133753551
0.564 0.354609929078014 -364.890523824473
0.563 -0.532859680284192 -365.423383504758
0.53 -3.0188679245283 -368.442251429286
0.528 -0.757575757575758 -369.199827186862
0.554 1.80505415162455 -367.394773035237
0.489 7.97546012269939 -359.419312912538
0.57 -2.10526315789474 -361.524576070432
0.56 -7.5 -369.024576070432
0.547 -3.47349177330896 -372.498067843741
0.566 0.706713780918728 -371.791354062823
0.511 6.84931506849315 -364.942038994329
0.528 4.54545454545455 -360.396584448875
0.567 -0.529100529100529 -360.925684977975
0.529 0.945179584120983 -359.980505393854
0.556 -3.23741007194245 -363.217915465797
0.536 0.373134328358209 -362.844781137439
0.547 -4.57038391224863 -367.415165049687
0.548 -2.91970802919708 -370.334873078884
0.539 -0.927643784786642 -371.262516863671
0.533 -0.187617260787992 -371.450134124459
0.523 -1.7208413001912 -373.17097542465
0.548 2.55474452554745 -370.616230899103
0.486 -7.40740740740741 -378.02363830651
0.506 0.790513833992095 -377.233124472518
0.49 6.53061224489796 -370.70251222762
0.447 -2.46085011185682 -373.163362339477
0.497 -16.2977867203219 -389.461149059799
0.501 -0.199600798403194 -389.660749858202
0.504 -10.7142857142857 -400.375035572488
0.562 -9.25266903914591 -409.627704611634
0.562 -4.98220640569395 -414.609911017328
0.533 0.938086303939963 -413.671824713388
0.527 2.46679316888046 -411.205031544507
0.563 1.9538188277087 -409.251212716799
0.521 -5.18234165067178 -414.43355436747
0.539 -8.71985157699443 -423.153405944465
0.546 -0.732600732600733 -423.886006677065
0.557 1.61579892280072 -422.270207754265
0.526 -3.80228136882129 -426.072489123086
0.547 -15.5393053016453 -441.611794424731
0.522 -6.51340996168582 -448.125204386417
0.554 -11.1913357400722 -459.316540126489
0.536 -1.49253731343284 -460.809077439922
0.558 1.4336917562724 -459.37538568365
0.547 -2.74223034734918 -462.117616030999
0.586 -4.09556313993174 -466.213179170931
0.55 1.81818181818182 -464.394997352749
0.582 -0.687285223367698 -465.082282576117
0.547 -2.0109689213894 -467.093251497506
0.566 -8.12720848056537 -475.220459978071
0.581 -3.27022375215146 -478.490683730223
0.553 3.43580470162749 -475.054879028595
0.551 0.907441016333938 -474.147438012261
0.549 -2.73224043715847 -476.87967844942
0.553 -2.35081374321881 -479.230492192639
0.521 -2.87907869481766 -482.109570887456
0.564 -6.38297872340426 -488.492549610861
0.5 -0.8 -489.292549610861
0.557 -1.97486535008977 -491.26741496095
0.511 -0.978473581213307 -492.245888542164
0.579 -10.880829015544 -503.126717557708
0.503 -1.78926441351889 -504.915981971227
0.493 -11.9675456389452 -516.883527610172
0.511 -0.978473581213307 -517.862001191385
0.547 -4.57038391224863 -522.432385103634
0.558 -7.52688172043011 -529.959266824064
0.566 -2.82685512367491 -532.786121947739
0.555 -6.30630630630631 -539.092428254045
0.558 -2.8673835125448 -541.95981176659
0.563 -6.92717584369449 -548.886987610284
0.568 -4.22535211267606 -553.112339722961
0.569 2.98769771528998 -550.124642007671
0.599 1.83639398998331 -548.288248017687
0.563 -5.86145648312611 -554.149704500813
0.522 -2.29885057471264 -556.448555075526
0.582 15.1202749140893 -541.328280161437
0.499 -1.00200400801603 -542.330284169453
0.535 -9.90654205607477 -552.236826225527
0.565 -5.13274336283186 -557.369569588359
0.554 -7.94223826714801 -565.311807855507
0.58 -3.44827586206897 -568.760083717576
0.594 -8.75420875420875 -577.514292471785
0.588 -2.04081632653061 -579.555108798316
0.581 -6.02409638554217 -585.579205183858
0.557 -4.12926391382406 -589.708469097682
0.536 -1.86567164179104 -591.574140739473
0.557 -0.897666068222621 -592.471806807696
0.566 -2.82685512367491 -595.29866193137
0.568 -3.87323943661972 -599.17190136799
0.552 -5.43478260869565 -604.606683976686
0.594 0 -604.606683976686
0.591 -6.93739424703892 -611.544078223725
0.584 -7.53424657534247 -619.078324799067
0.598 2.0066889632107 -617.071635835856
0.587 -3.23679727427598 -620.308433110132
0.607 -3.13014827018122 -623.438581380314
0.575 2.60869565217391 -620.82988572814
0.596 -1.00671140939597 -621.836597137536
0.605 2.14876033057851 -619.687836806957
0.609 -2.79146141215107 -622.479298219108
0.613 6.03588907014682 -616.443409148961
0.577 2.59965337954939 -613.843755769412
0.532 3.38345864661654 -610.460297122796
0.525 4 -606.460297122796
0.567 -6.87830687830688 -613.338604001102
0.536 -10.0746268656716 -623.413230866774
0.495 -7.07070707070707 -630.483937937481
0.55 2.18181818181818 -628.302119755663
0.545 -7.88990825688073 -636.192028012544
0.548 2.91970802919708 -633.272319983347
0.561 -13.7254901960784 -646.997810179425
0.528 1.51515151515152 -645.482658664274
0.576 -2.77777777777778 -648.260436442051
0.566 -0.706713780918728 -648.96715022297
0.586 -0.341296928327645 -649.308447151298
0.561 -1.60427807486631 -650.912725226164
0.55 -4.72727272727273 -655.639997953437
0.557 -7.71992818671454 -663.359926140151
0.556 -6.83453237410072 -670.194458514252
0.543 -5.34069981583794 -675.53515833009
0.562 -6.04982206405694 -681.584980394147
0.575 9.56521739130435 -672.019763002843
0.578 -2.42214532871972 -674.441908331562
0.565 -10.0884955752212 -684.530403906783
0.578 -3.11418685121107 -687.644590757995
0.56 -8.21428571428571 -695.85887647228
0.584 -4.45205479452055 -700.310931266801
0.56 2.14285714285714 -698.168074123944
0.601 3.16139767054908 -695.006676453395
0.594 -1.34680134680135 -696.353477800196
0.529 -2.07939508506616 -698.432872885262
0.546 -1.0989010989011 -699.531773984163
0.541 -5.73012939001848 -705.261903374182
0.514 -9.33852140077821 -714.60042477496
0.573 -6.80628272251309 -721.406707497473
0.525 0.952380952380952 -720.454326545092
0.556 -3.23741007194245 -723.691736617035
0.56 -2.14285714285714 -725.834593759892
0.555 -1.98198198198198 -727.816575741874
0.53 -4.90566037735849 -732.722236119232
0.494 -3.64372469635628 -736.365960815588
0.578 -3.46020761245675 -739.826168428045
0.61 -0.983606557377049 -740.809774985422
0.561 4.09982174688057 -736.709953238542
0.509 -11.5913555992141 -748.301308837756
0.487 7.18685831622177 -741.114450521534
0.496 12.9032258064516 -728.211224715082
0.525 3.23809523809524 -724.973129476987
0.554 -1.44404332129964 -726.417172798287
0.559 -1.25223613595707 -727.669408934244
0.575 -8.17391304347826 -735.843321977722
0.513 -0.974658869395711 -736.817980847118
0.545 -0.917431192660551 -737.735412039778
0.574 -7.66550522648084 -745.400917266259
0.558 1.4336917562724 -743.967225509987
0.553 -0.180831826401447 -744.148057336388
0.554 -7.22021660649819 -751.368273942886
0.543 -7.55064456721915 -758.918918510106
0.492 1.6260162601626 -757.292902249943
0.516 -1.93798449612403 -759.230886746067
0.531 -2.07156308851224 -761.302449834579
0.544 4.41176470588235 -756.890685128697
0.594 4.71380471380471 -752.176880414892
0.572 -2.44755244755245 -754.624432862445
0.554 -3.24909747292419 -757.873530335369
0.55 0.363636363636364 -757.509893971732
0.562 -9.6085409252669 -767.118434896999
0.531 -0.564971751412429 -767.683406648412
0.553 -4.15913200723327 -771.842538655645
0.567 -9.70017636684303 -781.542715022488
0.577 -8.49220103986135 -790.034916062349
0.568 -8.09859154929577 -798.133507611645
0.59 -3.38983050847458 -801.52333812012
0.575 -6.08695652173913 -807.610294641859
0.458 0.436681222707424 -807.173613419151
0.546 -2.56410256410256 -809.737715983254
0.512 -10.15625 -819.893965983254
0.559 -5.90339892665474 -825.797364909909
0.527 -8.15939278937381 -833.956757699283
0.535 -2.80373831775701 -836.76049601704
0.533 0.562851782363977 -836.197644234676
0.549 0.910746812386157 -835.286897422289
0.564 -7.80141843971631 -843.088315862006
0.574 -0.696864111498258 -843.785179973504
0.584 -2.73972602739726 -846.524906000901
0.57 -5.96491228070175 -852.489818281603
0.592 -1.68918918918919 -854.179007470792
0.585 -0.170940170940171 -854.349947641732
0.543 3.86740331491713 -850.482544326815
0.561 -0.17825311942959 -850.660797446245
0.553 -3.07414104882459 -853.73493849507
0.544 -6.61764705882353 -860.352585553893
0.532 -6.76691729323308 -867.119502847126
0.572 -13.6363636363636 -880.75586648349
0.587 -13.7989778534923 -894.554844336982
0.534 -9.36329588014981 -903.918140217132
0.559 -4.47227191413238 -908.390412131264
0.561 6.95187165775401 -901.43854047351
0.554 -2.52707581227437 -903.965616285785
0.562 -6.04982206405694 -910.015438349842
0.574 -2.4390243902439 -912.454462740085
0.442 4.97737556561086 -907.477087174475
0.543 3.49907918968692 -903.978007984788
0.601 1.49750415973378 -902.480503825054
0.564 6.38297872340426 -896.09752510165
0.58 -2.06896551724138 -898.166490618891
0.526 -3.42205323193916 -901.58854385083
0.564 -14.5390070921986 -916.127550943029
0.593 -3.20404721753794 -919.331598160567
0.612 1.63398692810458 -917.697611232462
0.586 -1.70648464163823 -919.4040958741
0.587 -4.59965928449744 -924.003755158598
0.542 -4.4280442804428 -928.431799439041
0.557 -6.28366247755835 -934.715461916599
0.57 -4.21052631578947 -938.925988232388
0.566 0.353356890459364 -938.572631341929
0.527 -4.36432637571157 -942.936957717641
0.565 -2.65486725663717 -945.591824974278
0.55 -5.45454545454545 -951.046370428823
0.534 -0.374531835205993 -951.420902264029
0.534 0.374531835205993 -951.046370428823
0.575 0.869565217391304 -950.176805211432
0.585 -2.56410256410256 -952.740907775535
0.564 -10.6382978723404 -963.379205647875
0.563 -5.15097690941385 -968.530182557289
0.548 1.45985401459854 -967.07032854269
0.463 -3.23974082073434 -970.310069363425
0.546 -14.6520146520147 -984.962084015439
0.557 -4.48833034111311 -989.450414356552
0.561 3.38680926916221 -986.06360508739
0.56 -0.357142857142857 -986.420747944533
0.579 6.04490500863558 -980.375842935897
0.592 -4.39189189189189 -984.767734827789
0.594 -3.7037037037037 -988.471438531493
0.547 -0.182815356489945 -988.654253887983
0.579 -3.62694300518135 -992.281196893164
0.558 6.81003584229391 -985.47116105087
0.534 5.61797752808989 -979.853183522781
0.585 -5.64102564102564 -985.494209163806
0.562 5.69395017793594 -979.80025898587
0.55 1.81818181818182 -977.982077167688
0.535 -2.05607476635514 -980.038151934044
0.549 -2.36794171220401 -982.406093646248
0.553 -1.26582278481013 -983.671916431058
0.553 -0.54249547920434 -984.214411910262
0.531 -2.82485875706215 -987.039270667324
0.55 -5.81818181818182 -992.857452485506
0.552 -3.98550724637681 -996.842959731883
0.541 -10.90573012939 -1007.74868986127
0.55 0 -1007.74868986127
0.595 -6.21848739495798 -1013.96717725623
0.594 3.36700336700337 -1010.60017388923
0.551 -7.07803992740472 -1017.67821381663
0.572 -5.24475524475525 -1022.92296906139
0.577 -2.94627383015598 -1025.86924289154
0.604 4.3046357615894 -1021.56460712995
0.589 4.24448217317487 -1017.32012495678
0.606 1.32013201320132 -1015.99999294358
0.578 6.57439446366782 -1009.42559847991
0.519 10.2119460500963 -999.213652429814
0.56 5.35714285714286 -993.856509572671
0.581 -3.6144578313253 -997.470967403996
0.604 -9.27152317880795 -1006.7424905828
0.546 -1.0989010989011 -1007.84139168171
0.604 4.63576158940397 -1003.2056300923
0.582 0 -1003.2056300923
0.579 -4.31778929188256 -1007.52341938418
0.541 4.62107208872458 -1002.90234729546
0.588 -7.14285714285714 -1010.04520443832
0.552 5.43478260869565 -1004.61042182962
0.587 -3.23679727427598 -1007.8472191039
0.524 0 -1007.8472191039
0.548 2.55474452554745 -1005.29247457835
0.531 -2.82485875706215 -1008.11733333541
0.573 -1.2216404886562 -1009.33897382407
0.573 -1.57068062827225 -1010.90965445234
0.582 -5.49828178694158 -1016.40793623928
0.477 -7.33752620545073 -1023.74546244473
0.447 10.5145413870246 -1013.23092105771
0.42 0.476190476190476 -1012.75473058152
0.47 0.425531914893617 -1012.32919866662
0.438 3.65296803652968 -1008.67623063009
0.412 -9.22330097087379 -1017.89953160097
0.485 -1.44329896907216 -1019.34283057004
0.479 -7.72442588726514 -1027.0672564573
0.499 4.20841683366733 -1022.85883962364
0.504 7.14285714285714 -1015.71598248078
0.503 10.5367793240557 -1005.17920315672
0.524 -1.52671755725191 -1006.70592071398
0.535 -3.92523364485981 -1010.63115435884
0.507 4.14201183431953 -1006.48914252452
0.481 4.36590436590437 -1002.12323815861
0.507 5.32544378698225 -996.79779437163
0.544 10.2941176470588 -986.503676724571
0.554 13.3574007220217 -973.14627600255
0.502 -4.7808764940239 -977.927152496574
0.537 -6.8901303538175 -984.817282850391
0.539 -7.23562152133581 -992.052904371727
0.564 10.6382978723404 -981.414606499387
0.499 4.20841683366733 -977.206189665719
0.554 -0.72202166064982 -977.928211326369
0.521 -0.959692898272553 -978.887904224641
0.491 -5.4989816700611 -984.386885894703
0.48 -6.66666666666667 -991.053552561369
0.452 -4.86725663716814 -995.920809198537
0.425 1.64705882352941 -994.273750375008
0.552 7.2463768115942 -987.027373563414
0.579 -2.59067357512953 -989.618047138543
0.536 3.73134328358209 -985.886703854961
0.577 -4.33275563258232 -990.219459487544
0.577 -3.29289428076257 -993.512353768306
0.608 -5.59210526315789 -999.104459031464
0.562 1.77935943060498 -997.325099600859
0.569 -2.63620386643234 -999.961303467291
0.599 4.50751252086811 -995.453790946423
0.557 5.56552962298025 -989.888261323443
0.554 6.85920577617328 -983.02905554727
0.554 1.44404332129964 -981.58501222597
0.574 0.696864111498258 -980.888148114472
0.565 4.7787610619469 -976.109387052525
0.573 1.57068062827225 -974.538706424253
0.572 -4.89510489510489 -979.433811319358
0.578 -2.07612456747405 -981.509935886832
0.589 -5.60271646859083 -987.112652355422
0.586 6.14334470989761 -980.969307645525
0.548 -1.09489051094891 -982.064198156474
0.527 4.36432637571157 -977.699871780762
0.469 5.75692963752665 -971.942942143236
0.417 -5.51558752997602 -977.458529673212
0.435 -11.7241379310345 -989.182667604246
0.449 -4.67706013363029 -993.859727737876
0.426 -4.69483568075117 -998.554563418627
0.528 5.68181818181818 -992.872745236809
0.579 3.28151986183074 -989.591225374979
0.576 0.347222222222222 -989.244003152756
0.54 5.55555555555556 -983.688447597201
0.535 2.05607476635514 -981.632372830846
0.555 3.42342342342342 -978.208949407422
0.558 8.60215053763441 -969.606798869788
0.553 -8.86075949367089 -978.467558363459
0.547 -2.74223034734918 -981.209788710808
0.554 3.6101083032491 -977.599680407559
0.522 8.42911877394636 -969.170561633612
0.548 -0.72992700729927 -969.900488640912
0.544 -4.04411764705882 -973.94460628797
0.566 3.886925795053 -970.057680492917
0.561 5.16934046345811 -964.888340029459
0.584 -0.684931506849315 -965.573271536309
0.553 1.62748643761302 -963.945785098696
0.561 -2.67379679144385 -966.61958189014
0.541 2.03327171903882 -964.586310171101
0.536 11.1940298507463 -953.392280320355
0.549 4.91803278688525 -948.474247533469
0.508 -2.36220472440945 -950.836452257879
0.531 5.46139359698682 -945.375058660892
0.517 4.83558994197292 -940.539468718919
0.521 6.33397312859885 -934.20549559032
0.552 12.6811594202899 -921.52433617003
0.542 -6.64206642066421 -928.166402590694
0.544 -0.735294117647059 -928.901696708342
0.557 0.897666068222621 -928.004030640119
0.542 9.22509225092251 -918.778938389196
0.528 2.27272727272727 -916.506211116469
0.529 -2.83553875236295 -919.341749868832
0.567 -0.881834215167548 -920.223584084
0.563 -30.0177619893428 -950.241346073342
0.557 -1.25673249551167 -951.498078568854
0.558 1.7921146953405 -949.705963873514
0.573 -35.7766143106457 -985.482578184159
0.511 -2.5440313111546 -988.026609495314
0.559 0.536672629695885 -987.489936865618
0.549 -39.8907103825137 -1027.38064724813
0.542 -3.690036900369 -1031.0706841485
0.514 11.284046692607 -1019.78663745589
0.524 8.3969465648855 -1011.38969089101
0.562 0 -1011.38969089101
0.54 -0.37037037037037 -1011.76006126138
0.533 1.31332082551595 -1010.44674043586
0.529 2.83553875236295 -1007.6112016835
0.541 3.14232902033272 -1004.46887266317
0.542 -3.3210332103321 -1007.7899058735
0.544 9.19117647058824 -998.598729402911
0.51 7.84313725490196 -990.755592148009
0.53 1.88679245283019 -988.868799695179
0.544 -2.20588235294118 -991.07468204812
0.561 -0.89126559714795 -991.965947645268
0.566 -4.59363957597173 -996.55958722124
0.542 6.64206642066421 -989.917520800575
0.572 0.699300699300699 -989.218220101275
0.552 -1.08695652173913 -990.305176623014
0.561 -7.66488413547237 -997.970060758486
0.554 -4.33212996389892 -1002.30219072239
0.551 -1.63339382940109 -1003.93558455179
0.567 13.9329805996473 -990.002603952139
0.55 6.90909090909091 -983.093513043048
0.544 5.88235294117647 -977.211160101871
0.563 -3.37477797513321 -980.585938077005
0.547 9.3235831809872 -971.262354896017
0.523 -1.33843212237094 -972.600787018388
0.483 4.76190476190476 -967.838882256484
0.553 3.43580470162749 -964.403077554856
0.555 0.540540540540541 -963.862537014316
0.556 4.67625899280576 -959.18627802151
0.545 8.99082568807339 -950.195452333436
0.574 0.696864111498258 -949.498588221938
0.544 -1.83823529411765 -951.336823516056
0.563 1.24333925399645 -950.093484262059
0.558 1.4336917562724 -948.659792505787
0.553 -1.98915009041591 -950.648942596203
0.575 -3.65217391304348 -954.301116509246
0.568 9.85915492957746 -944.441961579669
0.559 2.68336314847943 -941.75859843119
0.541 8.31792975970425 -933.440668671485
0.576 1.38888888888889 -932.051779782596
0.536 4.85074626865672 -927.20103351394
0.538 0.371747211895911 -926.829286302044
0.568 0 -926.829286302044
0.579 -1.55440414507772 -928.383690447121
0.576 1.73611111111111 -926.64757933601
0.579 -2.59067357512953 -929.23825291114
0.556 2.87769784172662 -926.360555069413
0.55 1.45454545454545 -924.906009614868
0.528 -2.27272727272727 -927.178736887595
0.592 2.02702702702703 -925.151709860568
0.549 2.73224043715847 -922.41946942341
0.528 -1.51515151515152 -923.934620938561
0.56 3.21428571428571 -920.720335224275
0.557 7.36086175942549 -913.35947346485
0.509 8.05500982318271 -905.304463641667
0.54 4.44444444444444 -900.860019197223
0.571 2.62697022767075 -898.233048969552
0.569 0.527240773286467 -897.705808196265
0.551 -0.544464609800363 -898.250272806066
0.561 -0.89126559714795 -899.141538403214
0.539 3.8961038961039 -895.24543450711
0.564 7.80141843971631 -887.444016067394
0.566 -0.353356890459364 -887.797372957853
0.573 5.75916230366492 -882.038210654188
0.556 1.43884892086331 -880.599361733325
0.564 4.25531914893617 -876.344042584389
0.575 7.47826086956522 -868.865781714823
0.578 12.4567474048443 -856.409034309979
0.559 -6.61896243291592 -863.027996742895
0.579 9.15371329879102 -853.874283444104
0.577 -3.63951473136915 -857.513798175473
0.562 -4.62633451957295 -862.140132695046
0.514 3.89105058365759 -858.249082111388
0.535 8.41121495327103 -849.837867158117
0.57 7.01754385964912 -842.820323298468
0.543 -0.552486187845304 -843.372809486314
0.526 -1.90114068441065 -845.273950170724
0.563 11.9005328596803 -833.373417311044
0.552 3.26086956521739 -830.112547745827
0.595 8.57142857142857 -821.541119174398
0.558 11.8279569892473 -809.713162185151
0.56 -2.14285714285714 -811.856019328008
0.561 4.81283422459893 -807.043185103409
0.584 5.47945205479452 -801.563733048614
0.571 9.98248686514886 -791.581246183466
0.594 -0.336700336700337 -791.917946520166
0.548 8.02919708029197 -783.888749439874
0.563 4.08525754884547 -779.803491891028
0.586 10.2389078498294 -769.564584041199
0.58 5.17241379310345 -764.392170248096
0.572 0.699300699300699 -763.692869548795
0.551 9.25589836660617 -754.436971182189
0.54 6.2962962962963 -748.140674885893
0.543 3.86740331491713 -744.273271570975
0.554 1.44404332129964 -742.829228249676
0.565 0.884955752212389 -741.944272497463
0.576 1.73611111111111 -740.208161386352
0.574 3.83275261324042 -736.375408773112
0.557 0.897666068222621 -735.477742704889
0.568 -5.63380281690141 -741.111545521791
0.542 -8.11808118081181 -749.229626702602
0.569 8.6115992970123 -740.61802740559
0.563 -4.4404973357016 -745.058524741292
0.567 1.58730158730159 -743.47122315399
0.577 6.41247833622184 -737.058744817768
0.56 0.357142857142857 -736.701601960625
0.575 11.6521739130435 -725.049428047582
0.558 4.6594982078853 -720.389929839697
0.566 2.82685512367491 -717.563074716022
0.514 5.83657587548638 -711.726498840535
0.529 2.45746691871456 -709.269031921821
0.511 2.93542074363992 -706.333611178181
0.546 -2.93040293040293 -709.264014108584
0.532 -1.12781954887218 -710.391833657456
0.526 1.14068441064639 -709.25114924681
0.54 3.33333333333333 -705.917815913476
0.573 -5.06108202443281 -710.978897937909
0.541 3.88170055452865 -707.09719738338
0.565 2.30088495575221 -704.796312427628
0.544 -3.67647058823529 -708.472783015863
0.587 0.170357751277683 -708.302425264586
0.587 -6.30323679727428 -714.60566206186
0.54 5.92592592592593 -708.679736135934
0.542 5.53505535055351 -703.144680785381
0.536 7.83582089552239 -695.308859889858
0.559 -4.83005366726297 -700.138913557121
0.528 -3.03030303030303 -703.169216587424
0.545 8.62385321100918 -694.545363376415
0.559 3.04114490161002 -691.504218474805
0.574 7.66550522648084 -683.838713248324
0.542 -6.64206642066421 -690.480779668988
0.561 0.89126559714795 -689.589514071841
0.57 1.05263157894737 -688.536882492893
0.536 13.0597014925373 -675.477181000356
0.586 5.46075085324232 -670.016430147114
0.571 6.47985989492119 -663.536570252192
0.524 1.52671755725191 -662.00985269494
0.539 5.75139146567718 -656.258461229263
0.56 -3.21428571428571 -659.472746943549
0.554 9.38628158844765 -650.086465355101
0.568 1.76056338028169 -648.32590197482
0.548 -5.10948905109489 -653.435391025914
0.534 -1.49812734082397 -654.933518366738
0.548 0.72992700729927 -654.203591359439
0.642 -24.6105919003115 -678.814183259751
0.64 -18.125 -696.939183259751
0.542 -2.5830258302583 -699.522209090009
0.529 6.23818525519849 -693.284023834811
0.52 2.69230769230769 -690.591716142503
0.543 -1.65745856353591 -692.249174706039
0.584 1.71232876712329 -690.536845938915
0.649 -25.4237288135593 -715.960574752475
0.647 -19.3199381761978 -735.280512928673
0.569 -8.96309314586995 -744.243606074543
0.553 9.94575045207957 -734.297855622463
0.546 -0.732600732600733 -735.030456355064
0.571 -2.27670753064799 -737.307163885712
0.499 5.41082164328657 -731.896342242425
0.566 0.353356890459364 -731.542985351966
0.589 -5.94227504244482 -737.485260394411
0.592 -1.68918918918919 -739.1744495836
0.521 -6.33397312859885 -745.508422712199
0.572 -0.699300699300699 -746.207723411499
0.553 3.07414104882459 -743.133582362675
0.473 15.0105708245243 -728.12301153815
0.514 -1.55642023346304 -729.679431771614
0.541 3.88170055452865 -725.797731217085
0.579 3.28151986183074 -722.516211355254
0.556 10.431654676259 -712.084556678995
0.562 -2.49110320284698 -714.575659881842
0.548 -0.364963503649635 -714.940623385492
0.573 7.15532286212914 -707.785300523363
0.596 -0.671140939597315 -708.45644146296
0.574 0.696864111498258 -707.759577351462
0.558 -0.3584229390681 -708.11800029053
0.572 -2.7972027972028 -710.915203087732
0.56 0.714285714285714 -710.200917373447
0.578 2.42214532871972 -707.778772044727
0.603 -6.13598673300166 -713.914758777729
0.541 -2.03327171903882 -715.948030496768
0.579 -9.15371329879102 -725.101743795559
0.55 -4.72727272727273 -729.829016522831
0.536 5.97014925373134 -723.8588672691
0.551 -0.181488203266788 -724.040355472367
0.511 2.93542074363992 -721.104934728727
0.64 -11.5625 -732.667434728727
0.602 -4.98338870431894 -737.650823433046
0.516 -0.775193798449612 -738.426017231495
0.575 7.47826086956522 -730.94775636193
0.569 0.527240773286467 -730.420515588644
0.628 -1.27388535031847 -731.694400938962
0.612 -12.7450980392157 -744.439498978178
0.632 -12.0253164556962 -756.464815433874
0.597 -5.52763819095477 -761.992453624829
0.571 -7.18038528896673 -769.172838913796
0.51 -1.56862745098039 -770.741466364776
0.544 -9.55882352941176 -780.300289894188
0.621 3.05958132045089 -777.240708573737
0.608 0.328947368421053 -776.911761205316
0.607 8.07248764415156 -768.839273561164
0.618 13.915857605178 -754.923415955986
0.579 6.73575129533679 -748.187664660649
0.586 -2.04778156996587 -750.235446230615
0.589 2.20713073005093 -748.028315500564
0.556 2.87769784172662 -745.150617658838
0.554 6.13718411552347 -739.013433543314
0.528 5.68181818181818 -733.331615361496
0.511 -4.10958904109589 -737.441204402592
0.564 4.25531914893617 -733.185885253656
0.57 3.85964912280702 -729.326236130849
0.56 5.71428571428571 -723.611950416563
0.565 1.23893805309735 -722.373012363466
0.547 -0.914076782449726 -723.287089145915
0.575 6.43478260869565 -716.85230653722
0.568 5.98591549295775 -710.866391044262
0.548 -3.64963503649635 -714.516026080758
0.564 -3.90070921985816 -718.416735300617
0.506 3.55731225296443 -714.859423047652
0.483 8.90269151138716 -705.956731536265
0.528 0 -705.956731536265
0.535 -2.80373831775701 -708.760469854022
0.549 3.82513661202186 -704.935333242
0.575 -0.173913043478261 -705.109246285478
0.536 -5.97014925373134 -711.07939553921
0.551 5.26315789473684 -705.816237644473
0.607 1.15321252059308 -704.66302512388
0.556 -2.87769784172662 -707.540722965606
0.579 -1.55440414507772 -709.095127110684
0.582 8.24742268041237 -700.847704430272
0.564 4.60992907801418 -696.237775352258
0.614 -2.60586319218241 -698.84363854444
0.582 -2.06185567010309 -700.905494214543
0.577 -3.98613518197574 -704.891629396519
0.568 -3.52112676056338 -708.412756157082
0.587 -2.21465076660988 -710.627406923692
0.556 6.83453237410072 -703.792874549591
0.590673575129534 7.01754385964912 -696.775330689942
