gc_content gc_skew gc_culm
0.512 16.015625 16.015625
0.495 14.3434343434343 30.3590593434343
0.502 19.1235059760956 49.48256531953
0.467 13.0620985010707 62.5446638206006
0.501 6.98602794411178 69.5306917647124
0.488 5.73770491803279 75.2683966827452
0.453 5.51876379690949 80.7871604796547
0.495 9.49494949494949 90.2821099746042
0.491 10.3869653767821 100.669075351386
0.495 20 120.669075351386
0.449 17.1492204899777 137.818295841364
0.464 4.74137931034483 142.559675151709
0.498 12.4497991967871 155.009474348496
0.503 15.3081510934394 170.317625441935
0.495 11.5151515151515 181.832776957087
0.463 10.5831533477322 192.415930304819
0.502 9.16334661354582 201.579276918365
0.485 7.21649484536082 208.795771763726
0.452 8.84955752212389 217.64532928585
0.5 6.8 224.44532928585
0.507 -2.56410256410256 221.881226721747
0.443 15.1241534988713 237.005380220618
0.495 12.3232323232323 249.328612543851
0.468 6.83760683760684 256.166219381457
0.412 2.42718446601942 258.593403847477
0.434 5.99078341013825 264.584187257615
0.474 2.9535864978903 267.537773755505
0.488 5.32786885245902 272.865642607964
0.489 0.613496932515337 273.47913954048
0.451 10.8647450110865 284.343884551566
0.489 9.61145194274029 293.955336494307
0.452 7.07964601769912 301.034982512006
0.434 12.4423963133641 313.47737882537
0.458 20.5240174672489 334.001396292619
0.505 11.2871287128713 345.28852500549
0.488 9.01639344262295 354.304918448113
0.461 12.3644251626898 366.669343610803
0.469 -0.639658848614073 366.029684762189
0.468 -0.854700854700855 365.174983907488
0.499 5.01002004008016 370.185003947568
0.496 8.46774193548387 378.652745883052
0.54 22.2222222222222 400.874968105274
0.51 15.2941176470588 416.169085752333
0.47 11.063829787234 427.232915539567
0.439 5.23917995444191 432.472095494009
0.473 7.39957716701903 439.871672661028
0.465 8.81720430107527 448.688876962103
0.474 4.21940928270042 452.908286244803
0.47 3.82978723404255 456.738073478846
0.483 13.0434782608696 469.781551739716
0.489 6.33946830265849 476.121020042374
0.468 8.54700854700855 484.668028589383
0.468 4.27350427350427 488.941532862887
0.485 8.04123711340206 496.982769976289
0.501 -0.598802395209581 496.383967581079
0.494 10.5263157894737 506.910283370553
0.494 4.8582995951417 511.768582965695
0.488 1.63934426229508 513.40792722799
0.487 1.02669404517454 514.434621273164
0.497 8.65191146881288 523.086532741977
0.503 10.5367793240557 533.623312066033
0.503 1.39165009940358 535.014962165436
0.495 8.28282828282828 543.297790448265
0.526 5.70342205323194 549.001212501497
0.563 11.9005328596803 560.901745361177
0.602 8.30564784053156 569.207393201709
0.653 -3.52220520673813 565.68518799497
0.527 1.32827324478178 567.013461239752
0.498 16.8674698795181 583.88093111927
0.503 4.57256461232604 588.453495731596
0.525 8.57142857142857 597.024924303025
0.523 6.69216061185468 603.71708491488
0.465 6.23655913978495 609.953644054665
0.545 0.55045871559633 610.504102770261
0.48 6.66666666666667 617.170769436928
0.481 -4.36590436590437 612.804865071023
0.546 4.02930402930403 616.834169100327
0.513 7.99220272904483 624.826371829372
0.535 11.4018691588785 636.228240988251
0.488 11.8852459016393 648.11348688989
0.502 9.9601593625498 658.07364625244
0.515 10.2912621359223 668.364908388362
0.461 7.15835140997831 675.52325979834
0.49 13.469387755102 688.992647553442
0.49 6.53061224489796 695.52325979834
0.531 9.22787193973635 704.751131738077
0.502 7.56972111553785 712.320852853614
0.563 -6.57193605683837 705.748916796776
0.467 4.06852248394004 709.817439280716
0.5 4.8 714.617439280716
0.493 15.2129817444219 729.830421025138
0.475 12 741.830421025138
0.465 11.8279569892473 753.658378014385
0.484 13.6363636363636 767.294741650749
0.505 10.0990099009901 777.393751551739
0.468 5.98290598290598 783.376657534645
0.508 18.1102362204724 801.486893755118
0.489 10.0204498977505 811.507343652868
0.499 11.4228456913828 822.930189344251
0.512 9.765625 832.695814344251
0.478 16.7364016736402 849.432216017891
0.501 24.1516966067864 873.583912624678
0.524 12.2137404580153 885.797653082693
0.535 17.3831775700935 903.180830652786
0.539 6.49350649350649 909.674337146293
0.511 -0.587084148727984 909.087252997565
0.515 5.63106796116505 914.71832095873
0.504 12.6984126984127 927.416733657142
0.537 9.12476722532588 936.541500882468
0.509 9.23379174852652 945.775292630995
0.514 9.72762645914397 955.502919090139
0.493 2.23123732251521 957.734156412654
0.525 11.6190476190476 969.353204031702
0.513 5.65302144249513 975.006225474197
0.489 -2.24948875255624 972.756736721641
0.513 8.38206627680312 981.138802998444
0.493 11.1561866125761 992.29498961102
0.538 15.6133828996283 1007.90837251065
0.489 1.84049079754601 1009.74886330819
0.508 2.36220472440945 1012.1110680326
0.509 -1.76817288801572 1010.34289514459
0.464 -0.862068965517241 1009.48082617907
0.49 16.734693877551 1026.21552005662
0.559 7.69230769230769 1033.90782774893
0.525 6.66666666666667 1040.5744944156
0.531 9.22787193973635 1049.80236635533
0.515 13.7864077669903 1063.58877412232
0.512 -3.125 1060.46377412232
0.527 -13.0929791271347 1047.37079499519
0.492 -2.03252032520325 1045.33827466998
0.516 -2.71317829457364 1042.62509637541
0.508 -2.36220472440945 1040.262891651
0.533 0.938086303939963 1041.20097795494
0.564 3.19148936170213 1044.39246731664
0.518 2.7027027027027 1047.09517001935
0.54 9.62962962962963 1056.72479964898
0.512 19.53125 1076.25604964898
0.492 8.13008130081301 1084.38613094979
0.484 4.13223140495868 1088.51836235475
0.534 7.86516853932584 1096.38353089407
0.571 2.62697022767075 1099.01050112174
0.526 5.32319391634981 1104.33369503809
0.505 2.57425742574257 1106.90795246384
0.519 10.9826589595376 1117.89061142337
0.527 6.26185958254269 1124.15247100592
0.528 15.530303030303 1139.68277403622
0.512 18.359375 1158.04214903622
0.574 11.8466898954704 1169.88883893169
0.579 13.6442141623489 1183.53305309404
0.528 2.65151515151515 1186.18456824555
0.507 7.29783037475345 1193.48239862031
0.551 -1.63339382940109 1191.84900479091
0.519 1.73410404624277 1193.58310883715
0.523 -4.01529636711281 1189.56781247004
0.609 -1.14942528735632 1188.41838718268
0.53 -9.81132075471698 1178.60706642796
0.563 -9.05861456483126 1169.54845186313
0.532 -0.37593984962406 1169.17251201351
0.531 -3.57815442561205 1165.5943575879
0.531 -4.70809792843691 1160.88625965946
0.557 -1.97486535008977 1158.91139430937
0.499 4.20841683366733 1163.11981114304
0.507 -2.56410256410256 1160.55570857893
0.512 -0.390625 1160.16508357893
0.52 2.69230769230769 1162.85739127124
0.5 -10.4 1152.45739127124
0.471 -1.06157112526539 1151.39582014598
0.467 -1.49892933618844 1149.89689080979
0.521 6.71785028790787 1156.6147410977
0.462 15.5844155844156 1172.19915668211
0.489 3.47648261758691 1175.6756392997
0.502 1.19521912350598 1176.8708584232
0.539 -5.00927643784787 1171.86158198536
0.477 -1.0482180293501 1170.81336395601
0.518 7.72200772200772 1178.53537167801
0.496 1.61290322580645 1180.14827490382
0.476 1.26050420168067 1181.4087791055
0.533 -4.31519699812383 1177.09358210738
0.532 11.6541353383459 1188.74771744572
0.501 3.39321357285429 1192.14093101858
0.507 10.4536489151874 1202.59457993376
0.51 -2.35294117647059 1200.24163875729
0.554 -8.30324909747292 1191.93838965982
0.521 -1.72744721689059 1190.21094244293
0.509 2.94695481335953 1193.15789725629
0.534 7.86516853932584 1201.02306579562
0.513 0.194931773879142 1201.2179975695
0.549 -0.546448087431694 1200.67154948206
0.539 -2.78293135435993 1197.8886181277
0.518 -7.33590733590734 1190.5527107918
0.526 -3.80228136882129 1186.75042942298
0.521 0.959692898272553 1187.71012232125
0.554 -7.94223826714801 1179.7678840541
0.472 -1.27118644067797 1178.49669761342
0.489 -1.02249488752556 1177.4742027259
0.527 0.94876660341556 1178.42296932931
0.508 5.11811023622047 1183.54107956553
0.543 6.07734806629834 1189.61842763183
0.507 16.370808678501 1205.98923631033
0.531 1.69491525423729 1207.68415156457
0.501 -9.78043912175649 1197.90371244281
0.501 -12.1756487025948 1185.72806374022
0.497 -7.84708249496982 1177.88098124525
0.492 2.4390243902439 1180.32000563549
0.514 -6.22568093385214 1174.09432470164
0.538 -6.69144981412639 1167.40287488751
0.516 -10.8527131782946 1156.55016170922
0.538 -4.46096654275093 1152.08919516647
0.534 1.12359550561798 1153.21279067209
0.512 -5.46875 1147.74404067209
0.493 -4.66531440162272 1143.07872627046
0.479 -5.21920668058455 1137.85951958988
0.513 -3.7037037037037 1134.15581588617
0.5 -6.4 1127.75581588617
0.436 -6.88073394495413 1120.87508194122
0.441 -26.984126984127 1093.89095495709
0.452 -20.7964601769912 1073.0944947801
0.457 -13.7855579868709 1059.30893679323
0.464 -0.862068965517241 1058.44686782771
0.438 -5.02283105022831 1053.42403677749
0.481 -19.7505197505198 1033.67351702697
0.453 -10.3752759381898 1023.29824108878
0.433 -16.8591224018476 1006.43911868693
0.456 -17.9824561403509 988.456662546578
0.453 -7.72626931567329 980.730393230904
0.5 -10.4 970.330393230904
0.446 -12.5560538116592 957.774339419245
0.471 -9.55414012738854 948.220199291857
0.511 -15.4598825831703 932.760316708686
0.537 -20.2979515828678 912.462365125819
0.467 -18.6295503211991 893.832814804619
0.542 -18.450184501845 875.382630302774
0.527 -12.7134724857685 862.669157817006
0.502 -13.5458167330677 849.123341083938
0.546 -17.2161172161172 831.907223867821
0.514 -10.5058365758755 821.401387291945
0.528 -10.6060606060606 810.795326685885
0.49 -8.57142857142857 802.223898114456
0.508 -7.48031496062992 794.743583153826
0.493 -4.66531440162272 790.078268752204
0.488 -2.04918032786885 788.029088424335
0.536 -17.910447761194 770.118640663141
0.522 -17.2413793103448 752.877261352796
0.533 -10.3189493433396 742.558312009456
0.523 13.5755258126195 756.133837822076
0.545 18.1651376146789 774.298975436755
0.512 -2.734375 771.564600436755
0.43 -11.1627906976744 760.40180973908
0.482 -7.46887966804979 752.93293007103
0.54 -16.2962962962963 736.636633774734
0.558 2.8673835125448 739.504017287279
0.556 15.1079136690647 754.611930956344
0.551 -0.181488203266788 754.430442753077
0.542 -5.16605166051661 749.26439109256
0.541 -3.14232902033272 746.122062072228
0.521 -4.41458733205374 741.707474740174
0.532 -6.01503759398496 735.692437146189
0.587 7.32538330494037 743.017820451129
0.492 -5.28455284552845 737.733267605601
0.487 7.59753593429158 745.330803539892
0.544 2.57352941176471 747.904332951657
0.548 3.64963503649635 751.553967988154
0.47 2.12765957446809 753.681627562622
0.54 -3.7037037037037 749.977923858918
0.544 3.30882352941176 753.28674738833
0.417 -7.9136690647482 745.373078323581
0.529 -4.34782608695652 741.025252236625
0.541 3.14232902033272 744.167581256958
0.456 -14.4736842105263 729.693897046431
0.461 -0.650759219088937 729.043137827342
0.491 -0.203665987780041 728.839471839562
0.519 -0.192678227360308 728.646793612202
0.531 8.47457627118644 737.121369883389
0.5 4.4 741.521369883389
0.531 4.33145009416196 745.85281997755
0.495 -1.81818181818182 744.034638159369
0.494 8.09716599190283 752.131804151271
0.473 2.74841437632135 754.880218527593
0.506 -13.0434782608696 741.836740266723
0.487 -3.90143737166324 737.93530289506
0.487 -1.43737166324435 736.497931231816
0.512 -6.640625 729.857306231816
0.462 -4.32900432900433 725.528301902811
0.493 -2.23123732251521 723.297064580296
0.48 3.33333333333333 726.630397913629
0.512 -10.15625 716.474147913629
0.468 -1.70940170940171 714.764746204228
0.49 -8.57142857142857 706.193317632799
0.486 -11.1111111111111 695.082206521688
0.458 -1.31004366812227 693.772162853566
0.469 -12.5799573560768 681.192205497489
0.488 -12.7049180327869 668.487287464702
0.513 -13.0604288499025 655.4268586148
0.491 -5.90631364562118 649.520544969178
0.478 -5.85774058577406 643.662804383404
0.47 -5.95744680851064 637.705357574894
0.491 -1.83299389002037 635.872363684873
0.495 -7.47474747474747 628.397616210126
0.451 -6.43015521064302 621.967460999483
0.459 -8.06100217864924 613.906458820834
0.5 -4.4 609.506458820834
0.469 0.639658848614073 610.146117669448
0.49 -5.30612244897959 604.839995220468
0.5 -0.8 604.039995220468
0.486 -5.34979423868313 598.690200981785
0.456 -10.0877192982456 588.602481683539
0.46 -6.52173913043478 582.080742553105
0.467 3.64025695931478 585.720999512419
0.466 -9.44206008583691 576.278939426582
0.483 -8.48861283643892 567.790326590144
0.474 0.421940928270042 568.212267518414
0.459 -3.7037037037037 564.50856381471
0.534 0.374531835205993 564.883095649916
0.472 4.23728813559322 569.120383785509
0.494 -6.07287449392713 563.047509291582
0.485 4.32989690721649 567.377406198798
0.481 -0.623700623700624 566.753705575098
0.486 2.46913580246914 569.222841377567
0.477 -0.209643605870021 569.013197771697
0.485 -6.80412371134021 562.209074060357
0.475 -6.52631578947368 555.682758270883
0.509 -0.982318271119843 554.700439999763
0.514 -12.0622568093385 542.638183190425
0.561 -3.03030303030303 539.607880160122
0.533 -11.8198874296435 527.787992730478
0.545 -4.95412844036697 522.833864290111
0.448 -1.78571428571429 521.048150004397
0.505 -12.0792079207921 508.968942083605
0.516 -18.9922480620155 489.976694021589
0.509 -6.48330058939096 483.493393432198
0.513 -10.7212475633528 472.772145868845
0.499 -9.4188376753507 463.353308193495
0.513 -4.87329434697856 458.480013846516
0.577 -2.25303292894281 456.226980917573
0.597 -7.53768844221106 448.689292475362
0.62 -3.2258064516129 445.463486023749
0.563 -7.63765541740675 437.825830606343
0.543 -8.28729281767956 429.538537788663
0.543 -10.1289134438306 419.409624344833
0.519 -20.2312138728324 399.178410472
0.508 -16.5354330708661 382.642977401134
0.45 -8.88888888888889 373.754088512245
0.51 -13.3333333333333 360.420755178912
0.478 -7.53138075313807 352.889374425774
0.486 -5.34979423868313 347.539580187091
0.508 -9.44881889763779 338.090761289453
0.474 -11.3924050632911 326.698356226162
0.484 -7.43801652892562 319.260339697236
0.521 -7.86948176583493 311.390857931401
0.448 1.78571428571429 313.176572217115
0.511 -2.93542074363992 310.241151473475
0.481 -2.28690228690229 307.954249186573
0.54 4.44444444444444 312.398693631018
0.524 -10.3053435114504 302.093350119567
0.527 -2.84629981024668 299.247050309321
0.518 11.969111969112 311.216162278433
0.549 7.10382513661202 318.319987415045
0.522 2.29885057471264 320.618837989757
0.529 -3.59168241965974 317.027155570098
0.48 -1.66666666666667 315.360488903431
0.548 13.5036496350365 328.864138538467
0.555 9.54954954954955 338.413688088017
0.528 0 338.413688088017
0.505 -1.78217821782178 336.631509870195
0.501 3.79241516966068 340.423925039856
0.499 -5.41082164328657 335.013103396569
0.572 -14.3356643356643 320.677439060905
0.551 -14.7005444646098 305.976894596295
0.525 5.52380952380952 311.500704120105
0.511 -8.02348336594912 303.477220754155
0.529 -6.23818525519849 297.239035498957
0.504 -15.0793650793651 282.159670419592
0.505 -7.32673267326733 274.832937746325
0.463 -9.71922246220302 265.113715284122
0.453 -2.86975717439294 262.243958109729
0.527 6.26185958254269 268.505817692271
0.5 -3.6 264.905817692271
0.546 -9.89010989010989 255.015707802161
0.502 2.39043824701195 257.406146049173
0.478 -7.53138075313807 249.874765296035
0.467 -4.06852248394004 245.806242812095
0.475 -5.26315789473684 240.543084917358
0.51 -1.56862745098039 238.974457466378
0.494 0.809716599190283 239.784174065568
0.541 -7.94824399260628 231.835930072962
0.511 -3.32681017612524 228.509119896837
0.481 -3.95010395010395 224.559015946733
0.541 -6.46950092421442 218.089515022518
0.493 -1.82555780933063 216.263957213188
0.505 -8.11881188118812 208.145145332
0.469 -19.4029850746269 188.742160257373
0.489 -16.9734151329243 171.768745124448
0.446 -8.07174887892377 163.696996245525
0.501 -16.9660678642715 146.730928381253
0.518 -4.63320463320463 142.097723748049
0.446 -11.6591928251121 130.438530922937
0.438 5.93607305936073 136.374603982297
0.528 0 136.374603982297
0.504 -23.015873015873 113.358730966424
0.471 -7.43099787685775 105.927733089566
0.471 -9.12951167728238 96.7982214122841
0.499 -11.8236472945892 84.9745741176949
0.533 -7.69230769230769 77.2822664253872
0.479 -4.80167014613779 72.4805962792494
0.526 -5.70342205323194 66.7771742260175
0.483 -7.66045548654244 59.1167187394751
0.479 0.208768267223382 59.3254870066984
0.493 -8.31643002028398 51.0090569864145
0.49 -3.26530612244898 47.7437508639655
0.48 -9.16666666666667 38.5770841972988
0.495 -5.85858585858586 32.718498338713
0.496 -8.06451612903226 24.6539822096807
0.476 0 24.6539822096807
0.488 -7.78688524590164 16.8670969637791
0.471 -15.9235668789809 0.943530084798165
0.447 -13.6465324384787 -12.7030023536806
0.46 -4.34782608695652 -17.0508284406371
0.478 -5.02092050209205 -22.0717489427292
0.483 -3.1055900621118 -25.177339004841
0.497 -1.40845070422535 -26.5857897090663
0.523 -4.39770554493308 -30.9834952539994
0.476 -17.2268907563025 -48.2103860103019
0.495 -7.47474747474747 -55.6851334850494
0.492 -13.8211382113821 -69.5062716964315
0.441 -7.93650793650794 -77.4427796329394
0.441 -2.49433106575964 -79.9371106986991
0.46 -0.869565217391304 -80.8066759160904
0.474 -2.53164556962025 -83.3383214857106
0.454 -5.2863436123348 -88.6246650980454
0.453 3.3112582781457 -85.3134068198997
0.481 -9.77130977130977 -95.0847165912095
0.478 -1.25523012552301 -96.3399467167325
0.472 -0.847457627118644 -97.1874043438512
0.492 -10.5691056910569 -107.756510034908
0.482 -7.05394190871369 -114.810451943622
0.462 -7.35930735930736 -122.169759302929
0.467 -18.2012847965739 -140.371044099503
0.434 -8.75576036866359 -149.126804468167
0.457 -4.15754923413567 -153.284353702302
0.415 -4.57831325301205 -157.862666955314
0.416 -1.92307692307692 -159.785743878391
0.474 -5.06329113924051 -164.849035017632
0.497 -6.63983903420523 -171.488874051837
0.502 -9.9601593625498 -181.449033414387
0.515 -0.58252427184466 -182.031557686231
0.412 -15.0485436893204 -197.080101375552
0.447 -21.7002237136465 -218.780325089198
0.421 -4.98812351543943 -223.768448604638
0.49 -4.48979591836735 -228.258244523005
0.482 -6.63900414937759 -234.897248672383
0.469 -10.0213219616205 -244.918570634003
0.512 -6.25 -251.168570634003
0.531 1.31826741996234 -249.850303214041
0.519 -0.192678227360308 -250.042981441401
0.5 -12.4 -262.442981441401
0.482 -12.8630705394191 -275.30605198082
0.51 -7.45098039215686 -282.757032372977
0.467 -3.21199143468951 -285.969023807667
0.486 -4.11522633744856 -290.084250145115
0.491 -9.57230142566191 -299.656551570777
0.482 -5.39419087136929 -305.050742442146
0.502 -6.77290836653386 -311.82365080868
0.503 -6.95825049701789 -318.781901305698
0.62 -3.2258064516129 -322.007707757311
0.571 0.875656742556918 -321.132051014754
0.472 -8.47457627118644 -329.606627285941
0.475 -8.21052631578947 -337.81715360173
0.475 -6.94736842105263 -344.764522022783
0.477 -16.1425576519916 -360.907079674774
0.506 -16.2055335968379 -377.112613271612
0.497 -10.6639839034205 -387.776597175033
0.535 0.186915887850467 -387.589681287182
0.53 -6.0377358490566 -393.627417136239
0.48 -11.25 -404.877417136239
0.521 -12.8598848368522 -417.737301973091
0.485 -6.39175257731959 -424.129054550411
0.522 -21.455938697318 -445.584993247729
0.477 -1.46750524109015 -447.052498488819
0.505 -1.38613861386139 -448.43863710268
0.476 0.420168067226891 -448.018469035453
0.489 -7.15746421267894 -455.175933248132
0.558 -5.73476702508961 -460.910700273222
0.49 -13.469387755102 -474.380088028324
0.533 0.562851782363977 -473.81723624596
0.499 -1.00200400801603 -474.819240253976
0.53 -10.9433962264151 -485.762636480391
0.475 -0.210526315789474 -485.973162796181
0.504 -0.396825396825397 -486.369988193006
0.505 -4.55445544554455 -490.92444363855
0.489 3.47648261758691 -487.447961020964
0.488 4.91803278688525 -482.529928234078
0.512 -6.640625 -489.170553234078
0.492 -5.28455284552845 -494.455106079607
0.542 -1.4760147601476 -495.931120839754
0.491 4.27698574338086 -491.654135096374
0.471 -4.03397027600849 -495.688105372382
0.523 -8.60420650095602 -504.292311873338
0.52 -5.76923076923077 -510.061542642569
0.508 -5.51181102362205 -515.573353666191
0.481 -9.35550935550935 -524.9288630217
0.595 -3.86554621848739 -528.794409240188
0.513 -0.194931773879142 -528.989341014067
0.463 -12.7429805615551 -541.732321575622
0.447 -22.5950782997763 -564.327399875398
0.466 -6.00858369098712 -570.335983566385
0.482 -10.3734439834025 -580.709427549788
0.488 -11.0655737704918 -591.77500132028
0.475 -10.7368421052632 -602.511843425543
0.477 -13.6268343815514 -616.138677807094
0.477 -1.46750524109015 -617.606183048184
0.5 -3.6 -621.206183048184
0.476 -7.14285714285714 -628.349040191041
0.51 1.96078431372549 -626.388255877316
0.415 -6.50602409638554 -632.894279973701
0.485 -12.9896907216495 -645.883970695351
0.468 -10.2564102564103 -656.140380951761
0.504 -8.33333333333333 -664.473714285095
0.477 -4.82180293501048 -669.295517220105
0.486 -12.3456790123457 -681.641196232451
0.469 -13.8592750533049 -695.500471285756
0.503 -6.56063618290258 -702.061107468658
0.499 -7.81563126252505 -709.876738731183
0.482 6.22406639004149 -703.652672341142
0.591 -5.92216582064298 -709.574838161785
0.509 0.589390962671906 -708.985447199113
0.546 -2.1978021978022 -711.183249396915
0.575 -2.95652173913043 -714.139771136045
0.579 -7.08117443868739 -721.220945574733
0.626 -7.66773162939297 -728.888677204126
0.64 5 -723.888677204126
0.608 -1.64473684210526 -725.533414046231
0.611 3.10965630114566 -722.423757745085
0.639 -7.66823161189358 -730.091989356979
0.636 -4.08805031446541 -734.180039671444
0.662 -0.604229607250755 -734.784269278695
0.575 0.173913043478261 -734.610356235217
0.582 -1.3745704467354 -735.984926681952
0.5 1.2 -734.784926681952
0.539 -1.2987012987013 -736.083627980654
0.597 1.17252931323283 -734.911098667421
0.624 7.69230769230769 -727.218790975113
0.631 14.1045958795563 -713.114195095557
0.602 2.32558139534884 -710.788613700208
0.648 6.79012345679012 -703.998490243418
0.653 10.260336906585 -693.738153336833
0.619 11.1470113085622 -682.591142028271
0.63 13.015873015873 -669.575269012398
0.581 3.95869191049914 -665.616577101898
0.597 6.19765494137353 -659.418922160525
0.52 4.61538461538461 -654.80353754514
0.519 -4.81695568400771 -659.620493229148
0.436 -6.88073394495413 -666.501227174102
0.496 -6.45161290322581 -672.952840077328
0.525 -6.28571428571429 -679.238554363042
0.464 -5.17241379310345 -684.410968156146
0.453 -5.07726269315673 -689.488230849302
0.477 -11.1111111111111 -700.599341960414
0.468 -5.55555555555556 -706.154897515969
0.466 -3.43347639484979 -709.588373910819
0.446 -2.69058295964126 -712.27895687046
0.439 -8.88382687927107 -721.162783749731
0.452 -7.9646017699115 -729.127385519643
0.46 -6.95652173913043 -736.083907258773
0.493 -4.25963488843813 -740.343542147211
0.491 -7.53564154786151 -747.879183695073
0.433 4.38799076212471 -743.491192932948
0.455 0.659340659340659 -742.831852273607
0.437 3.89016018306636 -738.941692090541
0.456 1.75438596491228 -737.187306125629
0.418 -5.26315789473684 -742.450464020366
0.454 -1.76211453744493 -744.212578557811
0.442 -2.71493212669683 -746.927510684507
0.454 -7.48898678414097 -754.416497468648
0.464 -9.48275862068965 -763.899256089338
0.467 -10.0642398286938 -773.963495918032
0.446 0.896860986547085 -773.066634931485
0.431 5.80046403712297 -767.266170894362
0.406 11.3300492610837 -755.936121633278
0.409 -5.13447432762836 -761.070595960906
0.397 -17.3803526448363 -778.450948605743
0.414 -2.89855072463768 -781.34949933038
0.426 -6.57276995305164 -787.922269283432
0.471 -18.0467091295117 -805.968978412944
0.429 -10.4895104895105 -816.458488902454
0.508 -7.48031496062992 -823.938803863084
0.491 -7.12830957230143 -831.067113435385
0.457 -4.59518599562363 -835.662299431009
0.497 -2.21327967806841 -837.875579109078
0.491 -7.94297352342159 -845.818552632499
0.491 -8.35030549898167 -854.168858131481
0.475 -9.89473684210526 -864.063594973586
0.57 -7.36842105263158 -871.432016026218
0.47 -15.7446808510638 -887.176696877281
0.494 -4.04858299595142 -891.225279873233
0.509 -14.3418467583497 -905.567126631583
0.471 -1.06157112526539 -906.628697756848
0.498 -0.803212851405622 -907.431910608254
0.511 -6.0665362035225 -913.498446811776
0.483 1.0351966873706 -912.463250124405
0.482 -2.9045643153527 -915.367814439758
0.518 -11.1969111969112 -926.564725636669
0.514 -6.6147859922179 -933.179511628887
0.548 -5.10948905109489 -938.289000679982
0.481 -8.52390852390852 -946.812909203891
0.501 -16.9660678642715 -963.778977068162
0.481 -3.11850311850312 -966.897480186665
0.499 -3.0060120240481 -969.903492210713
0.467 -15.6316916488223 -985.535183859536
0.48 -11.6666666666667 -997.201850526202
0.47 -11.063829787234 -1008.26568031344
0.459 4.57516339869281 -1003.69051691474
0.506 -11.4624505928854 -1015.15296750763
0.454 -18.942731277533 -1034.09569878516
0.521 -9.40499040307102 -1043.50068918823
0.492 -10.9756097560976 -1054.47629894433
0.445 -7.86516853932584 -1062.34146748366
0.498 -14.859437751004 -1077.20090523466
0.45 -14.6666666666667 -1091.86757190133
0.516 -6.2015503875969 -1098.06912228892
0.492 -7.72357723577236 -1105.7926995247
0.482 -15.7676348547718 -1121.56033437947
0.484 -12.8099173553719 -1134.37025173484
0.462 -7.35930735930736 -1141.72955909415
0.475 -12.4210526315789 -1154.15061172573
0.478 -12.5523012552301 -1166.70291298096
0.488 -6.14754098360656 -1172.85045396456
0.472 -13.9830508474576 -1186.83350481202
0.491 -12.4236252545825 -1199.2571300666
0.473 -13.3192389006343 -1212.57636896724
0.475 -5.26315789473684 -1217.83952686197
0.45 -6.66666666666667 -1224.50619352864
0.479 -20.2505219206681 -1244.75671544931
0.495 -9.49494949494949 -1254.25166494426
0.481 -4.36590436590437 -1258.61756931016
0.481 -11.4345114345114 -1270.05208074467
0.477 -8.17610062893082 -1278.2281813736
0.524 -8.77862595419847 -1287.0068073278
0.495 -6.66666666666667 -1293.67347399447
0.485 -19.1752577319588 -1312.84873172643
0.502 -9.56175298804781 -1322.41048471448
0.469 -6.60980810234542 -1329.02029281682
0.495 -15.1515151515152 -1344.17180796834
0.477 -12.7882599580713 -1356.96006792641
0.482 -11.6182572614108 -1368.57832518782
0.488 -5.32786885245902 -1373.90619404028
0.496 -7.25806451612903 -1381.16425855641
0.485 -4.32989690721649 -1385.49415546362
0.489 1.43149284253579 -1384.06266262109
0.509 2.94695481335953 -1381.11570780773
0.465 -3.65591397849462 -1384.77162178622
0.495 -9.8989898989899 -1394.67061168521
0.461 -8.45986984815618 -1403.13048153337
0.462 -2.5974025974026 -1405.72788413077
0.486 -13.9917695473251 -1419.7196536781
0.491 -5.4989816700611 -1425.21863534816
0.492 -7.31707317073171 -1432.53570851889
0.46 -12.6086956521739 -1445.14440417106
0.464 -10.3448275862069 -1455.48923175727
0.45 -8.44444444444444 -1463.93367620172
0.437 -6.63615560640732 -1470.56983180812
0.467 -13.0620985010707 -1483.63193030919
0.456 -5.70175438596491 -1489.33368469516
0.448 -8.92857142857143 -1498.26225612373
0.451 -13.0820399113082 -1511.34429603504
0.46 -7.39130434782609 -1518.73560038286
0.465 -16.989247311828 -1535.72484769469
0.499 -9.01803607214429 -1544.74288376684
0.5 -1.6 -1546.34288376684
0.499 -4.20841683366733 -1550.5513006005
0.499 -11.8236472945892 -1562.37494789509
0.495 -17.1717171717172 -1579.54666506681
0.461 -15.8351409978308 -1595.38180606464
0.454 -14.9779735682819 -1610.35977963292
0.482 -5.80912863070539 -1616.16890826363
0.49 -2.04081632653061 -1618.20972459016
0.51 -5.49019607843137 -1623.69992066859
0.5 -8 -1631.69992066859
0.456 -7.89473684210526 -1639.5946575107
0.51 -13.7254901960784 -1653.32014770677
0.478 -7.53138075313807 -1660.85152845991
0.518 -6.56370656370656 -1667.41523502362
0.461 -15.4013015184382 -1682.81653654206
0.48 -2.91666666666667 -1685.73320320872
0.503 -14.9105367793241 -1700.64373998805
0.493 -10.3448275862069 -1710.98856757425
0.462 -7.79220779220779 -1718.78077536646
0.492 -3.65853658536585 -1722.43931195183
0.511 -0.587084148727984 -1723.02639610056
0.457 -10.2844638949672 -1733.31085999552
0.519 -5.58766859344894 -1738.89852858897
0.499 -7.41482965931864 -1746.31335824829
0.509 -6.8762278978389 -1753.18958614613
0.518 -9.26640926640927 -1762.45599541254
0.518 -5.01930501930502 -1767.47530043184
0.522 1.14942528735632 -1766.32587514449
0.499 -11.4228456913828 -1777.74872083587
0.527 0.189753320683112 -1777.55896751519
0.471 -8.70488322717622 -1786.26385074236
0.5 2.4 -1783.86385074236
0.477 -2.72536687631027 -1786.58921761867
0.485 -6.80412371134021 -1793.39334133001
0.466 -2.14592274678112 -1795.53926407679
0.503 4.17495029821074 -1791.36431377858
0.5 -13.6 -1804.96431377858
0.556 -12.589928057554 -1817.55424183614
0.558 6.09318996415771 -1811.46105187198
0.564 -3.19148936170213 -1814.65254123368
0.484 -9.91735537190083 -1824.56989660558
0.501 1.39720558882236 -1823.17269101676
0.464 -9.91379310344828 -1833.08648412021
0.483 -4.34782608695652 -1837.43431020717
0.499 -0.601202404809619 -1838.03551261198
0.514 -3.89105058365759 -1841.92656319563
0.517 -7.93036750483559 -1849.85693070047
0.504 -7.14285714285714 -1856.99978784333
0.538 0 -1856.99978784333
0.511 2.93542074363992 -1854.06436709969
0.538 -4.83271375464684 -1858.89708085433
0.525 -1.71428571428571 -1860.61136656862
0.467 -1.49892933618844 -1862.11029590481
0.491 -2.64765784114053 -1864.75795374595
0.573 0.87260034904014 -1863.88535339691
0.577 2.94627383015598 -1860.93907956675
0.514 -7.00389105058366 -1867.94297061733
0.501 -14.9700598802395 -1882.91303049757
0.511 -2.93542074363992 -1885.84845124121
0.523 -12.4282982791587 -1898.27674952037
0.5 -11.2 -1909.47674952037
0.478 -5.43933054393305 -1914.91608006431
0.478 -2.51046025104602 -1917.42654031535
0.481 -6.02910602910603 -1923.45564634446
0.503 2.5844930417495 -1920.87115330271
0.522 -7.27969348659004 -1928.1508467893
0.528 -7.57575757575758 -1935.72660436506
0.478 2.09205020920502 -1933.63455415585
0.532 -3.00751879699248 -1936.64207295284
0.504 -5.15873015873016 -1941.80080311157
0.497 1.40845070422535 -1940.39235240735
0.525 -2.0952380952381 -1942.48759050259
0.501 -6.187624750499 -1948.67521525309
0.508 -0.78740157480315 -1949.46261682789
0.485 -1.03092783505155 -1950.49354466294
0.483 -0.62111801242236 -1951.11466267536
0.487 -4.31211498973306 -1955.4267776651
0.517 -8.31721470019342 -1963.74399236529
0.478 -8.78661087866109 -1972.53060324395
0.49 6.12244897959184 -1966.40815426436
0.493 3.85395537525355 -1962.5541988891
0.47 -8.51063829787234 -1971.06483718698
0.514 -1.16731517509728 -1972.23215236207
0.491 3.05498981670061 -1969.17716254537
0.491 -3.46232179226069 -1972.63948433763
0.498 3.6144578313253 -1969.02502650631
0.545 -2.01834862385321 -1971.04337513016
0.479 -6.47181628392484 -1977.51519141409
0.515 2.13592233009709 -1975.37926908399
0.496 3.2258064516129 -1972.15346263238
0.49 -1.22448979591837 -1973.3779524283
0.459 -3.7037037037037 -1977.081656132
0.479 -3.54906054279749 -1980.6307166748
0.522 6.89655172413793 -1973.73416495066
0.494 10.1214574898785 -1963.61270746078
0.5 0.8 -1962.81270746078
0.511 3.71819960861057 -1959.09450785217
0.475 -7.36842105263158 -1966.4629289048
0.538 4.83271375464684 -1961.63021515015
0.573 0.523560209424084 -1961.10665494073
0.554 -6.49819494584838 -1967.60484988658
0.491 -1.83299389002037 -1969.4378437766
0.486 8.64197530864197 -1960.79586846796
0.46 -6.95652173913043 -1967.75239020709
0.522 6.51340996168582 -1961.2389802454
0.501 1.39720558882236 -1959.84177465658
0.503 2.98210735586481 -1956.85966730071
0.465 -7.09677419354839 -1963.95644149426
0.479 0.626304801670146 -1963.33013669259
0.475 1.89473684210526 -1961.43539985049
0.542 -2.2140221402214 -1963.64942199071
0.516 -1.55038759689922 -1965.19980958761
0.503 1.39165009940358 -1963.8081594882
0.481 -5.61330561330561 -1969.42146510151
0.492 -4.8780487804878 -1974.299513882
0.486 0.823045267489712 -1973.47646861451
0.456 8.33333333333333 -1965.14313528117
0.481 4.78170478170478 -1960.36143049947
0.49 6.12244897959184 -1954.23898151988
0.483 0.62111801242236 -1953.61786350746
0.492 -4.0650406504065 -1957.68290415786
0.493 9.93914807302231 -1947.74375608484
0.496 -3.62903225806452 -1951.3727883429
0.508 -0.78740157480315 -1952.16018991771
0.513 14.2300194931774 -1937.93017042453
0.546 10.989010989011 -1926.94115943552
0.543 6.44567219152855 -1920.49548724399
0.493 13.5902636916836 -1906.90522355231
0.506 7.11462450592885 -1899.79059904638
0.521 7.86948176583493 -1891.92111728054
0.529 12.2873345935728 -1879.63378268697
0.505 5.74257425742574 -1873.89120842954
0.478 8.78661087866109 -1865.10459755088
0.559 3.7567084078712 -1861.34788914301
0.519 4.04624277456647 -1857.30164636845
0.555 6.30630630630631 -1850.99534006214
0.494 0.404858299595142 -1850.59048176254
0.545 0.917431192660551 -1849.67305056988
0.472 12.2881355932203 -1837.38491497666
0.462 -2.16450216450216 -1839.54941714117
0.524 -4.58015267175572 -1844.12956981292
0.532 3.7593984962406 -1840.37017131668
0.403 6.20347394540943 -1834.16669737127
0.397 14.8614609571788 -1819.30523641409
0.371 2.96495956873315 -1816.34027684536
0.405 -6.17283950617284 -1822.51311635153
0.44 -10.9090909090909 -1833.42220726062
0.504 -8.73015873015873 -1842.15236599078
0.463 -2.37580993520518 -1844.52817592599
0.494 -2.83400809716599 -1847.36218402315
0.447 3.35570469798658 -1844.00647932517
0.555 1.26126126126126 -1842.74521806391
0.517 0.193423597678917 -1842.55179446623
0.537 7.26256983240223 -1835.28922463382
0.532 0 -1835.28922463382
0.526 -3.04182509505703 -1838.33104972888
0.513 13.4502923976608 -1824.88075733122
0.489 -7.15746421267894 -1832.0382215439
0.537 3.91061452513966 -1828.12760701876
0.505 -2.57425742574257 -1830.7018644445
0.504 -0.396825396825397 -1831.09868984133
0.475 -3.57894736842105 -1834.67763720975
0.477 -2.30607966457023 -1836.98371687432
0.509 -4.91159135559921 -1841.89530822992
0.54 2.22222222222222 -1839.6730860077
0.543 2.02578268876611 -1837.64730331893
0.466 8.15450643776824 -1829.49279688116
0.484 4.13223140495868 -1825.3605654762
0.489 -0.204498977505112 -1825.56506445371
0.495 -5.85858585858586 -1831.42365031229
0.478 6.69456066945607 -1824.72908964284
0.51 2.74509803921569 -1821.98399160362
0.514 -3.11284046692607 -1825.09683207055
0.456 2.19298245614035 -1822.90384961441
0.497 3.01810865191147 -1819.8857409625
0.549 9.2896174863388 -1810.59612347616
0.522 1.53256704980843 -1809.06355642635
0.547 -0.182815356489945 -1809.24637178284
0.493 9.53346855983773 -1799.712903223
0.481 2.7027027027027 -1797.0102005203
0.495 -2.22222222222222 -1799.23242274252
0.45 3.55555555555556 -1795.67686718697
0.545 -6.78899082568807 -1802.46585801265
0.509 -0.982318271119843 -1803.44817628377
0.487 7.59753593429158 -1795.85064034948
0.53 9.05660377358491 -1786.7940365759
0.646 -11.7647058823529 -1798.55874245825
0.508 8.66141732283465 -1789.89732513542
0.498 6.02409638554217 -1783.87322874987
0.503 10.5367793240557 -1773.33644942582
0.535 -17.7570093457944 -1791.09345877161
0.522 0 -1791.09345877161
0.503 8.15109343936382 -1782.94236533225
0.49 3.26530612244898 -1779.6770592098
0.492 7.31707317073171 -1772.35998603907
0.52 -0.769230769230769 -1773.1292168083
0.488 0.819672131147541 -1772.30954467715
0.498 7.63052208835341 -1764.6790225888
0.499 7.01402805611222 -1757.66499453268
0.501 1.39720558882236 -1756.26778894386
0.561 0.53475935828877 -1755.73302958557
0.481 4.78170478170478 -1750.95132480387
0.477 1.88679245283019 -1749.06453235104
0.477 -0.628930817610063 -1749.69346316865
0.487 7.59753593429158 -1742.09592723436
0.508 5.11811023622047 -1736.97781699814
0.544 0.735294117647059 -1736.24252288049
0.526 6.08365019011407 -1730.15887269038
0.514 3.11284046692607 -1727.04603222345
0.533 -2.4390243902439 -1729.48505661369
0.529 0.945179584120983 -1728.53987702957
0.486 8.23045267489712 -1720.30942435468
0.489 9.20245398773006 -1711.10697036695
0.524 4.19847328244275 -1706.9084970845
0.584 3.42465753424658 -1703.48383955026
0.511 10.3718199608611 -1693.11201958939
0.498 2.00803212851406 -1691.10398746088
0.512 5.46875 -1685.63523746088
0.545 5.32110091743119 -1680.31413654345
0.558 5.73476702508961 -1674.57936951836
0.563 3.01953818827709 -1671.55983133008
0.516 6.97674418604651 -1664.58308714404
0.531 -1.31826741996234 -1665.901354564
0.555 4.86486486486486 -1661.03648969913
0.569 7.20562390158172 -1653.83086579755
0.571 -2.62697022767075 -1656.45783602522
0.601 7.15474209650582 -1649.30309392872
0.518 0.386100386100386 -1648.91699354262
0.596 4.36241610738255 -1644.55457743523
0.51 2.74509803921569 -1641.80947939602
0.509 10.4125736738703 -1631.39690572215
0.473 8.24524312896406 -1623.15166259318
0.513 -7.21247563352826 -1630.36413822671
0.509 12.770137524558 -1617.59400070215
0.522 9.19540229885057 -1608.3985984033
0.521 5.95009596928983 -1602.44850243401
0.523 2.86806883365201 -1599.58043360036
0.5 6.8 -1592.78043360036
0.471 1.06157112526539 -1591.7188624751
0.591 3.21489001692047 -1588.50397245818
0.498 10.8433734939759 -1577.6605989642
0.489 8.79345603271984 -1568.86714293148
0.509 6.09037328094303 -1562.77676965054
0.52 9.23076923076923 -1553.54600041977
0.433 6.23556581986143 -1547.31043459991
0.455 7.25274725274725 -1540.05768734716
0.477 5.24109014675052 -1534.81659720041
0.483 13.871635610766 -1520.94496158964
0.525 12.7619047619048 -1508.18305682774
0.535 15.1401869158879 -1493.04286991185
0.56 0.357142857142857 -1492.68572705471
0.563 5.50621669626998 -1487.17951035844
0.509 10.0196463654224 -1477.15986399302
0.521 6.71785028790787 -1470.44201370511
0.578 7.95847750865052 -1462.48353619646
0.54 11.1111111111111 -1451.37242508535
0.574 2.09059233449477 -1449.28183275085
0.574 6.27177700348432 -1443.01005574737
0.475 8.21052631578947 -1434.79952943158
0.492 7.31707317073171 -1427.48245626085
0.448 7.14285714285714 -1420.33959911799
0.433 1.15473441108545 -1419.1848647069
0.465 1.0752688172043 -1418.1095958897
0.444 -2.25225225225225 -1420.36184814195
0.434 -0.460829493087558 -1420.82267763504
0.48 7.5 -1413.32267763504
0.482 -2.0746887966805 -1415.39736643172
0.558 1.7921146953405 -1413.60525173638
0.556 0.359712230215827 -1413.24553950616
0.552 2.89855072463768 -1410.34698878152
0.577 -2.59965337954939 -1412.94664216107
0.539 -0.185528756957328 -1413.13217091803
0.535 2.80373831775701 -1410.32843260027
0.525 -9.71428571428571 -1420.04271831456
0.505 -4.95049504950495 -1424.99321336407
0.533 0.562851782363977 -1424.4303615817
0.523 8.22179732313576 -1416.20856425857
0.558 -0.3584229390681 -1416.56698719763
0.581 7.40103270223752 -1409.1659544954
0.533 0.562851782363977 -1408.60310271303
0.592 -1.68918918918919 -1410.29229190222
0.519 0.963391136801541 -1409.32890076542
0.484 -1.2396694214876 -1410.56857018691
0.511 11.9373776908023 -1398.6311924961
0.54 7.03703703703704 -1391.59415545907
0.512 0 -1391.59415545907
0.518 8.10810810810811 -1383.48604735096
0.581 12.5645438898451 -1370.92150346111
0.508 7.48031496062992 -1363.44118850048
0.499 5.01002004008016 -1358.4311684604
0.509 9.62671905697446 -1348.80444940343
0.473 -1.90274841437632 -1350.70719781781
0.557 9.51526032315978 -1341.19193749465
0.519 2.89017341040462 -1338.30176408424
0.549 8.92531876138434 -1329.37644532286
0.493 3.04259634888438 -1326.33384897397
0.502 7.56972111553785 -1318.76412785844
0.499 1.80360721442886 -1316.96052064401
0.523 7.07456978967495 -1309.88595085433
0.477 6.49895178197065 -1303.38699907236
0.484 6.19834710743802 -1297.18865196492
0.491 1.0183299389002 -1296.17032202602
0.514 14.0077821011673 -1282.16253992486
0.539 3.8961038961039 -1278.26643602875
0.427 10.5386416861827 -1267.72779434257
0.485 5.56701030927835 -1262.16078403329
0.51 0.392156862745098 -1261.76862717055
0.508 12.5984251968504 -1249.17020197369
0.51 8.23529411764706 -1240.93490785605
0.509 2.16110019646365 -1238.77380765958
0.507 4.14201183431953 -1234.63179582526
0.482 -4.9792531120332 -1239.6110489373
0.507 -2.9585798816568 -1242.56962881895
0.467 2.78372591006424 -1239.78590290889
0.574 6.96864111498258 -1232.81726179391
0.492 6.91056910569106 -1225.90669268822
0.485 6.80412371134021 -1219.10256897688
0.498 9.23694779116466 -1209.86562118571
0.516 11.2403100775194 -1198.62531110819
0.493 1.82555780933063 -1196.79975329886
0.489 10.4294478527607 -1186.3703054461
0.502 13.5458167330677 -1172.82448871303
0.459 15.4684095860566 -1157.35607912698
0.504 5.15873015873016 -1152.19734896825
0.461 12.3644251626898 -1139.83292380556
0.464 9.91379310344828 -1129.91913070211
0.551 11.4337568058076 -1118.4853738963
0.507 17.1597633136095 -1101.32561058269
0.491 5.09164969450102 -1096.23396088819
0.483 18.4265010351967 -1077.80745985299
0.524 20.2290076335878 -1057.57845221941
0.486 15.2263374485597 -1042.35211477085
0.525 6.28571428571429 -1036.06640048513
0.452 5.75221238938053 -1030.31418809575
0.495 7.07070707070707 -1023.24348102504
0.502 16.7330677290837 -1006.51041329596
0.524 11.0687022900763 -995.441711005884
0.483 -3.1055900621118 -998.547301067996
0.499 6.61322645290581 -991.93407461509
0.479 6.88935281837161 -985.044721796719
0.529 1.70132325141777 -983.343398545301
0.607 0.494233937397035 -982.849164607904
0.513 8.38206627680312 -974.467098331101
0.507 4.93096646942801 -969.536131861673
0.483 4.76190476190476 -964.774227099768
0.495 15.1515151515152 -949.622711948253
0.474 8.86075949367089 -940.761952454582
0.496 4.43548387096774 -936.326468583614
0.475 7.78947368421053 -928.536994899404
0.49 10.2040816326531 -918.332913266751
0.433 9.00692840646651 -909.325984860284
0.475 7.78947368421053 -901.536511176074
0.448 13.8392857142857 -887.697225461788
0.485 4.74226804123711 -882.954957420551
0.468 13.6752136752137 -869.279743745337
0.5 5.2 -864.079743745337
0.489 15.3374233128834 -848.742320432454
0.489 10.0204498977505 -838.721870534703
0.477 12.7882599580713 -825.933610576632
0.478 21.7573221757322 -804.1762884009
0.517 18.7620889748549 -785.414199426045
0.505 8.11881188118812 -777.295387544857
0.45 7.11111111111111 -770.184276433746
0.52 3.07692307692308 -767.107353356823
0.484 15.702479338843 -751.40487401798
0.465 14.8387096774194 -736.56616434056
0.529 1.70132325141777 -734.864841089142
0.494 12.9554655870445 -721.909375502098
0.527 8.91840607210626 -712.990969429992
0.489 4.29447852760736 -708.696490902384
0.495 11.9191919191919 -696.777298983192
0.527 5.12333965844402 -691.653959324748
0.468 3.41880341880342 -688.235155905945
0.515 7.96116504854369 -680.273990857401
0.529 13.421550094518 -666.852440762883
0.491 9.979633401222 -656.872807361661
0.523 1.33843212237094 -655.53437523929
0.511 5.28375733855186 -650.250617900738
0.509 5.69744597249509 -644.553171928243
0.513 7.21247563352826 -637.340696294715
0.514 7.78210116731517 -629.5585951274
0.458 9.17030567685589 -620.388289450544
0.55 3.63636363636364 -616.75192581418
0.529 3.59168241965974 -613.160243394521
0.509 8.84086444007858 -604.319378954442
0.502 3.98406374501992 -600.335315209422
0.502 2.78884462151394 -597.546470587908
0.49 -0.408163265306122 -597.954633853214
0.472 12.7118644067797 -585.242769446435
0.536 4.85074626865672 -580.392023177778
0.501 2.19560878243513 -578.196414395343
0.505 3.76237623762376 -574.434038157719
0.496 -3.62903225806452 -578.063070415784
0.478 -0.836820083682008 -578.899890499466
0.501 2.59481037924152 -576.305080120224
0.443 3.38600451467269 -572.919075605551
0.478 0.418410041841004 -572.50066556371
0.445 17.3033707865169 -555.197294777194
0.463 1.9438444924406 -553.253450284753
0.485 -0.206185567010309 -553.459635851763
0.476 -1.26050420168067 -554.720140053444
0.468 -10.2564102564103 -564.976550309854
0.51 -4.70588235294118 -569.682432662795
0.49 0 -569.682432662795
0.474 6.75105485232068 -562.931377810475
0.458 9.60698689956332 -553.324390910911
0.499 -1.00200400801603 -554.326394918927
0.489 4.29447852760736 -550.03191639132
0.488 3.27868852459016 -546.75322786673
0.455 3.73626373626374 -543.016964130466
0.497 8.24949698189135 -534.767467148575
0.489 8.38445807770961 -526.383009070865
0.473 11.6279069767442 -514.755102094121
0.506 13.0434782608696 -501.711623833251
0.463 16.6306695464363 -485.080954286815
0.447 9.17225950782998 -475.908694778985
0.488 12.7049180327869 -463.203776746198
0.506 12.2529644268775 -450.950812319321
0.508 17.3228346456693 -433.627977673652
0.489 13.2924335378323 -420.335544135819
0.498 15.6626506024096 -404.67289353341
0.465 10.9677419354839 -393.705151597926
0.479 12.3173277661795 -381.387823831746
0.443 8.80361173814898 -372.584212093597
0.475 10.7368421052632 -361.847369988334
0.515 7.18446601941748 -354.662903968917
0.471 3.60934182590234 -351.053562143014
0.477 6.49895178197065 -344.554610361044
0.461 11.9305856832972 -332.624024677746
0.511 13.894324853229 -318.729699824517
0.499 8.61723446893788 -310.11246535558
0.504492939666239 13.4860050890585 -296.626460266521
