gc_content gc_skew gc_culm
0.537 -9.49720670391062 -9.49720670391062
0.528 -3.03030303030303 -12.5275097342136
0.524 -4.58015267175572 -17.1076624059694
0.535 -5.04672897196262 -22.154391377932
0.499 -5.01002004008016 -27.1644114180121
0.487 -5.13347022587269 -32.2978816438848
0.53 -1.88679245283019 -34.184674096715
0.545 1.65137614678899 -32.533297949926
0.475 -4 -36.533297949926
0.52 -11.9230769230769 -48.456374873003
0.503 3.77733598409543 -44.6790388889075
0.555 -8.10810810810811 -52.7871469970156
0.555 -4.5045045045045 -57.2916515015201
0.562 -12.0996441281139 -69.391295629634
0.515 -4.85436893203883 -74.2456645616729
0.557 -14.5421903052065 -88.7878548668793
0.526 -11.0266159695817 -99.8144708364611
0.569 2.63620386643234 -97.1782669700287
0.533 -1.31332082551595 -98.4915877955447
0.517 -2.90135396518375 -101.392941760728
0.526 -7.98479087452472 -109.377732635253
0.512 -9.765625 -119.143357635253
0.578 -4.49826989619377 -123.641627531447
0.529 -2.83553875236295 -126.47716628381
0.505 -9.30693069306931 -135.784096976879
0.471 -4.03397027600849 -139.818067252888
0.561 -6.23885918003565 -146.056926432923
0.539 -5.00927643784787 -151.066202870771
0.529 -3.96975425330813 -155.035957124079
0.491 -12.4236252545825 -167.459582378662
0.485 -11.340206185567 -178.799788564229
0.523 -14.7227533460803 -193.522541910309
0.49 -10.6122448979592 -204.134786808268
0.526 -15.2091254752852 -219.343912283553
0.547 -15.5393053016453 -234.883217585199
0.49 -8.16326530612245 -243.046482891321
0.499 -7.41482965931864 -250.46131255064
0.484 -2.47933884297521 -252.940651393615
0.503 -1.39165009940358 -254.332301493019
0.525 -3.61904761904762 -257.951349112066
0.521 -2.87907869481766 -260.830427806884
0.523 -6.69216061185468 -267.522588418739
0.513 -0.584795321637427 -268.107383740376
0.542 -7.74907749077491 -275.856461231151
0.524 -4.58015267175572 -280.436613902907
0.563 -13.3214920071048 -293.758105910012
0.543 -2.76243093922652 -296.520536849238
0.511 -1.36986301369863 -297.890399862937
0.625 -18.72 -316.610399862937
0.515 -6.01941747572816 -322.629817338665
0.496 -6.85483870967742 -329.484656048342
0.57 -2.80701754385965 -332.291673592202
0.526 -6.08365019011407 -338.375323782316
0.523 -4.39770554493308 -342.773029327249
0.54 -4.44444444444444 -347.217473771693
0.524 -9.9236641221374 -357.141137893831
0.481 -1.87110187110187 -359.012239764933
0.44 -0.909090909090909 -359.921330674024
0.525 -7.04761904761905 -366.968949721643
0.514 -3.11284046692607 -370.081790188569
0.535 -8.41121495327103 -378.49300514184
0.542 -11.070110701107 -389.563115842947
0.546 -13.9194139194139 -403.482529762361
0.559 -1.61001788908766 -405.092547651448
0.517 -12.1856866537718 -417.27823430522
0.539 -11.317254174397 -428.595488479617
0.502 -1.19521912350598 -429.790707603123
0.483 -10.5590062111801 -440.349713814303
0.518 -6.56370656370656 -446.91342037801
0.487 1.84804928131417 -445.065371096696
0.519 -8.67052023121387 -453.73589132791
0.533 -1.31332082551595 -455.049212153425
0.504 -7.93650793650794 -462.985720089933
0.498 -9.63855421686747 -472.624274306801
0.514 -5.44747081712062 -478.071745123922
0.609 -2.79146141215107 -480.863206536073
0.537 -14.3389199255121 -495.202126461585
0.514 -2.72373540856031 -497.925861870145
0.537 -6.51769087523277 -504.443552745378
0.557 -7.00179533213645 -511.445348077514
0.584 -2.05479452054795 -513.500142598062
0.533 -4.69043151969981 -518.190574117762
0.514 -10.8949416342412 -529.085515752003
0.525 -11.2380952380952 -540.323610990098
0.555 -9.90990990990991 -550.233520900008
0.516 -7.36434108527132 -557.59786198528
0.494 -7.69230769230769 -565.290169677587
0.543 -17.4953959484346 -582.785565626022
0.544 -3.67647058823529 -586.462036214257
0.536 -11.1940298507463 -597.656066065004
0.479 -7.30688935281837 -604.962955417822
0.54 -15.1851851851852 -620.148140603007
0.539 -5.75139146567718 -625.899532068684
0.508 -7.48031496062992 -633.379847029314
0.462 -16.4502164502165 -649.830063479531
0.498 -9.63855421686747 -659.468617696398
0.532 -7.5187969924812 -666.987414688879
0.436 -0.917431192660551 -667.90484588154
0.506 -3.95256916996047 -671.8574150515
0.543 -8.65561694290976 -680.51303199441
0.55 -1.45454545454545 -681.967577448956
0.52 1.15384615384615 -680.813731295109
0.538 -9.29368029739777 -690.107411592507
0.552 -3.26086956521739 -693.368281157725
0.542 -9.22509225092251 -702.593373408647
0.506 -11.8577075098814 -714.451080918529
0.52 -5 -719.451080918529
0.552 -5.79710144927536 -725.248182367804
0.507 -12.0315581854043 -737.279740553208
0.495 -7.07070707070707 -744.350447623915
0.531 -8.09792843691149 -752.448376060827
0.525 0.571428571428571 -751.876947489398
0.536 -10.0746268656716 -761.95157435507
0.538 -5.94795539033457 -767.899529745404
0.52 -10.7692307692308 -778.668760514635
0.55 -2.90909090909091 -781.577851423726
0.525 -13.1428571428571 -794.720708566583
0.567 -11.4638447971781 -806.184553363761
0.504 -9.52380952380952 -815.708362887571
0.511 -9.19765166340509 -824.906014550976
0.542 -1.8450184501845 -826.751033001161
0.511 -2.93542074363992 -829.6864537448
0.526 -6.08365019011407 -835.770103934914
0.547 -7.86106032906764 -843.631164263982
0.522 -7.27969348659004 -850.910857750572
0.533 -13.6960600375235 -864.606917788096
0.525 -3.61904761904762 -868.225965407143
0.513 -11.8908382066277 -880.116803613771
0.435 -8.04597701149425 -888.162780625265
0.428 -5.14018691588785 -893.302967541153
0.469 -12.1535181236674 -905.45648566482
0.453 -16.5562913907285 -922.012777055549
0.521 0.575815738963532 -921.436961316585
0.546 1.46520146520147 -919.971759851384
0.546 2.93040293040293 -917.041356920981
0.541 -1.29390018484288 -918.335257105824
0.458 -16.1572052401747 -934.492462345999
0.51 -5.88235294117647 -940.374815287175
0.509 -0.589390962671906 -940.964206249847
0.584 0 -940.964206249847
0.525 -4.38095238095238 -945.345158630799
0.514 -11.6731517509728 -957.018310381772
0.565 -7.61061946902655 -964.628929850799
0.578 -0.692041522491349 -965.32097137329
0.585 -3.93162393162393 -969.252595304914
0.554 -1.44404332129964 -970.696638626213
0.525 5.52380952380952 -965.172829102404
0.522 -1.53256704980843 -966.705396152212
0.565 -1.5929203539823 -968.298316506195
0.488 -15.5737704918033 -983.872086997998
0.569 -1.93321616871705 -985.805303166715
0.564 -6.02836879432624 -991.833671961041
0.574 0 -991.833671961041
0.566 -7.42049469964664 -999.254166660688
0.506 -3.55731225296443 -1002.81147891365
0.535 -2.80373831775701 -1005.61521723141
0.528 -10.9848484848485 -1016.60006571626
0.548 -9.48905109489051 -1026.08911681115
0.556 -5.75539568345324 -1031.8445124946
0.516 -1.55038759689922 -1033.3949000915
0.549 -7.83242258652095 -1041.22732267802
0.528 -6.06060606060606 -1047.28792873863
0.529 -9.26275992438563 -1056.55068866301
0.546 -3.66300366300366 -1060.21369232602
0.546 -5.12820512820513 -1065.34189745422
0.524 2.29007633587786 -1063.05182111834
0.561 -3.74331550802139 -1066.79513662637
0.549 -4.18943533697632 -1070.98457196334
0.534 -5.2434456928839 -1076.22801765623
0.518 -3.08880308880309 -1079.31682074503
0.52 -7.69230769230769 -1087.00912843734
0.574 -2.4390243902439 -1089.44815282758
0.524 -8.3969465648855 -1097.84509939247
0.535 -11.0280373831776 -1108.87313677564
0.485 -3.09278350515464 -1111.9659202808
0.558 -5.37634408602151 -1117.34226436682
0.504 -1.98412698412698 -1119.32639135095
0.502 -12.3505976095618 -1131.67698896051
0.566 -12.0141342756184 -1143.69112323613
0.515 -10.2912621359223 -1153.98238537205
0.469 -10.0213219616205 -1164.00370733367
0.501 0.998003992015968 -1163.00570334165
0.542 -6.64206642066421 -1169.64776976232
0.527 -10.0569259962049 -1179.70469575852
0.518 -0.386100386100386 -1180.09079614462
0.564 -9.9290780141844 -1190.01987415881
0.562 3.20284697508897 -1186.81702718372
0.536 -5.59701492537313 -1192.41404210909
0.555 -5.94594594594595 -1198.35998805504
0.5 -8.4 -1206.75998805504
0.534 0 -1206.75998805504
0.564 -6.73758865248227 -1213.49757670752
0.532 -10.5263157894737 -1224.02389249699
0.558 0.716845878136201 -1223.30704661886
0.571 -1.92644483362522 -1225.23349145248
0.583 -2.22984562607204 -1227.46333707855
0.539 -8.71985157699443 -1236.18318865555
0.522 -6.13026819923372 -1242.31345685478
0.504 -5.15873015873016 -1247.47218701351
0.56 0 -1247.47218701351
0.541 -6.46950092421442 -1253.94168793773
0.512 -3.125 -1257.06668793773
0.535 -0.186915887850467 -1257.25360382558
0.568 -7.74647887323944 -1265.00008269882
0.373 -24.3967828418231 -1289.39686554064
0.49 -0.816326530612245 -1290.21319207125
0.496 -7.66129032258065 -1297.87448239383
0.511 -7.6320939334638 -1305.5065763273
0.523 -5.92734225621415 -1311.43391858351
0.503 -13.3200795228628 -1324.75399810637
0.536 -3.73134328358209 -1328.48534138996
0.55 0.727272727272727 -1327.75806866268
0.502 -16.3346613545817 -1344.09273001727
0.522 -8.81226053639847 -1352.90499055366
0.53 -9.43396226415094 -1362.33895281781
0.515 -7.18446601941748 -1369.52341883723
0.57 -7.01754385964912 -1376.54096269688
0.581 -4.99139414802065 -1381.5323568449
0.506 -2.76679841897233 -1384.29915526387
0.554 -7.22021660649819 -1391.51937187037
0.517 -12.1856866537718 -1403.70505852414
0.532 -7.14285714285714 -1410.847915667
0.557 -7.71992818671454 -1418.56784385372
0.516 -3.10077519379845 -1421.66861904751
0.544 -5.88235294117647 -1427.55097198869
0.559 -18.4257602862254 -1445.97673227492
0.515 -1.74757281553398 -1447.72430509045
0.559 -8.05008944543828 -1455.77439453589
0.533 -12.5703564727955 -1468.34475100868
0.545 -3.48623853211009 -1471.83098954079
0.52 6.92307692307692 -1464.90791261772
0.522 9.19540229885057 -1455.71251031887
0.55 -1.09090909090909 -1456.80341940978
0.513 4.87329434697856 -1451.9301250628
0.431 -15.0812064965197 -1467.01133155932
0.502 -10.3585657370518 -1477.36989729637
0.524 -4.9618320610687 -1482.33172935744
0.551 -6.35208711433757 -1488.68381647177
0.531 -3.2015065913371 -1491.88532306311
0.561 -3.74331550802139 -1495.62863857113
0.554 -10.8303249097473 -1506.45896348088
0.517 -9.86460348162476 -1516.32356696251
0.515 -8.3495145631068 -1524.67308152561
0.543 -7.91896869244936 -1532.59205021806
0.568 -13.0281690140845 -1545.62021923215
0.568 -8.45070422535211 -1554.0709234575
0.51 -7.84313725490196 -1561.9140607124
0.518 -1.15830115830116 -1563.0723618707
0.503 -9.74155069582505 -1572.81391256653
0.55 -13.0909090909091 -1585.90482165744
0.565 -5.84070796460177 -1591.74552962204
0.54 -15.5555555555556 -1607.30108517759
0.521 -7.86948176583493 -1615.17056694343
0.491 -11.2016293279022 -1626.37219627133
0.561 -15.1515151515152 -1641.52371142285
0.547 -6.03290676416819 -1647.55661818701
0.506 3.16205533596838 -1644.39456285104
0.557 -10.5924596050269 -1654.98702245607
0.471 -7.43099787685775 -1662.41802033293
0.528 -5.68181818181818 -1668.09983851475
0.527 -5.50284629981025 -1673.60268481456
0.54 -8.51851851851852 -1682.12120333308
0.505 -5.74257425742574 -1687.8637775905
0.581 -4.99139414802065 -1692.85517173852
0.536 -12.6865671641791 -1705.5417389027
0.545 -1.65137614678899 -1707.19311504949
0.549 -14.0255009107468 -1721.21861596024
0.495 -1.41414141414141 -1722.63275737438
0.495 -0.606060606060606 -1723.23881798044
0.505 -2.17821782178218 -1725.41703580222
0.503 -2.18687872763419 -1727.60391452986
0.533 -3.18949343339587 -1730.79340796325
0.56 -2.85714285714286 -1733.65055082039
0.54 -8.14814814814815 -1741.79869896854
0.517 -7.54352030947776 -1749.34221927802
0.606 -4.95049504950495 -1754.29271432753
0.463 -3.67170626349892 -1757.96442059102
0.52 -11.5384615384615 -1769.50288212949
0.525 -8.95238095238095 -1778.45526308187
0.546 -9.89010989010989 -1788.34537297198
0.552 -3.98550724637681 -1792.33088021835
0.519 -4.81695568400771 -1797.14783590236
0.562 -8.89679715302491 -1806.04463305539
0.521 -2.11132437619962 -1808.15595743159
0.544 -7.35294117647059 -1815.50889860806
0.516 -10.077519379845 -1825.5864179879
0.54 -8.51851851851852 -1834.10493650642
0.522 -12.2605363984674 -1846.36547290489
0.491 -7.53564154786151 -1853.90111445275
0.505 -8.51485148514852 -1862.4159659379
0.54 -6.2962962962963 -1868.71226223419
0.555 -8.46846846846847 -1877.18073070266
0.54 2.22222222222222 -1874.95850848044
0.534 -4.49438202247191 -1879.45289050291
0.557 -8.07899461400359 -1887.53188511692
0.552 -2.89855072463768 -1890.43043584155
0.541 -9.42698706099815 -1899.85742290255
0.543 -9.39226519337017 -1909.24968809592
0.526 -5.32319391634981 -1914.57288201227
0.512 -10.546875 -1925.11975701227
0.512 -5.078125 -1930.19788201227
0.568 -0.704225352112676 -1930.90210736438
0.527 -6.26185958254269 -1937.16396694693
0.541 -2.03327171903882 -1939.19723866597
0.56 -8.21428571428571 -1947.41152438025
0.506 -8.300395256917 -1955.71191963717
0.573 1.91972076788831 -1953.79219886928
0.524 -2.67175572519084 -1956.46395459447
0.511 0.195694716242661 -1956.26825987823
0.485 -5.56701030927835 -1961.83527018751
0.577 -5.37261698440208 -1967.20788717191
0.554 -0.72202166064982 -1967.92990883256
0.552 -7.97101449275362 -1975.90092332531
0.566 -3.53356890459364 -1979.43449222991
0.538 -10.4089219330855 -1989.84341416299
0.545 -2.38532110091743 -1992.22873526391
0.597 -5.19262981574539 -1997.42136507965
0.587 -2.21465076660988 -1999.63601584626
0.544 -2.57352941176471 -2002.20954525803
0.547 -5.6672760511883 -2007.87682130922
0.561 0.53475935828877 -2007.34206195093
0.525 -9.33333333333333 -2016.67539528426
0.591 -9.30626057529611 -2025.98165585956
0.55 -0.363636363636364 -2026.34529222319
0.512 -5.46875 -2031.81404222319
0.5 -14.4 -2046.21404222319
0.515 -6.01941747572816 -2052.23345969892
0.466 -8.58369098712446 -2060.81715068605
0.501 -7.38522954091816 -2068.20238022697
0.466 -4.29184549356223 -2072.49422572053
0.54 -0.37037037037037 -2072.8645960909
0.484 -2.47933884297521 -2075.34393493387
0.501 -10.1796407185629 -2085.52357565244
0.473 -8.24524312896406 -2093.7688187814
0.548 -5.10948905109489 -2098.87830783249
0.529 -6.99432892249527 -2105.87263675499
0.533 -0.938086303939963 -2106.81072305893
0.511 -10.3718199608611 -2117.18254301979
0.582 -1.03092783505155 -2118.21347085484
0.568 -6.33802816901408 -2124.55149902386
0.556 -6.47482014388489 -2131.02631916774
0.467 -6.63811563169165 -2137.66443479943
0.542 -4.4280442804428 -2142.09247907988
0.555 -5.22522522522523 -2147.3177043051
0.54 -5.92592592592593 -2153.24363023103
0.559 -10.1967799642218 -2163.44041019525
0.512 -3.125 -2166.56541019525
0.533 -15.1969981238274 -2181.76240831908
0.533 -16.6979362101313 -2198.46034452921
0.536 -14.9253731343284 -2213.38571766354
0.55 -5.09090909090909 -2218.47662675445
0.529 -12.2873345935728 -2230.76396134802
0.543 -17.8637200736648 -2248.62768142168
0.539 -3.15398886827458 -2251.78167028996
0.557 -4.48833034111311 -2256.27000063107
0.541 -12.7541589648799 -2269.02415959595
0.562 -0.355871886120996 -2269.38003148207
0.525 -7.80952380952381 -2277.18955529159
0.56 -20.7142857142857 -2297.90384100588
0.548 -3.28467153284672 -2301.18851253873
0.51 -7.45098039215686 -2308.63949293088
0.524 -16.030534351145 -2324.67002728203
0.511 -14.6771037181996 -2339.34713100023
0.525 -5.90476190476191 -2345.25189290499
0.559 -3.39892665474061 -2348.65081955973
0.552 -8.69565217391304 -2357.34647173364
0.543 -10.1289134438306 -2367.47538517747
0.525 -12 -2379.47538517747
0.557 -9.15619389587074 -2388.63157907335
0.514 1.16731517509728 -2387.46426389825
0.492 -9.75609756097561 -2397.22036145922
0.522 -10.3448275862069 -2407.56518904543
0.567 -6.87830687830688 -2414.44349592374
0.524 -5.34351145038168 -2419.78700737412
0.543 -18.232044198895 -2438.01905157301
0.559 -1.96779964221825 -2439.98685121523
0.501 1.39720558882236 -2438.58964562641
0.551 -9.25589836660617 -2447.84554399302
0.564 -5.31914893617021 -2453.16469292919
0.58 -8.27586206896552 -2461.44055499815
0.548 -6.93430656934307 -2468.3748615675
0.549 -2.00364298724954 -2470.37850455474
0.563 2.66429840142096 -2467.71420615332
0.534 -5.61797752808989 -2473.33218368141
0.546 -15.018315018315 -2488.35049869973
0.577 -9.8786828422877 -2498.22918154202
0.603 -15.7545605306799 -2513.9837420727
0.529 -0.189035916824197 -2514.17277798952
0.552 -1.44927536231884 -2515.62205335184
0.561 -5.52584670231729 -2521.14790005416
0.583 -9.09090909090909 -2530.23880914507
0.597 -2.84757118927973 -2533.08638033435
0.582 -3.78006872852234 -2536.86644906287
0.532 -5.26315789473684 -2542.1296069576
0.503 -6.56063618290258 -2548.69024314051
0.541 -13.4935304990758 -2562.18377363958
0.539 -14.2857142857143 -2576.4694879253
0.539 -1.66975881261596 -2578.13924673791
0.583 -15.2658662092624 -2593.40511294718
0.55 -16.3636363636364 -2609.76874931081
0.541 -4.62107208872458 -2614.38982139954
0.511 1.36986301369863 -2613.01995838584
0.583 -13.893653516295 -2626.91361190213
0.546 -12.0879120879121 -2639.00152399005
0.513 -5.65302144249513 -2644.65454543254
0.576 -4.51388888888889 -2649.16843432143
0.522 -4.59770114942529 -2653.76613547085
0.524 -7.25190839694656 -2661.0180438678
0.513 -13.4502923976608 -2674.46833626546
0.519 -5.58766859344894 -2680.05600485891
0.555 -0.900900900900901 -2680.95690575981
0.552 -6.52173913043478 -2687.47864489025
0.525 -5.14285714285714 -2692.6215020331
0.509 -6.09037328094303 -2698.71187531405
0.555 3.06306306306306 -2695.64881225098
0.525 -6.66666666666667 -2702.31547891765
0.562 -7.11743772241993 -2709.43291664007
0.518 -5.79150579150579 -2715.22442243158
0.545 -5.68807339449541 -2720.91249582607
0.555 -14.5945945945946 -2735.50709042067
0.542 -12.5461254612546 -2748.05321588192
0.57 -11.9298245614035 -2759.98304044332
0.588 -9.18367346938776 -2769.16671391271
0.572 -9.79020979020979 -2778.95692370292
0.553 -8.86075949367089 -2787.81768319659
0.535 -10.6542056074766 -2798.47188880407
0.527 -8.53889943074004 -2807.01078823481
0.56 -15 -2822.01078823481
0.502 -10.3585657370518 -2832.36935397186
0.502 -0.796812749003984 -2833.16616672087
0.56 -10.3571428571429 -2843.52330957801
0.579 -8.46286701208981 -2851.9861765901
0.456 -4.82456140350877 -2856.81073799361
0.539 0.927643784786642 -2855.88309420882
0.51 -4.31372549019608 -2860.19681969902
0.533 -11.8198874296435 -2872.01670712866
0.514 -7.78210116731517 -2879.79880829597
0.534 -4.49438202247191 -2884.29319031845
0.522 -5.3639846743295 -2889.65717499278
0.509 -4.91159135559921 -2894.56876634838
0.535 -11.4018691588785 -2905.97063550725
0.503 -12.1272365805169 -2918.09787208777
0.523 -5.54493307839388 -2923.64280516616
0.555 -5.58558558558559 -2929.22839075175
0.546 -11.3553113553114 -2940.58370210706
0.552 -9.78260869565217 -2950.36631080271
0.579 -16.4075993091537 -2966.77391011187
0.546 -10.6227106227106 -2977.39662073458
0.587 1.87393526405451 -2975.52268547052
0.528 -10.2272727272727 -2985.7499581978
0.542 -14.0221402214022 -2999.7720984192
0.486 -1.23456790123457 -3001.00666632043
0.525 -1.33333333333333 -3002.33999965377
0.536 -5.97014925373134 -3008.3101489075
0.558 -6.81003584229391 -3015.12018474979
0.568 -13.7323943661972 -3028.85257911599
0.541 -8.31792975970425 -3037.17050887569
0.556 -5.03597122302158 -3042.20648009871
0.532 -1.8796992481203 -3044.08617934683
0.563 -4.4404973357016 -3048.52667668254
0.535 -1.30841121495327 -3049.83508789749
0.493 -6.28803245436105 -3056.12312035185
0.521 -9.021113243762 -3065.14423359561
0.528 -7.1969696969697 -3072.34120329258
0.599 -9.84974958263773 -3082.19095287522
0.524 -8.77862595419847 -3090.96957882942
0.484 -7.43801652892562 -3098.40759535834
0.542 -5.90405904059041 -3104.31165439893
0.536 -8.95522388059701 -3113.26687827953
0.542 -3.690036900369 -3116.9569151799
0.518 2.7027027027027 -3114.2542124772
0.547 -10.7861060329068 -3125.0403185101
0.526 -9.50570342205323 -3134.54602193216
0.568 -15.8450704225352 -3150.39109235469
0.532 -4.88721804511278 -3155.27831039981
0.556 -12.2302158273381 -3167.50852622714
0.522 -11.4942528735632 -3179.00277910071
0.524 -10.6870229007634 -3189.68980200147
0.559 -3.39892665474061 -3193.08872865621
0.544 -17.2794117647059 -3210.36814042092
0.559 -10.912343470483 -3221.2804838914
0.531 -7.72128060263653 -3229.00176449404
0.533 -6.94183864915572 -3235.94360314319
0.537 -1.30353817504655 -3237.24714131824
0.565 -5.13274336283186 -3242.37988468107
0.568 -1.05633802816901 -3243.43622270924
0.546 -1.46520146520147 -3244.90142417444
0.518 -6.56370656370656 -3251.46513073815
0.51 -2.35294117647059 -3253.81807191462
0.565 -13.2743362831858 -3267.0924081978
0.569 -10.0175746924429 -3277.10998289025
0.543 -13.8121546961326 -3290.92213758638
0.515 -8.3495145631068 -3299.27165214949
0.54 -10 -3309.27165214949
0.527 -9.29791271347249 -3318.56956486296
0.567 -6.17283950617284 -3324.74240436913
0.516 -10.077519379845 -3334.81992374898
0.529 -2.83553875236295 -3337.65546250134
0.529 -8.50661625708885 -3346.16207875843
0.569 -3.33919156414763 -3349.50127032258
0.513 -11.1111111111111 -3360.61238143369
0.519 -5.20231213872832 -3365.81469357242
0.53 -3.77358490566038 -3369.58827847808
0.523 -1.33843212237094 -3370.92671060045
0.503 -11.7296222664016 -3382.65633286685
0.496 -16.1290322580645 -3398.78536512491
0.543 -9.39226519337017 -3408.17763031828
0.511 -11.545988258317 -3419.7236185766
0.531 -11.864406779661 -3431.58802535626
0.528 -10.2272727272727 -3441.81529808353
0.513 -15.009746588694 -3456.82504467223
0.485 -8.8659793814433 -3465.69102405367
0.527 2.08728652751423 -3463.60373752616
0.513 -9.55165692007797 -3473.15539444624
0.511 -9.58904109589041 -3482.74443554213
0.545 -12.2935779816514 -3495.03801352378
0.532 -10.1503759398496 -3505.18838946363
0.554 -13.7184115523466 -3518.90680101597
0.551 -10.7078039927405 -3529.61460500871
0.526 -2.28136882129278 -3531.89597383001
0.528 -2.65151515151515 -3534.54748898152
0.539 -6.49350649350649 -3541.04099547503
0.526 -11.0266159695817 -3552.06761144461
0.577 -14.0381282495667 -3566.10573969418
0.545 -9.35779816513761 -3575.46353785931
0.535 -15.8878504672897 -3591.3513883266
0.528 -15.9090909090909 -3607.26047923569
0.541 -11.645101663586 -3618.90558089928
0.519 -1.34874759152216 -3620.2543284908
0.531 -3.57815442561205 -3623.83248291641
0.52 -0.769230769230769 -3624.60171368565
0.552 -8.33333333333333 -3632.93504701898
0.54 -21.8518518518519 -3654.78689887083
0.486 -12.3456790123457 -3667.13257788318
0.539 -9.8330241187384 -3676.96560200192
0.545 -8.62385321100918 -3685.58945521292
0.568 -11.6197183098592 -3697.20917352278
0.562 -6.04982206405694 -3703.25899558684
0.556 -4.31654676258993 -3707.57554234943
0.556 -1.79856115107914 -3709.37410350051
0.543 -3.86740331491713 -3713.24150681543
0.531 -3.57815442561205 -3716.81966124104
0.558 -5.73476702508961 -3722.55442826613
0.559 -5.18783542039356 -3727.74226368652
0.515 -13.3980582524272 -3741.14032193895
0.45 -8 -3749.14032193895
0.473 -23.4672304439746 -3772.60755238292
0.498 -1.60642570281124 -3774.21397808573
0.547 -15.9049360146252 -3790.11891410036
0.529 -8.50661625708885 -3798.62553035745
0.451 4.65631929046563 -3793.96921106698
0.551 -11.7967332123412 -3805.76594427932
0.561 -9.80392156862745 -3815.56986584795
0.519 -17.1483622350674 -3832.71822808302
0.53 -10.188679245283 -3842.9069073283
0.522 -10.3448275862069 -3853.25173491451
0.518 -20.4633204633205 -3873.71505537783
0.541 -13.1238447319778 -3886.83890010981
0.522 -6.89655172413793 -3893.73545183395
0.552 1.81159420289855 -3891.92385763105
0.554 -9.38628158844765 -3901.31013921949
0.527 -1.70777988614801 -3903.01791910564
0.531 -9.98116760828625 -3912.99908671393
0.511 -13.1115459882583 -3926.11063270219
0.553 -13.5623869801085 -3939.6730196823
0.505 -10.0990099009901 -3949.77202958329
0.557 -10.5924596050269 -3960.36448918831
0.529 -12.6654064272212 -3973.02989561553
0.466 -8.58369098712446 -3981.61358660266
0.515 -3.68932038834951 -3985.30290699101
0.483 1.86335403726708 -3983.43955295374
0.483 2.69151138716356 -3980.74804156658
0.516 3.48837209302326 -3977.25966947355
0.488 -4.0983606557377 -3981.35803012929
0.478 0 -3981.35803012929
0.505 -8.51485148514852 -3989.87288161444
0.445 -15.0561797752809 -4004.92906138972
0.416 -7.21153846153846 -4012.14059985126
0.453 0.22075055187638 -4011.91984929938
0.447 -6.48769574944072 -4018.40754504882
0.446 -4.48430493273543 -4022.89184998156
0.487 3.49075975359343 -4019.40109022797
0.519 1.34874759152216 -4018.05234263644
0.492 2.4390243902439 -4015.6133182462
0.483 -2.69151138716356 -4018.30482963336
0.499 -3.40681362725451 -4021.71164326062
0.515 -8.3495145631068 -4030.06115782372
0.496 6.04838709677419 -4024.01277072695
0.474 -12.2362869198312 -4036.24905764678
0.511 -6.0665362035225 -4042.3155938503
0.504 -6.74603174603175 -4049.06162559634
0.497 -6.2374245472837 -4055.29905014362
0.504 -8.73015873015873 -4064.02920887378
0.499 -1.00200400801603 -4065.03121288179
0.491 -1.83299389002037 -4066.86420677181
0.482 -2.9045643153527 -4069.76877108717
0.501 -3.39321357285429 -4073.16198466002
0.52 -4.23076923076923 -4077.39275389079
0.524 -8.01526717557252 -4085.40802106636
0.513 1.364522417154 -4084.04349864921
0.492 -1.21951219512195 -4085.26301084433
0.542 -0.3690036900369 -4085.63201453437
0.512 -8.59375 -4094.22576453437
0.536 -3.35820895522388 -4097.58397348959
0.465 -4.94623655913978 -4102.53021004873
0.566 -0.706713780918728 -4103.23692382965
0.567 -0.17636684303351 -4103.41329067268
0.517 -0.58027079303675 -4103.99356146572
0.492 -1.6260162601626 -4105.61957772588
0.517 -1.74081237911025 -4107.36039010499
0.503 -3.37972166998012 -4110.74011177497
0.504 -5.15873015873016 -4115.8988419337
0.536 -6.34328358208955 -4122.24212551579
0.485 -9.27835051546392 -4131.52047603126
0.522 -5.3639846743295 -4136.88446070559
0.502 -5.57768924302789 -4142.46214994861
0.515 -7.57281553398058 -4150.0349654826
0.545 -0.18348623853211 -4150.21845172113
0.489 1.84049079754601 -4148.37796092358
0.514 -7.39299610894942 -4155.77095703253
0.47 0.425531914893617 -4155.34542511764
0.559 -0.536672629695885 -4155.88209774733
0.516 -2.71317829457364 -4158.59527604191
0.538 1.11524163568773 -4157.48003440622
0.544 -2.20588235294118 -4159.68591675916
0.533 0.187617260787992 -4159.49829949837
0.55 -5.45454545454545 -4164.95284495292
0.544 -5.88235294117647 -4170.83519789409
0.551 -1.63339382940109 -4172.4685917235
0.51 -2.35294117647059 -4174.82153289997
0.53 -7.16981132075472 -4181.99134422072
0.548 2.91970802919708 -4179.07163619152
0.545 -10.0917431192661 -4189.16337931079
0.516 2.71317829457364 -4186.45020101622
0.519 -7.89980732177264 -4194.35000833799
0.572 -5.24475524475525 -4199.59476358274
0.527 -5.88235294117647 -4205.47711652392
0.544 -2.94117647058824 -4208.41829299451
0.531 -7.72128060263653 -4216.13957359715
0.561 -2.67379679144385 -4218.81337038859
0.557 -4.84739676840215 -4223.66076715699
0.547 -5.6672760511883 -4229.32804320818
0.532 -2.63157894736842 -4231.95962215555
0.585 -0.854700854700855 -4232.81432301025
0.555 3.78378378378378 -4229.03053922646
0.528 0 -4229.03053922646
0.544 7.72058823529412 -4221.30995099117
0.538 4.08921933085502 -4217.22073166032
0.541 -2.03327171903882 -4219.25400337935
0.554 -2.16606498194946 -4221.4200683613
0.503 4.17495029821074 -4217.24511806309
0.538 0.743494423791822 -4216.5016236393
0.49 9.79591836734694 -4206.70570527195
0.542 -1.1070110701107 -4207.81271634206
0.517 -3.28820116054159 -4211.10091750261
0.539 -2.78293135435993 -4213.88384885697
0.51 -0.392156862745098 -4214.27600571971
0.542 5.90405904059041 -4208.37194667912
0.541 1.66358595194085 -4206.70836072718
0.504 0.396825396825397 -4206.31153533036
0.514 4.28015564202335 -4202.03137968833
0.538 -1.11524163568773 -4203.14662132402
0.543 -2.76243093922652 -4205.90905226325
0.509 -1.76817288801572 -4207.67722515126
0.502 2.39043824701195 -4205.28678690425
0.499 -0.601202404809619 -4205.88798930906
0.525 0.952380952380952 -4204.93560835668
0.5 -2.4 -4207.33560835668
0.532 2.25563909774436 -4205.07996925893
0.48 -6.25 -4211.32996925893
0.497 -7.04225352112676 -4218.37222278006
0.453 -7.72626931567329 -4226.09849209573
0.537 3.91061452513966 -4222.18787757059
0.482 3.3195020746888 -4218.86837549591
0.519 0.192678227360308 -4218.67569726855
0.513 2.53411306042885 -4216.14158420812
0.521 -2.49520153550864 -4218.63678574363
0.514 8.94941634241245 -4209.68736940121
0.529 3.96975425330813 -4205.7176151479
0.516 4.26356589147287 -4201.45404925643
0.548 6.93430656934307 -4194.51974268709
0.513 4.09356725146199 -4190.42617543563
0.568 0.704225352112676 -4189.72195008351
0.517 1.74081237911025 -4187.9811377044
0.562 1.42348754448399 -4186.55765015992
0.575 -2.26086956521739 -4188.81851972514
0.543 7.91896869244936 -4180.89955103269
0.552 -3.26086956521739 -4184.16042059791
0.555 0.540540540540541 -4183.61988005736
0.5 6 -4177.61988005736
0.524 -3.81679389312977 -4181.43667395049
0.49 3.26530612244898 -4178.17136782805
0.522 -1.14942528735632 -4179.3207931154
0.492 2.03252032520325 -4177.2882727902
0.545 -1.28440366972477 -4178.57267645992
0.548 6.56934306569343 -4172.00333339423
0.497 5.83501006036217 -4166.16832333387
0.584 4.10958904109589 -4162.05873429277
0.496 5.24193548387097 -4156.8167988089
0.404 9.40594059405941 -4147.41085821484
0.496 -7.66129032258065 -4155.07214853742
0.562 0 -4155.07214853742
0.573 -1.2216404886562 -4156.29378902608
0.565 -1.94690265486726 -4158.24069168095
0.556 -7.19424460431655 -4165.43493628526
0.511 -1.36986301369863 -4166.80479929896
0.546 3.66300366300366 -4163.14179563596
0.515 6.79611650485437 -4156.3456791311
0.499 3.0060120240481 -4153.33966710705
0.514 3.50194552529183 -4149.83772158176
0.571 1.22591943957968 -4148.61180214218
0.537 3.91061452513966 -4144.70118761704
0.551 8.8929219600726 -4135.80826565697
0.501 5.38922155688623 -4130.41904410008
0.546 -0.366300366300366 -4130.78534446639
0.549 2.36794171220401 -4128.41740275418
0.579 1.55440414507772 -4126.8629986091
0.505 5.74257425742574 -4121.12042435168
0.519 1.34874759152216 -4119.77167676016
0.548 5.83941605839416 -4113.93226070176
0.547 3.10786106032907 -4110.82439964143
0.584 3.76712328767123 -4107.05727635376
0.502 0.796812749003984 -4106.26046360476
0.461 4.55531453362256 -4101.70514907113
0.564 13.4751773049645 -4088.22997176617
0.528 0.757575757575758 -4087.47239600859
0.521 5.18234165067178 -4082.29005435792
0.489 14.519427402863 -4067.77062695506
0.513 6.4327485380117 -4061.33787841705
0.53 2.26415094339623 -4059.07372747365
0.571 12.4343257443082 -4046.63940172934
0.506 6.71936758893281 -4039.92003414041
0.599 4.50751252086811 -4035.41252161954
0.516 0 -4035.41252161954
0.517 5.22243713733075 -4030.19008448221
0.501 6.187624750499 -4024.00245973171
0.488 7.37704918032787 -4016.62541055138
0.529 3.59168241965974 -4013.03372813172
0.55 7.63636363636364 -4005.39736449536
0.556 8.99280575539568 -3996.40455873997
0.557 9.15619389587074 -3987.24836484409
0.544 2.94117647058824 -3984.30718837351
0.481 -1.45530145530146 -3985.76248982881
0.521 6.33397312859885 -3979.42851670021
0.565 7.9646017699115 -3971.4639149303
0.532 -3.38345864661654 -3974.84737357691
0.542 -4.7970479704797 -3979.64442154739
0.502 9.16334661354582 -3970.48107493385
0.539 -2.04081632653061 -3972.52189126038
0.529 0.189035916824197 -3972.33285534355
0.495 5.45454545454545 -3966.87830988901
0.45 1.77777777777778 -3965.10053211123
0.516 3.48837209302326 -3961.61216001821
0.535 2.80373831775701 -3958.80842170045
0.5 2 -3956.80842170045
0.529 -0.945179584120983 -3957.75360128457
0.547 -3.83912248628885 -3961.59272377086
0.544 15.0735294117647 -3946.5191943591
0.548 0 -3946.5191943591
0.592 9.45945945945946 -3937.05973489964
0.559 9.12343470483005 -3927.93630019481
0.513 6.4327485380117 -3921.5035516568
0.508 4.7244094488189 -3916.77914220798
0.557 11.310592459605 -3905.46854974837
0.5 8.4 -3897.06854974837
0.499 8.21643286573146 -3888.85211688264
0.52 -2.30769230769231 -3891.15980919033
0.455 3.2967032967033 -3887.86310589363
0.524 2.29007633587786 -3885.57302955775
0.515 -1.35922330097087 -3886.93225285872
0.551 11.4337568058076 -3875.49849605291
0.554 12.6353790613718 -3862.86311699154
0.54 5.55555555555556 -3857.30756143599
0.476 9.2436974789916 -3848.063863957
0.52 -5 -3853.063863957
0.559 3.39892665474061 -3849.66493730225
0.562 11.3879003558719 -3838.27703694638
0.518 7.33590733590734 -3830.94112961047
0.552 -3.6231884057971 -3834.56431801627
0.564 8.51063829787234 -3826.0536797184
0.526 1.90114068441065 -3824.15253903399
0.549 2.73224043715847 -3821.42029859683
0.494 0.809716599190283 -3820.61058199764
0.477 3.14465408805031 -3817.46592790959
0.512 0.78125 -3816.68467790959
0.532 2.63157894736842 -3814.05309896222
0.524 8.3969465648855 -3805.65615239734
0.548 2.18978102189781 -3803.46637137544
0.514 1.55642023346304 -3801.90995114198
0.49 9.79591836734694 -3792.11403277463
0.553 8.1374321880651 -3783.97660058656
0.525 0.19047619047619 -3783.78612439609
0.532 1.12781954887218 -3782.65830484721
0.536 2.61194029850746 -3780.04636454871
0.5 1.2 -3778.84636454871
0.499 10.6212424849699 -3768.22512206374
0.551 10.7078039927405 -3757.517318071
0.536 6.71641791044776 -3750.80090016055
0.519 2.89017341040462 -3747.91072675014
0.566 7.06713780918728 -3740.84358894096
0.548 0.72992700729927 -3740.11366193366
0.476 3.36134453781513 -3736.75231739584
0.523 12.4282982791587 -3724.32401911668
0.528 3.40909090909091 -3720.91492820759
0.463 7.55939524838013 -3713.35553295921
0.55 2.54545454545455 -3710.81007841376
0.495 2.62626262626263 -3708.1838157875
0.542 5.53505535055351 -3702.64876043694
0.531 4.70809792843691 -3697.94066250851
0.494 0 -3697.94066250851
0.549 0.910746812386157 -3697.02991569612
0.525 1.33333333333333 -3695.69658236279
0.511 -0.195694716242661 -3695.89227707903
0.518 1.93050193050193 -3693.96177514853
0.524 -2.29007633587786 -3696.25185148441
0.541 1.29390018484288 -3694.95795129956
0.493 -2.23123732251521 -3697.18918862208
0.515 3.30097087378641 -3693.88821774829
0.523 6.30975143403442 -3687.57846631426
0.536 2.61194029850746 -3684.96652601575
0.539 -4.26716141001855 -3689.23368742577
0.571 2.62697022767075 -3686.6067171981
0.555 -0.18018018018018 -3686.78689737828
0.539 5.00927643784787 -3681.77762094043
0.467 1.07066381156317 -3680.70695712887
0.557 -2.69299820466786 -3683.39995533353
0.518 4.24710424710425 -3679.15285108643
0.499 8.21643286573146 -3670.9364182207
0.553 3.07414104882459 -3667.86227717187
0.513 4.09356725146199 -3663.76870992041
0.563 6.57193605683837 -3657.19677386357
0.575 -0.521739130434783 -3657.71851299401
0.444 13.5135135135135 -3644.20499948049
0.547 9.3235831809872 -3634.88141629951
0.54 9.25925925925926 -3625.62215704025
0.582 -4.12371134020619 -3629.74586838045
0.559 -1.61001788908766 -3631.35588626954
0.541 -8.31792975970425 -3639.67381602925
0.545 -4.22018348623853 -3643.89399951548
0.489 4.29447852760736 -3639.59952098788
0.554 1.44404332129964 -3638.15547766658
0.577 -2.59965337954939 -3640.75513104613
0.476 8.40336134453782 -3632.35176970159
0.487 8.0082135523614 -3624.34355614923
0.54 -3.7037037037037 -3628.04725985293
0.551 -5.26315789473684 -3633.31041774767
0.536 1.11940298507463 -3632.19101476259
0.538 5.20446096654275 -3626.98655379605
0.522 9.57854406130268 -3617.40800973475
0.553 0.180831826401447 -3617.22717790835
0.526 6.08365019011407 -3611.14352771823
0.503 -2.5844930417495 -3613.72802075998
0.572 5.24475524475525 -3608.48326551523
0.521 -1.72744721689059 -3610.21071273212
0.536 10.4477611940299 -3599.76295153809
0.591 -0.169204737732657 -3599.93215627582
0.557 9.87432675044883 -3590.05782952537
0.513 5.26315789473684 -3584.79467163063
0.53 8.30188679245283 -3576.49278483818
0.524 2.29007633587786 -3574.2027085023
0.533 8.06754221388368 -3566.13516628842
0.545 0.917431192660551 -3565.21773509576
0.5 10.4 -3554.81773509576
0.564 10.2836879432624 -3544.5340471525
0.501 8.18363273453094 -3536.35041441797
0.52 -1.53846153846154 -3537.88887595643
0.563 6.57193605683837 -3531.31693989959
0.496 7.66129032258065 -3523.65564957701
0.508 8.26771653543307 -3515.38793304158
0.528 5.3030303030303 -3510.08490273855
0.569 7.90861159929701 -3502.17629113925
0.514 -1.55642023346304 -3503.73271137271
0.564 9.57446808510638 -3494.15824328761
0.532 7.14285714285714 -3487.01538614475
0.521 2.11132437619962 -3484.90406176855
0.522 8.42911877394636 -3476.4749429946
0.559 4.11449016100179 -3472.3604528336
0.553 4.88245931283906 -3467.47799352076
0.547 2.0109689213894 -3465.46702459937
0.525 4 -3461.46702459937
0.577 2.94627383015598 -3458.52075076922
0.542 -7.74907749077491 -3466.26982825999
0.494 8.50202429149798 -3457.76780396849
0.522 5.3639846743295 -3452.40381929416
0.514 -0.389105058365759 -3452.79292435253
0.53 9.43396226415094 -3443.35896208838
0.577 15.4246100519931 -3427.93435203639
0.543 0.920810313075506 -3427.01354172331
0.543 11.9705340699816 -3415.04300765333
0.547 2.37659963436929 -3412.66640801896
0.57 10.5263157894737 -3402.14009222948
0.538 11.8959107806691 -3390.24418144882
0.576 3.47222222222222 -3386.77195922659
0.532 5.26315789473684 -3381.50880133186
0.545 5.32110091743119 -3376.18770041443
0.538 0.371747211895911 -3375.81595320253
0.561 2.67379679144385 -3373.14215641109
0.523 0.573613766730402 -3372.56854264436
0.552 -0.72463768115942 -3373.29318032551
0.561 4.45632798573975 -3368.83685233977
0.559 2.32558139534884 -3366.51127094443
0.515 11.8446601941748 -3354.66661075025
0.544 8.45588235294118 -3346.21072839731
0.536 7.08955223880597 -3339.1211761585
0.513 7.60233918128655 -3331.51883697722
0.544 4.41176470588235 -3327.10707227134
0.532 4.51127819548872 -3322.59579407585
0.539 8.71985157699443 -3313.87594249885
0.537 2.42085661080074 -3311.45508588805
0.547 10.054844606947 -3301.4002412811
0.521 9.78886756238004 -3291.61137371872
0.516 3.87596899224806 -3287.73540472648
0.576 1.73611111111111 -3285.99929361537
0.522 -3.06513409961686 -3289.06442771498
0.484 6.19834710743802 -3282.86608060754
0.522 9.57854406130268 -3273.28753654624
0.532 2.25563909774436 -3271.0318974485
0.516 6.97674418604651 -3264.05515326245
0.532 2.63157894736842 -3261.42357431508
0.521 10.5566218809981 -3250.86695243408
0.533 8.06754221388368 -3242.7994102202
0.549 4.55373406193078 -3238.24567615827
0.547 8.59232175502742 -3229.65335440324
0.479 2.71398747390397 -3226.93936692934
0.535 4.67289719626168 -3222.26646973308
0.552 6.88405797101449 -3215.38241176206
0.48 6.25 -3209.13241176206
0.547 -0.182815356489945 -3209.31522711855
0.541 2.03327171903882 -3207.28195539951
0.552 -1.81159420289855 -3209.09354960241
0.499 2.20440881763527 -3206.88914078478
0.537 7.26256983240223 -3199.62657095237
0.553 1.98915009041591 -3197.63742086196
0.525 7.80952380952381 -3189.82789705243
0.481 12.6819126819127 -3177.14598437052
0.512 5.46875 -3171.67723437052
0.555 5.58558558558559 -3166.09164878494
0.555 10.2702702702703 -3155.82137851467
0.573 5.75916230366492 -3150.062216211
0.543 6.07734806629834 -3143.9848681447
0.53 6.41509433962264 -3137.56977380508
0.546 5.49450549450549 -3132.07526831057
0.56 2.14285714285714 -3129.93241116772
0.537 13.5940409683426 -3116.33837019937
0.51 11.3725490196078 -3104.96582117977
0.535 8.78504672897196 -3096.1807744508
0.533 5.44090056285178 -3090.73987388794
0.509 3.33988212180747 -3087.39999176614
0.524 3.43511450381679 -3083.96487726232
0.504 7.14285714285714 -3076.82202011946
0.554 15.1624548736462 -3061.65956524582
0.536 7.08955223880597 -3054.57001300701
0.526 7.98479087452472 -3046.58522213248
0.52 -1.15384615384615 -3047.73906828633
0.516 5.42635658914729 -3042.31271169718
0.565 -0.530973451327434 -3042.84368514851
0.544 5.88235294117647 -3036.96133220733
0.537 -1.30353817504655 -3038.26487038238
0.526 6.4638783269962 -3031.80099205538
0.54 13.7037037037037 -3018.09728835168
0.523 12.810707456979 -3005.2865808947
0.53 10.188679245283 -2995.09790164942
0.546 5.49450549450549 -2989.60339615491
0.58 1.37931034482759 -2988.22408581009
0.554 6.13718411552347 -2982.08690169456
0.536 6.34328358208955 -2975.74361811247
0.52 1.15384615384615 -2974.58977195863
0.499 0.200400801603206 -2974.38937115702
0.49 12.6530612244898 -2961.73630993253
0.469 7.88912579957356 -2953.84718413296
0.541 7.94824399260628 -2945.89894014035
0.568 1.40845070422535 -2944.49048943613
0.547 2.74223034734918 -2941.74825908878
0.528 9.84848484848485 -2931.89977424029
0.511 8.41487279843444 -2923.48490144186
0.543 7.55064456721915 -2915.93425687464
0.535 2.80373831775701 -2913.13051855688
0.546 6.22710622710623 -2906.90341232978
0.532 2.63157894736842 -2904.27183338241
0.545 7.88990825688073 -2896.38192512553
0.536 8.2089552238806 -2888.17296990165
0.544 12.8676470588235 -2875.30532284282
0.501 5.78842315369261 -2869.51689968913
0.535 3.55140186915888 -2865.96549781997
0.531 11.1111111111111 -2854.85438670886
0.569 4.39367311072056 -2850.46071359814
0.532 8.27067669172932 -2842.19003690641
0.555 7.74774774774775 -2834.44228915866
0.56 8.21428571428571 -2826.22800344438
0.555 1.62162162162162 -2824.60638182276
0.507 5.32544378698225 -2819.28093803577
0.443 8.35214446952596 -2810.92879356625
0.486 7.40740740740741 -2803.52138615884
0.541 -1.66358595194085 -2805.18497211078
0.567 -0.17636684303351 -2805.36133895382
0.553 1.62748643761302 -2803.7338525162
0.529 6.23818525519849 -2797.495667261
0.571 6.12959719789842 -2791.36607006311
0.538 10.0371747211896 -2781.32889534192
0.534 7.86516853932584 -2773.46372680259
0.478 2.51046025104602 -2770.95326655154
0.526 2.66159695817491 -2768.29166959337
0.521 1.34357005758157 -2766.94809953579
0.524 1.52671755725191 -2765.42138197854
0.479 10.2296450939457 -2755.19173688459
0.565 -4.07079646017699 -2759.26253334477
0.533 -0.938086303939963 -2760.20061964871
0.554 2.88808664259928 -2757.31253300611
0.553 -11.754068716094 -2769.0666017222
0.54 -3.33333333333333 -2772.39993505554
0.534 2.24719101123596 -2770.1527440443
0.528 1.51515151515152 -2768.63759252915
0.587 5.62180579216354 -2763.01578673698
0.569 4.04217926186292 -2758.97360747512
0.545 5.68807339449541 -2753.28553408063
0.541 2.77264325323475 -2750.51289082739
0.596 2.68456375838926 -2747.828327069
0.584 6.50684931506849 -2741.32147775393
0.593 27.8246205733558 -2713.49685718058
0.529 5.86011342155009 -2707.63674375903
0.534 7.86516853932584 -2699.7715752197
0.577 11.9584055459272 -2687.81316967377
0.508 1.5748031496063 -2686.23836652417
0.554 7.22021660649819 -2679.01814991767
0.545 9.72477064220183 -2669.29337927547
0.557 10.5924596050269 -2658.70091967044
0.529 4.34782608695652 -2654.35309358349
0.526 2.28136882129278 -2652.07172476219
0.507 7.69230769230769 -2644.37941706988
0.512 1.171875 -2643.20754206988
0.565 -2.30088495575221 -2645.50842702564
0.509 2.94695481335953 -2642.56147221228
0.464 0.431034482758621 -2642.13043772952
0.548 8.02919708029197 -2634.10124064923
0.528 7.1969696969697 -2626.90427095226
0.57 6.31578947368421 -2620.58848147857
0.581 4.99139414802065 -2615.59708733055
0.513 11.8908382066277 -2603.70624912392
0.519 0.192678227360308 -2603.51357089656
0.495 3.03030303030303 -2600.48326786626
0.502 7.96812749003984 -2592.51514037622
0.483 6.41821946169772 -2586.09692091452
0.566 7.77385159010601 -2578.32306932442
0.538 -0.371747211895911 -2578.69481653631
0.514 13.2295719844358 -2565.46524455188
0.542 7.01107011070111 -2558.45417444118
0.543 10.1289134438306 -2548.32526099735
0.533 -0.187617260787992 -2548.51287825813
0.561 5.52584670231729 -2542.98703155582
0.505 10.0990099009901 -2532.88802165483
0.556 7.55395683453237 -2525.33406482029
0.544 7.35294117647059 -2517.98112364382
0.529 5.10396975425331 -2512.87715388957
0.541 2.77264325323475 -2510.10451063634
0.52 -5.38461538461539 -2515.48912602095
0.566 4.9469964664311 -2510.54212955452
0.506 7.11462450592885 -2503.42750504859
0.577 9.18544194107452 -2494.24206310752
0.566 1.06007067137809 -2493.18199243614
0.506 -5.13833992094862 -2498.32033235709
0.479 -13.5699373695198 -2511.89026972661
0.486 -0.823045267489712 -2512.7133149941
0.587 9.02896081771721 -2503.68435417638
0.558 -1.0752688172043 -2504.75962299358
0.544 2.57352941176471 -2502.18609358182
0.516 1.93798449612403 -2500.24810908569
0.558 4.3010752688172 -2495.94703381688
0.496 6.04838709677419 -2489.8986467201
0.571 0.525394045534151 -2489.37325267457
0.508 9.44881889763779 -2479.92443377693
0.453 8.16777041942605 -2471.75666335751
0.534 11.6104868913858 -2460.14617646612
0.553 3.07414104882459 -2457.07203541729
0.552 5.79710144927536 -2451.27493396802
0.498 0.803212851405622 -2450.47172111661
0.521 9.78886756238004 -2440.68285355423
0.556 6.47482014388489 -2434.20803341035
0.537 3.53817504655493 -2430.66985836379
0.53 0.754716981132076 -2429.91514138266
0.534 -0.374531835205993 -2430.28967321787
0.507 2.56410256410256 -2427.72557065377
0.541 2.03327171903882 -2425.69229893473
0.532 9.3984962406015 -2416.29380269413
0.542 5.53505535055351 -2410.75874734357
0.438 3.19634703196347 -2407.56240031161
0.373 17.9624664879357 -2389.59993382367
0.547 7.86106032906764 -2381.7388734946
0.548 8.02919708029197 -2373.70967641431
0.53 3.39622641509434 -2370.31344999922
0.547 5.6672760511883 -2364.64617394803
0.538 0 -2364.64617394803
0.545 -2.75229357798165 -2367.39846752601
0.506 -0.790513833992095 -2368.18898136
0.52 -1.92307692307692 -2370.11205828308
0.52 -0.384615384615385 -2370.4966736677
0.549 6.73952641165756 -2363.75714725604
0.559 0.536672629695885 -2363.22047462634
0.541 -3.88170055452865 -2367.10217518087
0.554 2.16606498194946 -2364.93611019892
0.526 1.14068441064639 -2363.79542578828
0.536 7.46268656716418 -2356.33273922111
0.496 1.20967741935484 -2355.12306180176
0.498 8.43373493975904 -2346.689326862
0.554 11.5523465703971 -2335.1369802916
0.536 8.95522388059701 -2326.181756411
0.527 1.70777988614801 -2324.47397652486
0.535 2.05607476635514 -2322.4179017585
0.584 9.24657534246575 -2313.17132641603
0.481 9.77130977130977 -2303.40001664472
0.512 2.34375 -2301.05626664472
0.511 0.587084148727984 -2300.469182496
0.556 8.63309352517986 -2291.83608897082
0.519 0.578034682080925 -2291.25805428874
0.519 -3.66088631984586 -2294.91894060858
0.512 12.109375 -2282.80956560858
0.513 5.26315789473684 -2277.54640771384
0.502 7.56972111553785 -2269.97668659831
0.544 9.55882352941176 -2260.4178630689
0.545 8.62385321100918 -2251.79400985789
0.527 -0.189753320683112 -2251.98376317857
0.543 13.4438305709024 -2238.53993260767
0.556 1.07913669064748 -2237.46079591702
0.538 7.0631970260223 -2230.397598891
0.56 1.78571428571429 -2228.61188460528
0.524 4.58015267175572 -2224.03173193353
0.516 11.6279069767442 -2212.40382495678
0.52 10 -2202.40382495678
0.507 4.53648915187377 -2197.86733580491
0.544 11.3970588235294 -2186.47027698138
0.524 8.77862595419847 -2177.69165102718
0.564 -2.12765957446809 -2179.81931060165
0.582 -8.59106529209622 -2188.41037589375
0.579 4.66321243523316 -2183.74716345851
0.531 2.07156308851224 -2181.67560037
0.552 5.43478260869565 -2176.2408177613
0.508 12.5984251968504 -2163.64239256445
0.541 4.25138632162662 -2159.39100624283
0.546 11.7216117216117 -2147.66939452122
0.542 8.11808118081181 -2139.5513133404
0.508 5.51181102362205 -2134.03950231678
0.583 0.514579759862779 -2133.52492255692
0.564 10.2836879432624 -2123.24123461366
0.522 9.96168582375479 -2113.2795487899
0.534 8.61423220973783 -2104.66531658016
0.506 4.74308300395257 -2099.92223357621
0.553 10.6690777576854 -2089.25315581853
0.542 12.9151291512915 -2076.33802666723
0.571 7.88091068301226 -2068.45711598422
0.51 4.31372549019608 -2064.14339049403
0.531 -3.57815442561205 -2067.72154491964
0.578 11.7647058823529 -2055.95683903729
0.451 -1.55210643015521 -2057.50894546744
0.575 7.47826086956522 -2050.03068459788
0.553 12.8390596745027 -2037.19162492337
0.544 -2.20588235294118 -2039.39750727631
0.467 1.49892933618844 -2037.89857794013
0.553 -1.98915009041591 -2039.88772803054
0.492 -0.40650406504065 -2040.29423209558
0.548 -1.82481751824818 -2042.11904961383
0.533 5.44090056285178 -2036.67814905098
0.584 -1.36986301369863 -2038.04801206468
0.549 9.65391621129326 -2028.39409585338
0.536 1.49253731343284 -2026.90155853995
0.572 1.3986013986014 -2025.50295714135
0.589 2.20713073005093 -2023.2958264113
0.54 10.7407407407407 -2012.55508567056
0.561 -3.74331550802139 -2016.29840117858
0.563 -4.08525754884547 -2020.38365872742
0.536 1.49253731343284 -2018.89112141399
0.536 1.11940298507463 -2017.77171842892
0.512 10.9375 -2006.83421842892
0.561 6.59536541889483 -2000.23885301002
0.571 3.67775831873905 -1996.56109469128
0.57 0 -1996.56109469128
0.582 5.15463917525773 -1991.40645551603
0.556 2.87769784172662 -1988.5287576743
0.526 -0.380228136882129 -1988.90898581118
0.587 -2.55536626916525 -1991.46435208035
0.573 5.41012216404887 -1986.0542299163
0.508 3.93700787401575 -1982.11722204228
0.575 -0.521739130434783 -1982.63896117272
0.559 4.47227191413238 -1978.16668925858
0.544 2.20588235294118 -1975.96080690564
0.582 5.84192439862543 -1970.11888250702
0.552 5.43478260869565 -1964.68409989832
0.557 3.05206463195691 -1961.63203526637
0.523 -2.48565965583174 -1964.1176949222
0.548 -0.364963503649635 -1964.48265842585
0.529 5.10396975425331 -1959.37868867159
0.542 5.16605166051661 -1954.21263701108
0.529 6.99432892249527 -1947.21830808858
0.535 6.54205607476636 -1940.67625201381
0.498 4.81927710843374 -1935.85697490538
0.546 -2.1978021978022 -1938.05477710318
0.528 1.89393939393939 -1936.16083770924
0.549 3.09653916211293 -1933.06429854713
0.514 -1.16731517509728 -1934.23161372223
0.446 8.07174887892377 -1926.1598648433
0.554 7.5812274368231 -1918.57863740648
0.553 4.88245931283906 -1913.69617809364
0.498 3.6144578313253 -1910.08172026232
0.534 4.11985018726592 -1905.96187007505
0.545 -2.01834862385321 -1907.9802186989
0.543 7.18232044198895 -1900.79789825692
0.46 4.78260869565217 -1896.01528956126
0.524 -2.29007633587786 -1898.30536589714
0.572 8.39160839160839 -1889.91375750553
0.567 6.87830687830688 -1883.03545062723
0.564 2.83687943262411 -1880.1985711946
0.589 -4.92359932088285 -1885.12217051548
0.533 5.81613508442777 -1879.30603543106
0.475 5.26315789473684 -1874.04287753632
0.511 -2.93542074363992 -1876.97829827996
0.517 -0.58027079303675 -1877.558569073
0.458 -2.18340611353712 -1879.74197518653
0.519 10.597302504817 -1869.14467268172
0.551 8.16696914700544 -1860.97770353471
0.545 4.58715596330275 -1856.39054757141
0.538 4.83271375464684 -1851.55783381676
0.563 -4.79573712255773 -1856.35357093932
0.57 0.701754385964912 -1855.65181655335
0.57 -0.701754385964912 -1856.35357093932
0.563 2.66429840142096 -1853.6892725379
0.547 -6.03290676416819 -1859.72217930207
0.551 0.907441016333938 -1858.81473828573
0.538 0 -1858.81473828573
0.552 0.36231884057971 -1858.45241944515
0.546 9.52380952380952 -1848.92860992134
0.508 7.48031496062992 -1841.44829496071
0.463 -1.07991360691145 -1842.52820856763
0.482 0.829875518672199 -1841.69833304895
0.567 11.1111111111111 -1830.58722193784
0.516 3.10077519379845 -1827.48644674404
0.473 -1.05708245243129 -1828.54352919647
0.476 -10.5042016806723 -1839.04773087715
0.452 9.73451327433628 -1829.31321760281
0.54 10.3703703703704 -1818.94284723244
0.558 10.752688172043 -1808.1901590604
0.562 5.33807829181495 -1802.85208076858
0.531 -2.44821092278719 -1805.30029169137
0.515 -5.63106796116505 -1810.93135965253
0.522 4.21455938697318 -1806.71680026556
0.521 2.11132437619962 -1804.60547588936
0.576 0.694444444444444 -1803.91103144492
0.518 1.15830115830116 -1802.75273028662
0.512 10.9375 -1791.81523028662
0.516 -1.16279069767442 -1792.97802098429
0.535 12.5233644859813 -1780.45465649831
0.483 5.59006211180124 -1774.86459438651
0.512 3.515625 -1771.34896938651
0.525 8.19047619047619 -1763.15849319603
0.607 24.5469522240527 -1738.61154097198
0.619 25.0403877221325 -1713.57115324985
0.526 16.3498098859316 -1697.22134336392
0.475 13.2631578947368 -1683.95818546918
0.507 3.35305719921105 -1680.60512826997
0.517 2.51450676982592 -1678.09062150014
0.486 2.88065843621399 -1675.20996306393
0.509 3.7328094302554 -1671.47715363367
0.496 4.43548387096774 -1667.0416697627
0.51 -0.784313725490196 -1667.82598348819
0.517 5.99613152804642 -1661.82985196015
0.521 2.87907869481766 -1658.95077326533
0.528 0 -1658.95077326533
0.528 -4.92424242424242 -1663.87501568957
0.511 0.195694716242661 -1663.67932097333
0.482 -1.2448132780083 -1664.92413425134
0.487 -2.6694045174538 -1667.59353876879
0.522 5.74712643678161 -1661.84641233201
0.477 16.9811320754717 -1644.86528025654
0.557 9.15619389587074 -1635.70908636067
0.529 10.7750472589792 -1624.93403910169
0.53 11.3207547169811 -1613.61328438471
0.545 10.4587155963303 -1603.15456878838
0.582 14.7766323024055 -1588.37793648597
0.586 17.4061433447099 -1570.97179314126
0.56 13.2142857142857 -1557.75750742698
0.568 11.9718309859155 -1545.78567644106
0.543 9.39226519337017 -1536.39341124769
0.516 10.4651162790698 -1525.92829496862
0.537 10.2420856610801 -1515.68620930754
0.564 13.8297872340426 -1501.8564220735
0.541 13.4935304990758 -1488.36289157442
0.538 13.0111524163569 -1475.35173915807
0.563 25.7548845470693 -1449.596854611
0.576 29.5138888888889 -1420.08296572211
0.57 31.2280701754386 -1388.85489554667
0.546 16.4835164835165 -1372.37137906315
0.546 10.2564102564103 -1362.11496880674
0.575 10.2608695652174 -1351.85409924152
0.605 6.44628099173554 -1345.40781824979
0.572 9.79020979020979 -1335.61760845958
0.453 5.07726269315673 -1330.54034576642
0.471 4.45859872611465 -1326.08174704031
0.49 1.63265306122449 -1324.44909397908
0.504 13.4920634920635 -1310.95703048702
0.504 3.57142857142857 -1307.38560191559
0.524 -4.9618320610687 -1312.34743397666
0.534 6.36704119850187 -1305.98039277816
0.511 8.80626223091977 -1297.17413054724
0.479 5.63674321503132 -1291.53738733221
0.501 14.1716566866267 -1277.36573064558
0.491 5.4989816700611 -1271.86674897552
0.532 1.50375939849624 -1270.36298957702
0.42 0.476190476190476 -1269.88679910083
0.45 -0.444444444444444 -1270.33124354528
0.414 0.483091787439614 -1269.84815175784
0.467 -2.78372591006424 -1272.6318776679
0.504 3.96825396825397 -1268.66362369965
0.457 -1.96936542669584 -1270.63298912634
0.483 -0.20703933747412 -1270.84002846382
0.541 12.7541589648799 -1258.08586949894
0.453 5.07726269315673 -1253.00860680578
0.431 14.6171693735499 -1238.39143743223
0.482 -2.0746887966805 -1240.46612622891
0.564 -0.709219858156028 -1241.17534608707
0.56 0.714285714285714 -1240.46106037278
0.512 10.15625 -1230.30481037278
0.529 6.99432892249527 -1223.31048145029
0.551 12.8856624319419 -1210.42481901835
0.538 11.8959107806691 -1198.52890823768
0.557 7.71992818671454 -1190.80898005096
0.565 5.48672566371681 -1185.32225438724
0.541 8.68761552680222 -1176.63463886044
0.536 2.98507462686567 -1173.64956423358
0.576 6.59722222222222 -1167.05234201135
0.567 4.05643738977072 -1162.99590462158
0.532 7.89473684210526 -1155.10116777948
0.513 2.53411306042885 -1152.56705471905
0.547 -2.74223034734918 -1155.3092850664
0.503 8.94632206759443 -1146.3629629988
0.481 12.6819126819127 -1133.68105031689
0.513 15.009746588694 -1118.6713037282
0.505 2.57425742574257 -1116.09704630246
0.523 6.30975143403442 -1109.78729486842
0.503 6.56063618290258 -1103.22665868552
0.454 1.76211453744493 -1101.46454414807
0.466 9.01287553648069 -1092.45166861159
0.481 3.11850311850312 -1089.33316549309
0.53 -4.15094339622642 -1093.48410888932
0.508 -6.2992125984252 -1099.78332148774
0.509 -1.76817288801572 -1101.55149437576
0.521 1.72744721689059 -1099.82404715887
0.526 -7.22433460076046 -1107.04838175963
0.535 4.29906542056075 -1102.74931633907
0.56 7.5 -1095.24931633907
0.527 11.9544592030361 -1083.29485713603
0.548 4.01459854014599 -1079.28025859588
0.549 8.92531876138434 -1070.3549398345
0.57 16.140350877193 -1054.21458895731
0.57 15.0877192982456 -1039.12686965906
0.545 12.2935779816514 -1026.83329167741
0.49 3.6734693877551 -1023.15982228965
0.573 5.41012216404887 -1017.74970012561
0.477 9.43396226415094 -1008.31573786145
0.526 15.2091254752852 -993.106612386169
0.548 3.28467153284672 -989.821940853323
0.573 6.45724258289703 -983.364698270426
0.562 0 -983.364698270426
0.486 9.05349794238683 -974.311200328039
0.538 3.71747211895911 -970.59372820908
0.56 0 -970.59372820908
0.545 6.05504587155963 -964.53868233752
0.556 0.359712230215827 -964.178970107304
0.455 -3.2967032967033 -967.475673404007
0.469 0.639658848614073 -966.836014555393
0.46 -0.434782608695652 -967.270797164089
0.573 -0.174520069808028 -967.445317233897
0.525 6.66666666666667 -960.77865056723
0.552 -0.36231884057971 -961.14096940781
0.562 2.49110320284698 -958.649866204963
0.525 7.04761904761905 -951.602247157344
0.488 0.409836065573771 -951.19241109177
0.547 -0.182815356489945 -951.37522644826
0.543 10.1289134438306 -941.24631300443
0.526 5.32319391634981 -935.92311908808
0.532 -4.13533834586466 -940.058457433945
0.514 -2.72373540856031 -942.782192842505
0.541 -2.40295748613678 -945.185150328642
0.534 2.99625468164794 -942.188895646994
0.553 1.62748643761302 -940.561409209381
0.53 3.77358490566038 -936.78782430372
0.525 -1.33333333333333 -938.121157637054
0.535 -2.05607476635514 -940.177232403409
0.567 -0.529100529100529 -940.706332932509
0.556 1.43884892086331 -939.267484011646
0.545 2.01834862385321 -937.249135387793
0.541 9.05730129390018 -928.191834093893
0.509 8.44793713163065 -919.743896962262
0.468 5.12820512820513 -914.615691834057
0.511 9.19765166340509 -905.418040170652
0.499 3.80761523046092 -901.610424940191
0.539 13.543599257885 -888.066825682306
0.517 7.54352030947776 -880.523305372828
0.558 2.8673835125448 -877.655921860283
0.578 5.19031141868512 -872.465610441598
0.53 2.26415094339623 -870.201459498202
0.557 4.84739676840215 -865.3540627298
0.551 -2.72232304900181 -868.076385778802
0.531 1.69491525423729 -866.381470524564
0.516 8.52713178294574 -857.854338741619
0.554 1.80505415162455 -856.049284589994
0.501 10.5788423153693 -845.470442274625
0.568 11.2676056338028 -834.202836640822
0.533 7.31707317073171 -826.88576347009
0.531 3.2015065913371 -823.684256878753
0.504 5.95238095238095 -817.731875926372
0.537 5.40037243947859 -812.331503486894
0.53 4.52830188679245 -807.803201600101
0.555 2.7027027027027 -805.100498897398
0.535 5.79439252336449 -799.306106374034
0.576 1.04166666666667 -798.264439707367
0.514 9.33852140077821 -788.925918306589
0.59 10.1694915254237 -778.756426781165
0.53 6.0377358490566 -772.718690932109
0.509 1.37524557956778 -771.343445352541
0.539 6.49350649350649 -764.849938859035
0.523 -2.10325047801147 -766.953189337046
0.56 3.92857142857143 -763.024617908475
0.534 6.74157303370786 -756.283044874767
0.55 -0.363636363636364 -756.646681238403
0.518 2.31660231660232 -754.330078921801
0.545 7.52293577981651 -746.807143141984
0.576 1.04166666666667 -745.765476475318
0.555 -2.7027027027027 -748.46817917802
0.53 4.52830188679245 -743.939877291228
0.507 1.77514792899408 -742.164729362234
0.478 8.78661087866109 -733.378118483573
0.495 9.8989898989899 -723.479128584583
0.509 2.55402750491159 -720.925101079671
0.505 -0.594059405940594 -721.519160485612
0.504 13.0952380952381 -708.423922390374
0.533 2.81425891181989 -705.609663478554
0.524 4.19847328244275 -701.411190196111
0.506 6.32411067193676 -695.087079524174
0.509 10.4125736738703 -684.674505850304
0.475 5.68421052631579 -678.990295323988
0.576 11.8055555555556 -667.184739768433
0.492 4.47154471544715 -662.713195052985
0.535 5.79439252336449 -656.918802529621
0.514 3.50194552529183 -653.416857004329
0.519 14.0655105973025 -639.351346407027
0.54 5.92592592592593 -633.425420481101
0.54 -5.18518518518519 -638.610605666286
0.527 6.26185958254269 -632.348746083743
0.577 0.519930675909879 -631.828815407833
0.544 4.04411764705882 -627.784697760774
0.533 12.1951219512195 -615.589575809555
0.516 12.015503875969 -603.574071933586
0.511 9.98043052837573 -593.59364140521
0.475 10.7368421052632 -582.856799299947
0.42 9.04761904761905 -573.809180252328
0.419 -1.67064439140811 -575.479824643736
0.503 4.17495029821074 -571.304874345525
0.46 6.08695652173913 -565.217917823786
0.493 5.0709939148073 -560.146923908979
0.494 4.04858299595142 -556.098340913028
0.485 -2.68041237113402 -558.778753284162
0.493 -5.88235294117647 -564.661106225338
0.406 -0.985221674876847 -565.646327900215
0.417 2.15827338129496 -563.48805451892
0.469 0.213219616204691 -563.274834902715
0.494 -0.809716599190283 -564.084551501905
0.457 1.53172866520788 -562.552822836698
0.471 5.30785562632696 -557.244967210371
0.469 -4.47761194029851 -561.722579150669
0.483 -0.20703933747412 -561.929618488143
0.463 4.53563714902808 -557.393981339115
0.471 1.06157112526539 -556.33241021385
0.482 -0.829875518672199 -557.162285732522
0.428 3.27102803738318 -553.891257695139
0.431 14.15313225058 -539.738125444559
0.437 3.4324942791762 -536.305631165383
0.452 4.42477876106195 -531.880852404321
0.431 1.62412993039443 -530.256722473926
0.518 6.94980694980695 -523.306915524119
0.447 1.11856823266219 -522.188347291457
0.435 0.689655172413793 -521.498692119043
0.496 1.20967741935484 -520.289014699688
0.441 1.58730158730159 -518.701713112387
0.449 3.78619153674833 -514.915521575639
0.514 7.00389105058366 -507.911630525055
0.42 1.42857142857143 -506.483059096483
0.424 3.30188679245283 -503.181172304031
0.47 -8.51063829787234 -511.691810601903
0.512 1.953125 -509.738685601903
0.588 2.72108843537415 -507.017597166529
0.533 2.06378986866792 -504.953807297861
0.525 -2.85714285714286 -507.810950155004
0.519 -2.89017341040462 -510.701123565408
0.506 2.37154150197628 -508.329582063432
0.547 3.47349177330896 -504.856090290123
0.54 9.62962962962963 -495.226460660493
0.515 -3.68932038834951 -498.915781048843
0.553 5.60578661844485 -493.309994430398
0.537 -1.30353817504655 -494.613532605445
0.549 -3.4608378870674 -498.074370492512
0.61 -2.29508196721311 -500.369452459725
0.553 -7.05244122965642 -507.421893689382
0.517 1.74081237911025 -505.681081310271
0.535 -0.934579439252336 -506.615660749524
0.495 3.83838383838384 -502.77727691114
0.523 4.78011472275335 -497.997162188387
0.544 2.20588235294118 -495.791279835445
0.559 1.25223613595707 -494.539043699488
0.541 4.62107208872458 -489.917971610764
0.557 0.897666068222621 -489.020305542541
0.522 -0.766283524904215 -489.786589067445
0.536 2.23880597014925 -487.547783097296
0.53 -2.26415094339623 -489.811934040692
0.561 8.37789661319073 -481.434037427502
0.475 4.84210526315789 -476.591932164344
0.529 -8.88468809073724 -485.476620255081
0.563 2.30905861456483 -483.167561640516
0.511 -4.50097847358121 -487.668540114097
0.504 3.57142857142857 -484.097111542669
0.552 6.15942028985507 -477.937691252814
0.517 -8.31721470019342 -486.254905953007
0.568 6.69014084507042 -479.564765107937
0.536 7.83582089552239 -471.728944212414
0.554 2.52707581227437 -469.20186840014
0.541 0.924214417744917 -468.277653982395
0.554 0.36101083032491 -467.91664315207
0.56 4.64285714285714 -463.273786009213
0.516 8.52713178294574 -454.746654226267
0.518 3.47490347490348 -451.271750751364
0.53 5.66037735849057 -445.611373392873
0.543 7.55064456721915 -438.060728825654
0.496 3.2258064516129 -434.834922374041
0.558 3.9426523297491 -430.892270044292
0.508 8.26771653543307 -422.624553508859
0.547 0.914076782449726 -421.710476726409
0.499 3.0060120240481 -418.704464702361
0.546 5.12820512820513 -413.576259574156
0.558 3.9426523297491 -409.633607244407
0.551 9.98185117967332 -399.651756064733
0.57 1.75438596491228 -397.897370099821
0.571 5.42907180385289 -392.468298295968
0.525 5.52380952380952 -386.944488772159
0.563 4.79573712255773 -382.148751649601
0.528 -0.757575757575758 -382.906327407177
0.541 -2.03327171903882 -384.939599126216
0.559 -4.47227191413238 -389.411871040348
0.547 7.12979890310786 -382.28207213724
0.503 0.198807157057654 -382.083264980183
0.522 8.42911877394636 -373.654146206236
0.55 3.27272727272727 -370.381418933509
0.556 2.87769784172662 -367.503721091782
0.562 1.06761565836299 -366.436105433419
0.512 9.765625 -356.670480433419
0.551 -0.181488203266788 -356.851968636686
0.524 -2.67175572519084 -359.523724361877
0.553 4.15913200723327 -355.364592354644
0.49 1.22448979591837 -354.140102558725
0.509 8.84086444007858 -345.299238118647
0.53 7.54716981132075 -337.752068307326
0.537 2.04841713221601 -335.70365117511
0.572 4.54545454545455 -331.158196629655
0.573 8.90052356020942 -322.257673069446
0.493 0.608519269776876 -321.649153799669
0.513 9.55165692007797 -312.097496879591
0.511 -1.36986301369863 -313.46735989329
0.548 5.47445255474453 -307.992907338545
0.508 -6.69291338582677 -314.685820724372
0.552 0.72463768115942 -313.961183043213
0.577 7.79896013864818 -306.162222904564
0.555 -5.22522522522523 -311.38744812979
0.511 3.32681017612524 -308.060637953664
0.485 0.618556701030928 -307.442081252633
0.542 4.0590405904059 -303.383040662228
0.543 2.76243093922652 -300.620609723001
0.542 4.7970479704797 -295.823561752521
0.535 4.29906542056075 -291.524496331961
0.533 2.4390243902439 -289.085471941717
0.542 7.38007380073801 -281.705398140979
0.534 4.11985018726592 -277.585547953713
0.541 1.66358595194085 -275.921962001772
0.493 7.09939148073022 -268.822570521042
0.442 -0.452488687782805 -269.275059208824
0.501 10.1796407185629 -259.095418490262
0.59 8.13559322033898 -250.959825269923
0.536 -0.746268656716418 -251.706093926639
0.547 -3.83912248628885 -255.545216412928
0.531 6.96798493408663 -248.577231478841
0.536 13.0597014925373 -235.517529986304
0.548 2.91970802919708 -232.597821957107
0.48 5.41666666666667 -227.18115529044
0.574 6.27177700348432 -220.909378286956
0.522 -2.68199233716475 -223.591370624121
0.6 3 -220.591370624121
0.507 -0.591715976331361 -221.183086600452
0.554 8.66425992779783 -212.518826672654
0.52 7.69230769230769 -204.826518980346
0.493 7.91075050709939 -196.915768473247
0.494 4.8582995951417 -192.057468878105
0.485 -0.206185567010309 -192.263654445116
0.542 2.9520295202952 -189.31162492482
0.537 -2.04841713221601 -191.360042057036
0.506 -6.71936758893281 -198.079409645969
0.431 5.80046403712297 -192.278945608846
0.496 2.82258064516129 -189.456364963685
0.517 6.38297872340426 -183.073386240281
0.51 1.96078431372549 -181.112601926555
0.568 3.87323943661972 -177.239362489936
0.505 2.57425742574257 -174.665105064193
0.516 2.71317829457364 -171.951926769619
0.563 3.37477797513321 -168.577148794486
0.531 9.22787193973635 -159.34927685475
0.515 9.90291262135922 -149.446364233391
0.515 0.970873786407767 -148.475490446983
0.5 0.8 -147.675490446983
0.548 7.2992700729927 -140.37622037399
0.536 8.2089552238806 -132.167265150109
0.492 4.47154471544715 -127.695720434662
0.501 1.79640718562874 -125.899313249034
0.558 11.4695340501792 -114.429779198854
0.531 -3.57815442561205 -118.007933624466
0.565 3.71681415929204 -114.291119465174
0.469 1.06609808102345 -113.225021384151
0.547 5.30164533820841 -107.923376045943
0.549 4.18943533697632 -103.733940708966
0.526 7.60456273764259 -96.1293779713236
0.528 8.33333333333333 -87.7960446379903
0.53 1.13207547169811 -86.6639691662922
0.51 6.66666666666667 -79.9973024996255
0.522 -3.83141762452107 -83.8287201241466
0.476 7.14285714285714 -76.6858629812894
0.564 3.54609929078014 -73.1397636905093
0.541 5.73012939001848 -67.4096343004908
0.568 1.40845070422535 -66.0011835962655
0.488 15.983606557377 -50.0175770388884
0.541 0.924214417744917 -49.0933626211435
0.545 4.95412844036697 -44.1392341807765
0.513 1.364522417154 -42.7747117636225
0.517 -1.35396518375242 -44.1286769473749
0.537 -3.91061452513966 -48.0392914725146
0.527 0.189753320683112 -47.8495381518315
0.534 13.1086142322097 -34.7409239196218
0.549 5.64663023679417 -29.0942936828276
0.529 7.37240075614367 -21.7218929266839
0.532 0.37593984962406 -21.3459530770599
0.503 7.75347912524851 -13.5924739518114
0.563 2.66429840142096 -10.9281755503904
0.575 1.91304347826087 -9.01513207212952
0.504 -1.19047619047619 -10.2056082626057
0.517 4.06189555125725 -6.14371271134846
0.528 5.68181818181818 -0.46189452953028
0.535 5.42056074766355 4.95866621813327
0.53 9.81132075471698 14.7699869728503
0.562 4.98220640569395 19.7521933785442
0.558 2.1505376344086 21.9027310129528
0.537 3.1657355679702 25.068466580923
0.535 11.7757009345794 36.8441675155024
0.514 1.94552529182879 38.7896928073312
0.501 3.79241516966068 42.5821079769919
0.469 -2.3454157782516 40.2366921987403
0.541 4.99075785582255 45.2274500545629
0.53 10.9433962264151 56.170846280978
0.546 6.22710622710623 62.3979525080842
0.551 0.907441016333938 63.3053935244181
0.525 8.19047619047619 71.4958697148943
0.6 1 72.4958697148943
0.542 3.690036900369 76.1859066152633
0.562 7.11743772241993 83.3033443376833
0.56 0.714285714285714 84.017630051969
0.559 2.32558139534884 86.3432114473178
0.542 2.9520295202952 89.295240967613
0.511 13.5029354207436 102.798176388357
0.553 4.15913200723327 106.95730839559
0.537 6.14525139664805 113.102559792238
0.568 11.2676056338028 124.370165426041
0.503 5.36779324055666 129.737958666597
0.515 6.40776699029126 136.145725656889
0.5 2 138.145725656889
0.406 6.40394088669951 144.549666543588
0.385 -12.2077922077922 132.341874335796
0.497 15.4929577464789 147.834832082275
0.501 1.79640718562874 149.631239267904
0.556 5.03597122302158 154.667210490925
0.492 2.4390243902439 157.106234881169
0.535 -5.79439252336449 151.311842357805
0.555 1.98198198198198 153.293824339787
0.529 -0.189035916824197 153.104788422962
0.486 -5.34979423868313 147.754994184279
0.509 -6.8762278978389 140.87876628644
0.53 -0.754716981132076 140.124049305308
0.535 4.29906542056075 144.423114725869
0.525 5.52380952380952 149.946924249679
0.527 -3.2258064516129 146.721117798066
0.475 -1.05263157894737 145.668486219118
0.58 -0.689655172413793 144.978831046704
0.483 -6.00414078674948 138.974690259955
0.532 -14.2857142857143 124.688975974241
0.536 -10.8208955223881 113.868080451853
0.531 -0.188323917137476 113.679756534715
0.617 -11.8314424635332 101.848314071182
0.53 -3.39622641509434 98.4520876560876
0.529 -1.32325141776938 97.1288362383183
0.536 -2.98507462686567 94.1437616114526
0.528 -9.46969696969697 84.6740646417556
0.577 -11.265164644714 73.4088999970416
0.558 -2.1505376344086 71.258362362633
0.526 1.90114068441065 73.1595030470436
0.495 -4.64646464646465 68.513038400579
0.555 -6.66666666666667 61.8463717339123
0.511 4.89236790606654 66.7387396399788
0.569 -14.9384885764499 51.8002510635289
0.509 -4.12573673870334 47.6745143248256
0.535 11.4018691588785 59.0763834837041
0.52 3.07692307692308 62.1533065606272
0.565 -3.36283185840708 58.7904747022201
0.543 3.13075506445672 61.9212297666768
0.507 -3.35305719921105 58.5681725674658
0.484 -2.06611570247934 56.5020568649864
0.47 -13.1914893617021 43.3105675032843
0.521 -2.87907869481766 40.4314888084667
0.498 -2.40963855421687 38.0218502542498
0.508 2.75590551181102 40.7777557660608
0.5 -0.8 39.9777557660608
0.537 -1.30353817504655 38.6742175910143
0.538 2.23048327137546 40.9047008623897
0.556 -2.87769784172662 38.0270030206631
0.568 -7.3943661971831 30.63263682348
0.595 -0.168067226890756 30.4645695965892
0.59 -3.72881355932203 26.7357560372672
0.557 5.56552962298025 32.3012856602475
0.549 -6.01092896174863 26.2903566984988
0.532 5.26315789473684 31.5535145932357
0.48 5.83333333333333 37.386847926569
0.511 -4.50097847358121 32.8858694529878
0.534 -1.87265917602996 31.0132102769578
0.532 -3.38345864661654 27.6297516303413
0.527 3.2258064516129 30.8555580819542
0.505 5.74257425742574 36.5981323393799
0.547 2.0109689213894 38.6091012607693
0.506 -4.34782608695652 34.2612751738128
0.571 -1.22591943957968 33.0353557342331
0.517 -0.967117988394584 32.0682377458385
0.533 -1.68855534709193 30.3796823987466
0.454 -6.6079295154185 23.7717528833281
0.505 -5.34653465346535 18.4252182298628
0.522 4.98084291187739 23.4060611417402
0.49 -11.8367346938776 11.5693264478626
0.531 -8.47457627118644 3.09475017667616
0.51 3.92156862745098 7.01631880412714
0.554 4.33212996389892 11.3484487680261
0.532 -10.5263157894737 0.822132978552374
0.567 -4.40917107583774 -3.58703809728537
0.583 -8.40480274442539 -11.9918408417108
0.525 -7.42857142857143 -19.4204122702822
0.504 1.98412698412698 -17.4362852861552
0.553 -1.98915009041591 -19.4254353765711
0.528 -14.3939393939394 -33.8193747705105
0.482 -4.9792531120332 -38.7986278825437
0.553 1.98915009041591 -36.8094777921278
0.536 -10.8208955223881 -47.6303733145159
0.489 -1.84049079754601 -49.4708641120619
0.496 -4.83870967741935 -54.3095737894812
0.526 -8.36501901140684 -62.6745928008881
0.532 0 -62.6745928008881
0.528 -6.43939393939394 -69.113986740282
0.534 -7.49063670411985 -76.6046234444019
0.465 -4.08602150537634 -80.6906449497782
0.513 8.7719298245614 -71.9187151252168
0.502 -11.1553784860558 -83.0740936112726
0.521 -6.71785028790787 -89.7919438991804
0.465 2.79569892473118 -86.9962449744493
0.544 1.83823529411765 -85.1580096803316
0.581 1.54905335628227 -83.6089563240493
0.496 1.20967741935484 -82.3992789046945
0.492 -0.813008130081301 -83.2122870347758
0.53 2.64150943396226 -80.5707776008135
0.532 14.2857142857143 -66.2850633150993
0.503 1.78926441351889 -64.4957989015804
0.548 1.82481751824818 -62.6709813833322
0.528 1.51515151515152 -61.1558298681807
0.498 10.0401606425703 -51.1156692256104
0.564 9.21985815602837 -41.895811069582
0.505 -0.99009900990099 -42.885910079483
0.511 2.5440313111546 -40.3418787683284
0.56 -0.357142857142857 -40.6990216254713
0.563 3.37477797513321 -37.3242436503381
0.506 0.395256916996047 -36.928986733342
0.561 -0.89126559714795 -37.82025233049
0.47 1.27659574468085 -36.5436565858091
0.494 -2.83400809716599 -39.3776646829751
0.494 -14.5748987854251 -53.9525634684002
0.518 -4.24710424710425 -58.1996677155044
0.531 -1.69491525423729 -59.8945829697417
0.501 -0.199600798403194 -60.0941837681449
0.519 -7.12909441233141 -67.2232781804763
0.531 -9.6045197740113 -76.8277979544876
0.494 -7.69230769230769 -84.5201056467953
0.568 -10.5633802816901 -95.0834859284855
0.511 -11.1545988258317 -106.238084754317
0.519 -4.04624277456647 -110.284327528884
0.496 -1.20967741935484 -111.494004948238
0.47 -8.93617021276596 -120.430175161004
0.522 -1.53256704980843 -121.962742210813
0.565 -3.71681415929204 -125.679556370105
0.533 -3.18949343339587 -128.869049803501
0.529 -4.34782608695652 -133.216875890457
0.492 2.84552845528455 -130.371347435173
0.508 -4.33070866141732 -134.70205609659
0.576 -12.8472222222222 -147.549278318812
0.485 -1.44329896907216 -148.992577287884
0.563 2.30905861456483 -146.68351867332
0.533 -1.31332082551595 -147.996839498836
0.528 -3.03030303030303 -151.027142529139
0.535 -6.54205607476636 -157.569198603905
0.539 -9.09090909090909 -166.660107694814
0.538 -10.0371747211896 -176.697282416004
0.511 -4.10958904109589 -180.8068714571
0.572 -8.39160839160839 -189.198479848708
0.543 3.13075506445672 -186.067724784251
0.568 1.76056338028169 -184.30716140397
0.508 1.18110236220472 -183.126059041765
0.557 -1.25673249551167 -184.382791537276
0.527 -11.1954459203036 -195.57823745758
0.52 -3.46153846153846 -199.039775919119
0.506 -7.90513833992095 -206.944914259039
0.53 -4.52830188679245 -211.473216145832
0.501 0.598802395209581 -210.874413750622
0.52 0.769230769230769 -210.105182981392
0.497 -7.04225352112676 -217.147436502518
0.593 1.85497470489039 -215.292461797628
0.559 3.04114490161002 -212.251316896018
0.602 -1.99335548172757 -214.244672377746
0.562 3.20284697508897 -211.041825402657
0.575 0.869565217391304 -210.172260185265
0.546 4.76190476190476 -205.41035542336
0.541 -2.03327171903882 -207.443627142399
0.549 -4.18943533697632 -211.633062479376
0.52 3.07692307692308 -208.556139402453
0.541 -0.184842883548983 -208.740982286001
0.602 1.32890365448505 -207.412078631516
0.545 -10.8256880733945 -218.237766704911
0.507 -8.48126232741617 -226.719029032327
0.583 -3.2590051457976 -229.978034178125
0.524 1.52671755725191 -228.451316620873
0.446 -3.1390134529148 -231.590330073788
0.445 -0.224719101123595 -231.815049174911
0.538 4.46096654275093 -227.35408263216
0.499 -7.81563126252505 -235.169713894685
0.427 -10.0702576112412 -245.239971505927
0.536 -7.46268656716418 -252.702658073091
0.568 -6.33802816901408 -259.040686242105
0.579 -5.35405872193437 -264.394744964039
0.589 -6.6213921901528 -271.016137154192
0.555 -7.38738738738739 -278.403524541579
0.568 1.76056338028169 -276.642961161298
0.579 -3.28151986183074 -279.924481023128
0.499 -3.0060120240481 -282.930493047177
0.533 -8.44277673545966 -291.373269782636
0.559 2.68336314847943 -288.689906634157
0.576 0 -288.689906634157
0.573 -0.87260034904014 -289.562506983197
0.539 -2.78293135435993 -292.345438337557
0.52 1.15384615384615 -291.191592183711
0.56 3.92857142857143 -287.263020755139
0.558 -1.0752688172043 -288.338289572344
0.591 -2.53807106598985 -290.876360638333
0.592 -1.68918918918919 -292.565549827523
0.545 -6.42201834862385 -298.987568176146
0.543 -4.97237569060773 -303.959943866754
0.502 -0.796812749003984 -304.756756615758
0.551 -5.26315789473684 -310.019914510495
0.53 -2.26415094339623 -312.284065453891
0.576 -7.29166666666667 -319.575732120558
0.551 -1.27041742286751 -320.846149543425
0.564 -5.31914893617021 -326.165298479596
0.544 -2.20588235294118 -328.371180832537
0.508 -1.96850393700787 -330.339684769545
0.52 -2.30769230769231 -332.647377077237
0.51 -7.84313725490196 -340.490514332139
0.508 -1.5748031496063 -342.065317481745
0.552 -5.43478260869565 -347.500100090441
0.603 -6.46766169154229 -353.967761781983
0.562 0.711743772241993 -353.256018009741
0.576 -8.68055555555556 -361.936573565297
0.544 -7.35294117647059 -369.289514741767
0.57 -0.701754385964912 -369.991269127732
0.59 -2.71186440677966 -372.703133534512
0.584 -0.342465753424658 -373.045599287937
0.581 2.23752151462995 -370.808077773307
0.57 -7.01754385964912 -377.825621632956
0.585 5.98290598290598 -371.84271565005
0.55 4 -367.84271565005
0.569 -4.74516695957821 -372.587882609628
0.498 -2.40963855421687 -374.997521163845
0.584 -6.16438356164384 -381.161904725489
0.577 -0.173310225303293 -381.335214950792
0.535 -3.92523364485981 -385.260448595652
0.578 2.42214532871972 -382.838303266932
0.562 -1.06761565836299 -383.905918925295
0.561 -2.67379679144385 -386.579715716739
0.509 -10.0196463654224 -396.599362082161
0.546 -8.42490842490843 -405.02427050707
0.511 -2.15264187866928 -407.176912385739
0.489 -0.204498977505112 -407.381411363244
0.531 -5.08474576271186 -412.466157125956
0.52 0 -412.466157125956
0.506 -5.92885375494071 -418.395010880897
0.505 -6.93069306930693 -425.325703950204
0.574 0 -425.325703950204
0.531 -6.96798493408663 -432.29368888429
0.533 -14.0712945590994 -446.36498344339
0.527 -5.88235294117647 -452.247336384566
0.519 1.34874759152216 -450.898588793044
0.549 -13.6612021857923 -464.559790978836
0.509 -2.55402750491159 -467.113818483748
0.59 -1.35593220338983 -468.469750687138
0.55 -10.5454545454545 -479.015205232592
0.595 -2.85714285714286 -481.872348089735
0.586 -9.89761092150171 -491.769959011237
0.606 -12.8712871287129 -504.64124613995
0.536 -13.4328358208955 -518.074081960845
0.572 0.699300699300699 -517.374781261545
0.552 -9.78260869565217 -527.157389957197
0.542 -9.96309963099631 -537.120489588193
0.537 -6.14525139664805 -543.265740984841
0.554 0 -543.265740984841
0.47 -4.25531914893617 -547.521060133777
0.48 -3.75 -551.271060133777
0.536 -6.34328358208955 -557.614343715867
0.536 -2.23880597014925 -559.853149686016
0.529 -7.75047258979206 -567.603622275808
0.562 -6.76156583629893 -574.365188112107
0.514 -7.39299610894942 -581.758184221056
0.502 -4.38247011952191 -586.140654340578
0.526 -4.56273764258555 -590.703391983164
0.519 2.89017341040462 -587.813218572759
0.56 -5.71428571428571 -593.527504287045
0.536 -2.98507462686567 -596.512578913911
0.511 -4.50097847358121 -601.013557387492
0.497 -5.83501006036217 -606.848567447854
0.53 -3.77358490566038 -610.622152353514
0.556 -4.31654676258993 -614.938699116104
0.515 -5.63106796116505 -620.569767077269
0.553 -7.77576853526221 -628.345535612532
0.543 -5.70902394106814 -634.0545595536
0.508 -7.48031496062992 -641.53487451423
0.563 -0.532859680284192 -642.067734194514
0.562 -5.69395017793594 -647.76168437245
0.588 -4.42176870748299 -652.183453079933
0.523 -6.30975143403442 -658.493204513967
0.509 2.94695481335953 -655.546249700608
0.529 -10.3969754253308 -665.943225125939
0.481 -7.69230769230769 -673.635532818246
0.551 -0.544464609800363 -674.179997428047
0.531 -1.69491525423729 -675.874912682284
0.549 -4.18943533697632 -680.06434801926
0.519 -7.89980732177264 -687.964155341033
0.474 -4.21940928270042 -692.183564623733
0.513 0.974658869395711 -691.208905754338
0.48 -6.25 -697.458905754338
0.533 -0.562851782363977 -698.021757536702
0.503 2.5844930417495 -695.437264494952
0.512 -3.515625 -698.952889494952
0.52 -1.92307692307692 -700.875966418029
0.485 -2.2680412371134 -703.144007655142
0.532 -1.8796992481203 -705.023706903263
0.508 -7.08661417322835 -712.110321076491
0.515 -6.79611650485437 -718.906437581345
0.521 -3.6468330134357 -722.553270594781
0.523 4.39770554493308 -718.155565049848
0.487 -3.49075975359343 -721.646324803441
0.534 -4.8689138576779 -726.515238661119
0.524 -6.48854961832061 -733.00378827944
0.551 -7.07803992740472 -740.081828206845
0.54 -6.66666666666667 -746.748494873511
0.454 -10.1321585903084 -756.88065346382
0.52 0.384615384615385 -756.496038079204
0.515 2.13592233009709 -754.360115749107
0.525 7.04761904761905 -747.312496701488
0.528 1.13636363636364 -746.176133065125
0.498 -9.63855421686747 -755.814687281992
0.554 -1.08303249097473 -756.897719772967
0.565 -2.30088495575221 -759.198604728719
0.506 -2.76679841897233 -761.965403147691
0.545 -7.88990825688073 -769.855311404572
0.547 -2.0109689213894 -771.866280325961
0.563 -4.79573712255773 -776.662017448519
0.579 -4.31778929188256 -780.979806740402
0.437 -2.05949656750572 -783.039303307907
0.483 -2.27743271221532 -785.316736020123
0.489 2.24948875255624 -783.067247267566
0.513 -2.14424951267057 -785.211496780237
0.53 -4.15094339622642 -789.362440176463
0.551 -8.8929219600726 -798.255362136536
0.575 -4.34782608695652 -802.603188223493
0.55 -5.81818181818182 -808.421370041674
0.52 -1.15384615384615 -809.575216195521
0.556 -6.11510791366906 -815.69032410919
0.515 0.58252427184466 -815.107799837345
0.555 -1.26126126126126 -816.369061098606
0.556 -2.15827338129496 -818.527334479901
0.54 -0.37037037037037 -818.897704850272
0.518 -6.94980694980695 -825.847511800078
0.526 -7.98479087452472 -833.832302674603
0.551 -3.08529945553539 -836.917602130139
0.502 -4.7808764940239 -841.698478624162
0.563 -7.99289520426288 -849.691373828425
0.529 -4.72589792060491 -854.41727174903
0.597 -12.8978224455611 -867.315094194591
0.529 -3.21361058601134 -870.528704780603
0.531 -8.85122410546139 -879.379928886064
0.533 -10.3189493433396 -889.698878229404
0.538 -5.94795539033457 -895.646833619738
0.541 -4.99075785582255 -900.637591475561
0.541 -10.90573012939 -911.543321604951
0.408 0.980392156862745 -910.562929448088
0.526 -3.04182509505703 -913.604754543145
0.57 -8.42105263157895 -922.025807174724
0.449 -0.66815144766147 -922.693958622386
0.54 -4.07407407407407 -926.76803269646
0.578 -8.99653979238754 -935.764572488847
0.45 -5.77777777777778 -941.542350266625
0.509 -0.196463654223969 -941.738813920849
0.56 1.07142857142857 -940.66738534942
0.531 -1.31826741996234 -941.985652769383
0.561 -1.60427807486631 -943.589930844249
0.514 -0.778210116731518 -944.368140960981
0.575 -10.9565217391304 -955.324662700111
0.51 -6.27450980392157 -961.599172504033
0.518 -10.03861003861 -971.637782542643
0.554 -14.4404332129964 -986.078215755639
0.547 -14.8080438756856 -1000.88625963132
0.546 -5.86080586080586 -1006.74706549213
0.517 -8.70406189555126 -1015.45112738768
0.56 -5.71428571428571 -1021.16541310197
0.553 -4.15913200723327 -1025.3245451092
0.537 -2.42085661080074 -1027.74540172
0.566 -2.12014134275618 -1029.86554306276
0.506 -2.37154150197628 -1032.23708456473
0.518 -3.47490347490348 -1035.71198803964
0.515 -2.9126213592233 -1038.62460939886
0.514 -10.1167315175097 -1048.74134091637
0.497 -13.0784708249497 -1061.81981174132
0.54 -11.8518518518519 -1073.67166359317
0.521 -10.5566218809981 -1084.22828547417
0.538 -3.3457249070632 -1087.57401038123
0.534 -4.11985018726592 -1091.6938605685
0.532 0 -1091.6938605685
0.484 -1.65289256198347 -1093.34675313048
0.548 2.91970802919708 -1090.42704510129
0.525 -1.33333333333333 -1091.76037843462
0.505 -4.55445544554455 -1096.31483388016
0.456 -7.89473684210526 -1104.20957072227
0.571 -0.175131348511384 -1104.38470207078
0.563 -1.59857904085258 -1105.98328111163
0.549 -4.55373406193078 -1110.53701517356
0.548 -4.01459854014599 -1114.55161371371
0.542 -5.16605166051661 -1119.71766537423
0.549 -11.4754098360656 -1131.19307521029
0.484 -11.1570247933884 -1142.35010000368
0.481 -4.36590436590437 -1146.71600436958
0.497 -2.21327967806841 -1148.92928404765
0.508 -5.11811023622047 -1154.04739428387
0.542 -5.53505535055351 -1159.58244963443
0.534 -5.2434456928839 -1164.82589532731
0.536 -5.59701492537313 -1170.42291025268
0.543 -6.81399631675875 -1177.23690656944
0.521 -5.18234165067178 -1182.41924822011
0.534313725490196 -11.3149847094801 -1193.73423292959
