gc_content gc_skew gc_culm
0.517 -7.93036750483559 -7.93036750483559
0.472 -5.08474576271186 -13.0151132675475
0.503 -2.5844930417495 -15.599606309297
0.52 -4.23076923076923 -19.8303755400662
0.506 -9.88142292490119 -29.7117984649674
0.513 2.53411306042885 -27.1776854045385
0.509 -8.84086444007858 -36.0185498446171
0.54 -5.92592592592593 -41.944475770543
0.527 -8.15939278937381 -50.1038685599168
0.499 -2.60521042084168 -52.7090789807585
0.448 -7.58928571428571 -60.2983646950442
0.474 -12.6582278481013 -72.9565925431455
0.535 -1.30841121495327 -74.2650037580988
0.516 -7.75193798449612 -82.0169417425949
0.486 1.23456790123457 -80.7823738413603
0.524 -3.43511450381679 -84.2174883451771
0.513 -6.4327485380117 -90.6502368831888
0.528 -7.95454545454545 -98.6047823377343
0.509 -4.91159135559921 -103.516373693333
0.532 -5.6390977443609 -109.155471437694
0.494 -10.1214574898785 -119.276928927573
0.502 -5.57768924302789 -124.854618170601
0.488 3.68852459016393 -121.166093580437
0.516 -4.26356589147287 -125.42965947191
0.487 3.90143737166324 -121.528222100247
0.52 -0.769230769230769 -122.297452869477
0.531 -0.564971751412429 -122.86242462089
0.403 -17.12158808933 -139.98401271022
0.512 -9.375 -149.35901271022
0.478 4.60251046025105 -144.756502249969
0.525 -4 -148.756502249969
0.555 -7.74774774774775 -156.504249997716
0.521 -5.18234165067178 -161.686591648388
0.494 1.61943319838057 -160.067158450008
0.549 3.4608378870674 -156.60632056294
0.515 -0.58252427184466 -157.188844834785
0.502 -3.18725099601594 -160.376095830801
0.557 5.2064631956912 -155.16963263511
0.547 -11.1517367458867 -166.321369380996
0.643 -3.57698289269051 -169.898352273687
0.65 -2.76923076923077 -172.667583042918
0.591 -8.29103214890017 -180.958615191818
0.589 -12.3938879456706 -193.352503137488
0.56 -11.7857142857143 -205.138217423203
0.514 -3.89105058365759 -209.02926800686
0.609 -9.35960591133005 -218.38887391819
0.539 -10.5751391465677 -228.964013064758
0.566 -2.47349823321555 -231.437511297974
0.584 -10.2739726027397 -241.711483900713
0.59 -6.77966101694915 -248.491144917662
0.516 -3.48837209302326 -251.979517010686
0.591 1.52284263959391 -250.456674371092
0.558 2.8673835125448 -247.589290858547
0.547 3.83912248628885 -243.750168372258
0.53 -13.9622641509434 -257.712432523202
0.557 -4.48833034111311 -262.200762864315
0.58 -0.689655172413793 -262.890418036728
0.575 -2.95652173913043 -265.846939775859
0.576 -3.81944444444444 -269.666384220303
0.535 0.560747663551402 -269.105636556752
0.606 -7.59075907590759 -276.69639563266
0.568 1.40845070422535 -275.287944928434
0.674 -5.6379821958457 -280.92592712428
0.62 -10 -290.92592712428
0.622 -0.321543408360129 -291.24747053264
0.618 0 -291.24747053264
0.563 1.9538188277087 -289.293651704931
0.536 -2.98507462686567 -292.278726331797
0.49 12.2448979591837 -280.033828372613
0.486 13.9917695473251 -266.042058825288
0.501 8.18363273453094 -257.858426090757
0.508 3.1496062992126 -254.708819791545
0.497 2.21327967806841 -252.495540113476
0.531 -6.96798493408663 -259.463525047563
0.562 11.0320284697509 -248.431496577812
0.55 3.63636363636364 -244.795132941448
0.588 -0.680272108843537 -245.475405050292
0.559 0.178890876565295 -245.296514173727
0.536 4.1044776119403 -241.192036561786
0.469 -1.49253731343284 -242.684573875219
0.637 -8.32025117739403 -251.004825052613
0.58 -3.79310344827586 -254.797928500889
0.556 -8.27338129496403 -263.071309795853
0.627 4.62519936204147 -258.446110433812
0.6 -2 -260.446110433812
0.567 -1.94003527336861 -262.38614570718
0.637 -3.61067503924647 -265.996820746427
0.582 2.06185567010309 -263.934965076324
0.558 -2.5089605734767 -266.4439256498
0.564 4.9645390070922 -261.479386642708
0.497 -0.201207243460765 -261.680593886169
0.536 2.23880597014925 -259.44178791602
0.606 1.32013201320132 -258.121655902818
0.531 -1.31826741996234 -259.439923322781
0.622 2.89389067524116 -256.546032647539
0.601 -5.15806988352745 -261.704102531067
0.585 -4.61538461538461 -266.319487146452
0.553 9.58408679927667 -256.735400347175
0.549 6.73952641165756 -249.995873935517
0.592 -13.5135135135135 -263.509387449031
0.581 -22.5473321858864 -286.056719634917
0.588 -8.84353741496599 -294.900257049883
0.564 -2.4822695035461 -297.382526553429
0.55 -5.81818181818182 -303.200708371611
0.605 -2.14876033057851 -305.34946870219
0.615 -6.66666666666667 -312.016135368856
0.646 -1.23839009287926 -313.254525461736
0.626 -4.47284345047923 -317.727368912215
0.576 0 -317.727368912215
0.56 -8.21428571428571 -325.941654626501
0.616 -1.94805194805195 -327.889706574552
0.483 -9.73084886128364 -337.620555435836
0.457 0.218818380743982 -337.401737055092
0.5 5.6 -331.801737055092
0.602 -9.96677740863787 -341.76851446373
0.605 -2.8099173553719 -344.578431819102
0.511 -5.28375733855186 -349.862189157654
0.611 0.16366612111293 -349.698523036541
0.593 2.19224283305228 -347.506280203489
0.601 -0.166389351081531 -347.67266955457
0.6 -14.3333333333333 -362.006002887903
0.539 -10.5751391465677 -372.581142034471
0.614 -11.0749185667752 -383.656060601246
0.594 -10.1010101010101 -393.757070702256
0.55 2.54545454545455 -391.211616156802
0.627 -2.39234449760766 -393.60396065441
0.579 -4.31778929188256 -397.921749946292
0.594 -1.01010101010101 -398.931850956393
0.628 -9.87261146496815 -408.804462421361
0.599 -6.17696160267112 -414.981424024032
0.573 -6.10820244328098 -421.089626467313
0.617 -7.29335494327391 -428.382981410587
0.606 -4.95049504950495 -433.333476460092
0.592 -1.35135135135135 -434.684827811444
0.589 0.848896434634975 -433.835931376809
0.553 -1.26582278481013 -435.101754161619
0.599 6.17696160267112 -428.924792558948
0.527 -3.98481973434535 -432.909612293293
0.596 -2.01342281879195 -434.923035112085
0.556 6.11510791366906 -428.807927198416
0.49 3.6734693877551 -425.134457810661
0.529 -0.56710775047259 -425.701565561133
0.626 -4.47284345047923 -430.174409011613
0.622 4.18006430868167 -425.994344702931
0.606 14.5214521452145 -411.472892557716
0.579 14.6804835924007 -396.792408965316
0.54 -2.22222222222222 -399.014631187538
0.572 -2.0979020979021 -401.11253328544
0.597 -0.50251256281407 -401.615045848254
0.559 2.68336314847943 -398.931682699775
0.579 1.20898100172712 -397.722701698048
0.581 4.64716006884682 -393.075541629201
0.548 3.28467153284672 -389.790870096354
0.586 -2.73037542662116 -392.521245522975
0.519 -5.20231213872832 -397.723557661703
0.604 -5.96026490066225 -403.683822562366
0.593 6.23946037099494 -397.444362191371
0.625 -1.76 -399.204362191371
0.598 -4.68227424749164 -403.886636438862
0.617 0.486223662884927 -403.400412775977
0.56 7.85714285714286 -395.543269918835
0.543 0.920810313075506 -394.622459605759
0.495 -10.7070707070707 -405.32953031283
0.511 -11.1545988258317 -416.484129138662
0.484 -19.8347107438017 -436.318839882463
0.434 -5.52995391705069 -441.848793799514
0.571 -7.88091068301226 -449.729704482526
0.613 5.70962479608483 -444.020079686441
0.541 -5.73012939001848 -449.75020907646
0.567 -13.5802469135802 -463.33045599004
0.561 -11.9429590017825 -475.273414991823
0.618 -8.7378640776699 -484.011279069493
0.575 -15.1304347826087 -499.141713852101
0.622 -9.32475884244373 -508.466472694545
0.611 -6.38297872340426 -514.849451417949
0.626 -4.79233226837061 -519.64178368632
0.629 -4.29252782193959 -523.934311508259
0.612 -10.4575163398693 -534.391827848129
0.609 -2.13464696223317 -536.526474810362
0.601 3.49417637271215 -533.03229843765
0.636 2.51572327044025 -530.516575167209
0.52 3.07692307692308 -527.439652090286
0.564 -7.4468085106383 -534.886460600925
0.487 -8.82956878850103 -543.716029389426
0.481 -10.6029106029106 -554.318939992336
0.455 -16.9230769230769 -571.242016915413
0.454 -8.37004405286344 -579.612060968277
0.505 -14.8514851485149 -594.463546116791
0.536 -11.5671641791045 -606.030710295896
0.525 -8.95238095238095 -614.983091248277
0.528 -4.92424242424242 -619.907333672519
0.495 -10.3030303030303 -630.21036397555
0.452 -14.6017699115044 -644.812133887054
0.443 -13.7697516930023 -658.581885580056
0.493 -9.93914807302231 -668.521033653079
0.515 -14.1747572815534 -682.695790934632
0.469 -18.1236673773987 -700.819458312031
0.559 -1.25223613595707 -702.071694447988
0.596 -0.335570469798658 -702.407264917787
0.606 -1.98019801980198 -704.387462937588
0.588 -3.06122448979592 -707.448687427384
0.57 -5.96491228070175 -713.413599708086
0.599 -10.5175292153589 -723.931128923445
0.628 -8.28025477707006 -732.211383700515
0.619 -3.06946688206785 -735.280850582583
0.563 0.177619893428064 -735.103230689155
0.607 0.823723228995058 -734.27950746016
0.519 -6.35838150289017 -740.63788896305
0.595 -18.655462184874 -759.293351147924
0.619 -4.68497576736672 -763.978326915291
0.612 -2.61437908496732 -766.592706000258
0.562 2.49110320284698 -764.101602797411
0.577 -5.37261698440208 -769.474219781813
0.56 3.92857142857143 -765.545648353242
0.465 -1.0752688172043 -766.620917170446
0.451 -1.55210643015521 -768.173023600601
0.522 0 -768.173023600601
0.437 5.720823798627 -762.452199801974
0.55 -8 -770.452199801974
0.526 9.1254752851711 -761.326724516803
0.444 -10.3603603603604 -771.687084877163
0.456 0 -771.687084877163
0.438 -5.02283105022831 -776.709915927392
0.561 10.5169340463458 -766.192981881046
0.516 0.775193798449612 -765.417788082596
0.629 -5.24642289348172 -770.664210976078
0.579 -13.9896373056995 -784.653848281778
0.6 -7 -791.653848281778
0.578 -10.7266435986159 -802.380491880393
0.61 -5.24590163934426 -807.626393519738
0.625 -5.92 -813.546393519738
0.589 -7.97962648556876 -821.526020005306
0.611 -11.620294599018 -833.146314604325
0.552 -3.98550724637681 -837.131821850701
0.546 -2.56410256410256 -839.695924414804
0.576 -3.47222222222222 -843.168146637026
0.566 3.53356890459364 -839.634577732432
0.555 -3.06306306306306 -842.697640795496
0.492 2.03252032520325 -840.665120470292
0.519 -8.28516377649326 -848.950284246785
0.539 -6.86456400742115 -855.814848254207
0.605 -10.7438016528926 -866.558649907099
0.608 -0.657894736842105 -867.216544643941
0.612 -1.30718954248366 -868.523734186425
0.531 -3.2015065913371 -871.725240777762
0.56 0.714285714285714 -871.010955063476
0.516 6.58914728682171 -864.421807776655
0.482 7.46887966804979 -856.952928108605
0.569 -0.175746924428823 -857.128675033034
0.598 -4.68227424749164 -861.810949280525
0.625 -5.28 -867.090949280525
0.586 -1.36518771331058 -868.456136993836
0.612 0 -868.456136993836
0.6 -3.33333333333333 -871.789470327169
0.601 3.16139767054908 -868.62807265662
0.639 -2.03442879499218 -870.662501451612
0.608 6.57894736842105 -864.083554083191
0.515 4.07766990291262 -860.005884180279
0.509 0.589390962671906 -859.416493217607
0.499 1.80360721442886 -857.612886003178
0.585 8.03418803418803 -849.57869796899
0.507 1.38067061143984 -848.19802735755
0.537 -2.04841713221601 -850.246444489766
0.503 5.76540755467197 -844.481036935094
0.464 -3.44827586206897 -847.929312797163
0.55 -9.09090909090909 -857.020221888072
0.58 -15.8620689655172 -872.882290853589
0.627 -13.8755980861244 -886.757888939714
0.518 -1.93050193050193 -888.688390870216
0.539 -10.5751391465677 -899.263530016783
0.548 -13.5036496350365 -912.76717965182
0.59 -3.05084745762712 -915.818027109447
0.592 -8.10810810810811 -923.926135217555
0.603 -17.7446102819237 -941.670745499479
0.581 -4.30292598967298 -945.973671489152
0.579 -5.69948186528497 -951.673153354437
0.619 2.4232633279483 -949.249890026489
0.47 -0.425531914893617 -949.675421941382
0.531 -8.85122410546139 -958.526646046844
0.57 -7.01754385964912 -965.544189906493
0.59 -7.11864406779661 -972.662833974289
0.522 -1.53256704980843 -974.195401024098
0.517 -10.2514506769826 -984.44685170108
0.63 -12.3809523809524 -996.827804082033
0.603 -2.81923714759536 -999.647041229628
0.549 0.182149362477231 -999.464891867151
0.613 -4.73083197389886 -1004.19572384105
0.598 -4.68227424749164 -1008.87799808854
0.542 1.8450184501845 -1007.03297963836
0.542 2.9520295202952 -1004.08095011806
0.523 -1.33843212237094 -1005.41938224043
0.548 2.55474452554745 -1002.86463771489
0.584 -4.10958904109589 -1006.97422675598
0.61 -6.22950819672131 -1013.2037349527
0.555 -11.3513513513514 -1024.55508630405
0.537 13.2216014897579 -1011.3334848143
0.54 -0.37037037037037 -1011.70385518467
0.561 2.31729055258467 -1009.38656463208
0.544 3.30882352941176 -1006.07774110267
0.543 9.76058931860037 -996.317151784069
0.542 -4.0590405904059 -1000.37619237448
0.582 4.46735395189003 -995.908838422585
0.58 -0.689655172413793 -996.598493594999
0.568 -3.16901408450704 -999.767507679506
0.602 2.6578073089701 -997.109700370536
0.61 -0.655737704918033 -997.765438075454
0.612 -2.61437908496732 -1000.37981716042
0.603 -7.46268656716418 -1007.84250372759
0.55 1.81818181818182 -1006.0243219094
0.585 -0.512820512820513 -1006.53714242222
0.605 5.12396694214876 -1001.41317548008
0.554 -10.1083032490975 -1011.52147872917
0.573 -14.8342059336824 -1026.35568466286
0.578 -8.65051903114187 -1035.006203694
0.575 -5.04347826086957 -1040.04968195487
0.62 3.54838709677419 -1036.50129485809
0.593 -2.52951096121417 -1039.03080581931
0.56 3.92857142857143 -1035.10223439074
0.585 -2.22222222222222 -1037.32445661296
0.628 -8.28025477707006 -1045.60471139003
0.611 -4.09165302782324 -1049.69636441785
0.531 0.564971751412429 -1049.13139266644
0.538 -1.85873605947955 -1050.99012872592
0.574 -9.40766550522648 -1060.39779423114
0.561 -5.52584670231729 -1065.92364093346
0.608 -2.30263157894737 -1068.22627251241
0.524 2.67175572519084 -1065.55451678722
0.568 -7.3943661971831 -1072.9488829844
0.525 -8.19047619047619 -1081.13935917488
0.514 -8.17120622568093 -1089.31056540056
0.53 -9.43396226415094 -1098.74452766471
0.52 -7.69230769230769 -1106.43683535702
0.545 5.68807339449541 -1100.74876196252
0.632 9.49367088607595 -1091.25509107645
0.622 7.07395498392283 -1084.18113609252
0.572 -2.7972027972028 -1086.97833888973
0.58 1.72413793103448 -1085.25420095869
0.508 1.96850393700787 -1083.28569702168
0.604 -12.2516556291391 -1095.53735265082
0.665 -9.77443609022556 -1105.31178874105
0.676 -2.66272189349112 -1107.97451063454
0.638 -8.15047021943574 -1116.12498085397
0.614 -8.14332247557003 -1124.26830332954
0.61 -9.83606557377049 -1134.10436890332
0.653 -10.5666156202144 -1144.67098452353
0.565 -3.00884955752212 -1147.67983408105
0.613 -3.75203915171289 -1151.43187323276
0.612 -5.55555555555556 -1156.98742878832
0.632 7.91139240506329 -1149.07603638326
0.627 -2.71132376395534 -1151.78736014721
0.653 -4.13476263399694 -1155.92212278121
0.609 -8.70279146141215 -1164.62491424262
0.634 -9.77917981072555 -1174.40409405335
0.609 1.14942528735632 -1173.25466876599
0.574 4.8780487804878 -1168.3766199855
0.556 -5.39568345323741 -1173.77230343874
0.599 -0.500834724540901 -1174.27313816328
0.596 -4.02684563758389 -1178.29998380086
0.58 -2.06896551724138 -1180.36894931811
0.566 0 -1180.36894931811
0.574 -9.40766550522648 -1189.77661482333
0.584 -9.24657534246575 -1199.0231901658
0.596 -1.67785234899329 -1200.70104251479
0.594 -6.73400673400673 -1207.4350492488
0.642 2.80373831775701 -1204.63131093104
0.577 -11.9584055459272 -1216.58971647697
0.575 -9.91304347826087 -1226.50275995523
0.606 -5.94059405940594 -1232.44335401464
0.562 -11.3879003558719 -1243.83125437051
0.528 -12.1212121212121 -1255.95246649172
0.514 -16.3424124513619 -1272.29487894308
0.517 -12.1856866537718 -1284.48056559685
0.505 -17.6237623762376 -1302.10432797309
0.532 -20.3007518796992 -1322.40507985279
0.538 -10.7806691449814 -1333.18574899777
0.459 -16.3398692810458 -1349.52561827882
0.52 -11.9230769230769 -1361.44869520189
0.497 -20.3219315895372 -1381.77062679143
0.476 -13.8655462184874 -1395.63617300992
0.5 -10 -1405.63617300992
0.526 -4.18250950570342 -1409.81868251562
0.509 -15.9135559921415 -1425.73223850776
0.493 -16.4300202839757 -1442.16225879174
0.474 -15.1898734177215 -1457.35213220946
0.526 -12.5475285171103 -1469.89966072657
0.515 -14.5631067961165 -1484.46276752269
0.514 -12.4513618677043 -1496.91412939039
0.44 -11.3636363636364 -1508.27776575403
0.52 -18.8461538461538 -1527.12391960018
0.471 -17.1974522292994 -1544.32137182948
0.509 -5.30451866404715 -1549.62589049353
0.532 -7.5187969924812 -1557.14468748601
0.531 -11.4877589453861 -1568.6324464314
0.627 -11.9617224880383 -1580.59416891943
0.571 -18.0385288966725 -1598.63269781611
0.437 -20.8237986270023 -1619.45649644311
0.465 -18.2795698924731 -1637.73606633558
0.549 -19.4899817850638 -1657.22604812065
0.587 -6.30323679727428 -1663.52928491792
0.576 -5.90277777777778 -1669.4320626957
0.533 0.187617260787992 -1669.24444543491
0.587 -4.59965928449744 -1673.84410471941
0.556 -6.11510791366906 -1679.95921263308
0.561 -11.5864527629234 -1691.545665396
0.625 -14.88 -1706.425665396
0.552 -8.69565217391304 -1715.12131756991
0.572 -14.6853146853147 -1729.80663225523
0.511 -8.80626223091977 -1738.61289448615
0.5 -18.4 -1757.01289448615
0.54 -10 -1767.01289448615
0.547 -15.9049360146252 -1782.91783050077
0.591 -7.27580372250423 -1790.19363422328
0.554 -1.44404332129964 -1791.63767754458
0.538 -10.7806691449814 -1802.41834668956
0.505 -4.55445544554455 -1806.9728021351
0.564 -2.4822695035461 -1809.45507163865
0.597 -14.572864321608 -1824.02793596026
0.566 -0.353356890459364 -1824.38129285072
0.543 2.39410681399632 -1821.98718603672
0.561 -4.09982174688057 -1826.0870077836
0.565 1.94690265486726 -1824.14010512873
0.597 0.50251256281407 -1823.63759256592
0.628 -1.27388535031847 -1824.91147791624
0.633 3.63349131121643 -1821.27798660502
0.57 9.12280701754386 -1812.15517958748
0.549 -7.46812386156648 -1819.62330344904
0.621 -18.8405797101449 -1838.46388315919
0.548 -6.56934306569343 -1845.03322622488
0.608 -15.7894736842105 -1860.82269990909
0.622 -16.3987138263666 -1877.22141373546
0.525 -10.4761904761905 -1887.69760421165
0.499 -13.4268537074148 -1901.12445791906
0.595 -6.5546218487395 -1907.6790797678
0.592 -7.77027027027027 -1915.44935003807
0.607 0.494233937397035 -1914.95511610068
0.628 -2.22929936305732 -1917.18441546373
0.598 -1.67224080267559 -1918.85665626641
0.581 -2.58175559380379 -1921.43841186021
0.534 0 -1921.43841186021
0.587 -5.62180579216354 -1927.06021765238
0.598 4.68227424749164 -1922.37794340489
0.544 -11.0294117647059 -1933.40735516959
0.597 -2.17755443886097 -1935.58490960845
0.643 -13.5303265940902 -1949.11523620254
0.615 -9.91869918699187 -1959.03393538953
0.624 -12.5 -1971.53393538953
0.638 -1.25391849529781 -1972.78785388483
0.647 5.10046367851623 -1967.68739020632
0.639 1.09546165884194 -1966.59192854747
0.548 -2.55474452554745 -1969.14667307302
0.526 -14.828897338403 -1983.97557041142
0.569 5.4481546572935 -1978.52741575413
0.553 -5.96745027124774 -1984.49486602538
0.501 -8.18363273453094 -1992.67849875991
0.448 -16.5178571428571 -2009.19635590277
0.492 -15.8536585365854 -2025.05001443935
0.556 -16.9064748201439 -2041.9564892595
0.486 -11.1111111111111 -2053.06760037061
0.631 -22.9793977812995 -2076.04699815191
0.597 -19.5979899497487 -2095.64498810166
0.505 -10.8910891089109 -2106.53607721057
0.527 -6.26185958254269 -2112.79793679311
0.586 -24.9146757679181 -2137.71261256103
0.593 -3.20404721753794 -2140.91665977857
0.585 -7.35042735042735 -2148.26708712899
0.611 -5.07364975450082 -2153.34073688349
0.503 -12.1272365805169 -2165.46797346401
0.559 -5.90339892665474 -2171.37137239066
0.531 -2.07156308851224 -2173.44293547918
0.555 -4.86486486486486 -2178.30780034404
0.558 3.2258064516129 -2175.08199389243
0.568 -7.3943661971831 -2182.47636008961
0.601 -2.82861896838602 -2185.304979058
0.614 -7.81758957654723 -2193.12256863455
0.577 -6.75909878682842 -2199.88166742137
0.641 -2.65210608424337 -2202.53377350562
0.646 8.35913312693499 -2194.17464037868
0.596 0 -2194.17464037868
0.588 -6.12244897959184 -2200.29708935827
0.542 -3.3210332103321 -2203.61812256861
0.533 0.187617260787992 -2203.43050530782
0.548 5.10948905109489 -2198.32101625672
0.565 -6.19469026548673 -2204.51570652221
0.555 -9.18918918918919 -2213.7048957114
0.54 -2.59259259259259 -2216.29748830399
0.571 -1.57618213660245 -2217.87367044059
0.567 0.17636684303351 -2217.69730359756
0.479 -5.21920668058455 -2222.91651027815
0.493 -2.6369168356998 -2225.55342711385
0.571 -6.47985989492119 -2232.03328700877
0.554 -6.85920577617328 -2238.89249278494
0.523 -2.10325047801147 -2240.99574326295
0.582 -4.12371134020619 -2245.11945460316
0.602 -4.98338870431894 -2250.10284330748
0.59 -7.11864406779661 -2257.22148737527
0.559 -0.178890876565295 -2257.40037825184
0.64 0.9375 -2256.46287825184
0.58 9.31034482758621 -2247.15253342425
0.553 -5.60578661844485 -2252.7583200427
0.528 0.378787878787879 -2252.37953216391
0.544 -18.3823529411765 -2270.76188510509
0.611 -5.40098199672668 -2276.16286710181
0.569 1.5817223198594 -2274.58114478195
0.615 -8.61788617886179 -2283.19903096081
0.588 -10.8843537414966 -2294.08338470231
0.569 -3.33919156414763 -2297.42257626646
0.616 -0.324675324675325 -2297.74725159113
0.554 -0.36101083032491 -2298.10826242146
0.596 2.68456375838926 -2295.42369866307
0.579 -7.426597582038 -2302.85029624511
0.578 0.692041522491349 -2302.15825472262
0.566 -5.65371024734982 -2307.81196496997
0.568 -13.0281690140845 -2320.84013398405
0.57 -5.6140350877193 -2326.45416907177
0.614 3.90879478827362 -2322.5453742835
0.535 -6.91588785046729 -2329.46126213396
0.569 -7.20562390158172 -2336.66688603555
0.562 -4.27046263345196 -2340.937348669
0.572 -4.1958041958042 -2345.1331528648
0.52 7.30769230769231 -2337.82546055711
0.552 12.3188405797101 -2325.5066199774
0.559 4.83005366726297 -2320.67656631014
0.539 17.9962894248609 -2302.68027688528
0.624 0.641025641025641 -2302.03925124425
0.513 -2.14424951267057 -2304.18350075692
0.564 3.90070921985816 -2300.28279153706
0.506 3.16205533596838 -2297.12073620109
0.613 -11.5823817292007 -2308.70311793029
0.557 -8.79712746858169 -2317.50024539888
0.595 -4.20168067226891 -2321.70192607114
0.605 -7.76859504132231 -2329.47052111247
0.57 -10.1754385964912 -2339.64595970896
0.574 -0.696864111498258 -2340.34282382046
0.608 -1.97368421052632 -2342.31650803098
0.599 5.84307178631052 -2336.47343624467
0.534 -9.73782771535581 -2346.21126396003
0.506 -5.13833992094862 -2351.34960388098
0.524 -3.43511450381679 -2354.78471838479
0.475 1.89473684210526 -2352.88998154269
0.559 -25.5813953488372 -2378.47137689153
0.571 -12.784588441331 -2391.25596533286
0.538 -12.2676579925651 -2403.52362332542
0.598 -5.68561872909699 -2409.20924205452
0.611 -7.36497545008183 -2416.5742175046
0.635 -11.1811023622047 -2427.75531986681
0.638 -7.83699059561128 -2435.59231046242
0.624 -7.05128205128205 -2442.6435925137
0.615 -3.73983739837398 -2446.38342991207
0.547 -1.64533820840951 -2448.02876812048
0.576 -1.73611111111111 -2449.76487923159
0.519 -5.97302504816956 -2455.73790427976
0.556 -14.7482014388489 -2470.48610571861
0.56 -7.14285714285714 -2477.62896286147
0.506 0.790513833992095 -2476.83844902748
0.604 -11.2582781456954 -2488.09672717317
0.623 -6.58105939004815 -2494.67778656322
0.566 4.9469964664311 -2489.73079009679
0.523 -5.54493307839388 -2495.27572317518
0.52 -3.46153846153846 -2498.73726163672
0.588 3.06122448979592 -2495.67603714693
0.521 -0.959692898272553 -2496.6357300452
0.639 -4.53834115805947 -2501.17407120326
0.594 2.02020202020202 -2499.15386918306
0.51 -1.96078431372549 -2501.11465349678
0.57 1.75438596491228 -2499.36026753187
0.618 -0.647249190938511 -2500.00751672281
0.496 -5.64516129032258 -2505.65267801313
0.52 -5.38461538461539 -2511.03729339775
0.591 0.846023688663283 -2510.19126970908
0.546 -8.79120879120879 -2518.98247850029
0.631 2.06022187004754 -2516.92225663024
0.592 -16.2162162162162 -2533.13847284646
0.576 -7.63888888888889 -2540.77736173535
0.584 -10.958904109589 -2551.73626584494
0.577 -10.5719237435009 -2562.30818958844
0.511 -12.720156555773 -2575.02834614421
0.601 -5.15806988352745 -2580.18641602774
0.614 -9.12052117263844 -2589.30693720038
0.623 -13.0016051364366 -2602.30854233681
0.595 -6.89075630252101 -2609.19929863933
0.629 -4.61049284578696 -2613.80979148512
0.618 -6.47249190938511 -2620.28228339451
0.639 -7.981220657277 -2628.26350405178
0.579 -10.5354058721934 -2638.79890992398
0.549 -2.73224043715847 -2641.53115036114
0.468 -12.3931623931624 -2653.9243127543
0.591 -7.95262267343486 -2661.87693542773
0.577 -7.10571923743501 -2668.98265466517
0.596 -7.71812080536913 -2676.70077547054
0.563 -10.8348134991119 -2687.53558896965
0.568 -3.16901408450704 -2690.70460305416
0.552 -7.2463768115942 -2697.95097986575
0.569 -2.63620386643234 -2700.58718373218
0.507 -14.792899408284 -2715.38008314047
0.512 -6.25 -2721.63008314047
0.493 -13.184584178499 -2734.81466731897
0.532 -7.89473684210526 -2742.70940416107
0.573 -9.24956369982548 -2751.9589678609
0.539 -19.8515769944341 -2771.81054485533
0.535 -13.2710280373832 -2785.08157289271
0.511 -17.8082191780822 -2802.8897920708
0.56 -13.5714285714286 -2816.46122064222
0.557 -7.36086175942549 -2823.82208240165
0.509 -7.26915520628684 -2831.09123760794
0.608 -5.59210526315789 -2836.68334287109
0.629 -8.10810810810811 -2844.7914509792
0.598 -14.38127090301 -2859.17272188221
0.606 -12.2112211221122 -2871.38394300432
0.584 -8.9041095890411 -2880.28805259337
0.626 1.2779552715655 -2879.0100973218
0.575 0.521739130434783 -2878.48835819137
0.548 -2.18978102189781 -2880.67813921326
0.61 -6.22950819672131 -2886.90764740998
0.602 -12.2923588039867 -2899.20000621397
0.594 -4.04040404040404 -2903.24041025438
0.602 -10.6312292358804 -2913.87163949026
0.587 -5.28109028960818 -2919.15272977986
0.609 -10.3448275862069 -2929.49755736607
0.643 -6.68740279937792 -2936.18496016545
0.642 -7.78816199376947 -2943.97312215922
0.662 -5.13595166163142 -2949.10907382085
0.608 -3.28947368421053 -2952.39854750506
0.589 -9.33786078098472 -2961.73640828604
0.548 -13.8686131386861 -2975.60502142473
0.523 -11.6634799235182 -2987.26850134825
0.519 -10.597302504817 -2997.86580385307
0.543 -9.39226519337017 -3007.25806904644
0.54 -18.8888888888889 -3026.14695793533
0.597 -3.18257956448911 -3029.32953749981
0.63 -0.634920634920635 -3029.96445813474
0.567 4.05643738977072 -3025.90802074496
0.557 2.33393177737882 -3023.57408896759
0.581 -3.6144578313253 -3027.18854679891
0.57 -4.21052631578947 -3031.3990731147
0.575 -8.8695652173913 -3040.26863833209
0.541 -10.90573012939 -3051.17436846148
0.559 -4.11449016100179 -3055.28885862248
0.532 -11.2781954887218 -3066.56705411121
0.586 -6.14334470989761 -3072.7103988211
0.534 -1.87265917602996 -3074.58305799713
0.567 -7.58377425044092 -3082.16683224757
0.579 -6.39032815198618 -3088.55716039956
0.606 -1.32013201320132 -3089.87729241276
0.581 -0.172117039586919 -3090.04940945235
0.572 -4.1958041958042 -3094.24521364815
0.562 -6.76156583629893 -3101.00677948445
0.599 -10.1836393989983 -3111.19041888345
0.587 -1.53321976149915 -3112.72363864495
0.548 -1.45985401459854 -3114.18349265955
0.561 -8.37789661319073 -3122.56138927274
0.6 -0.333333333333333 -3122.89472260607
0.56 -8.57142857142857 -3131.4661511775
0.605 -3.1404958677686 -3134.60664704527
0.6 -5 -3139.60664704527
0.591 -10.6598984771574 -3150.26654552243
0.596 0.671140939597315 -3149.59540458283
0.596 3.35570469798658 -3146.23969988484
0.564 -2.4822695035461 -3148.72196938839
0.601 -11.1480865224626 -3159.87005591085
0.618 -6.47249190938511 -3166.34254782024
0.564 -4.9645390070922 -3171.30708682733
0.552 -0.36231884057971 -3171.66940566791
0.603 -5.4726368159204 -3177.14204248383
0.612 -5.22875816993464 -3182.37080065376
0.596 -11.744966442953 -3194.11576709672
0.585 -8.03418803418803 -3202.1499551309
0.544 -6.61764705882353 -3208.76760218973
0.545 -2.38532110091743 -3211.15292329065
0.583 -4.63121783876501 -3215.78414112941
0.547 -11.5173674588665 -3227.30150858828
0.569 -6.50263620386643 -3233.80414479214
0.615 -3.73983739837398 -3237.54398219052
0.607 -3.13014827018122 -3240.6741304607
0.623 -6.90208667736758 -3247.57621713807
0.609 -4.10509031198686 -3251.68130745005
0.621 -2.41545893719807 -3254.09676638725
0.653 -5.97243491577335 -3260.06920130302
0.626 -3.19488817891374 -3263.26408948194
0.585 -8.37606837606838 -3271.64015785801
0.56 -1.42857142857143 -3273.06872928658
0.606 -3.3003300330033 -3276.36905931958
0.589 -8.65874363327674 -3285.02780295286
0.612 0.980392156862745 -3284.04741079599
0.547 -9.3235831809872 -3293.37099397698
0.541 -5.73012939001848 -3299.101123367
0.45 -9.77777777777778 -3308.87890114478
0.557 -15.6193895870736 -3324.49829073185
0.576 -13.8888888888889 -3338.38717962074
0.536 -0.373134328358209 -3338.7603139491
0.522 2.29885057471264 -3336.46146337439
0.615 2.4390243902439 -3334.02243898414
0.574 -0.348432055749129 -3334.37087103989
0.553 -7.41410488245931 -3341.78497592235
0.555 -7.02702702702703 -3348.81200294938
0.578 -6.22837370242215 -3355.0403766518
0.557 -1.61579892280072 -3356.6561755746
0.522 -6.89655172413793 -3363.55272729874
0.55 -1.09090909090909 -3364.64363638965
0.519 -8.28516377649326 -3372.92880016614
0.548 -6.2043795620438 -3379.13317972818
0.583 -12.1783876500858 -3391.31156737827
0.586 -13.9931740614334 -3405.3047414397
0.606 -5.61056105610561 -3410.91530249581
0.578 -4.84429065743945 -3415.75959315325
0.563 -6.21669626998224 -3421.97628942323
0.48 -7.91666666666667 -3429.8929560899
0.545 5.32110091743119 -3424.57185517247
0.627 1.43540669856459 -3423.1364484739
0.575 -3.30434782608696 -3426.44079629999
0.574 -7.31707317073171 -3433.75786947072
0.608 -7.89473684210526 -3441.65260631283
0.512 -1.5625 -3443.21510631283
0.571 -13.4851138353765 -3456.7002201482
0.659 -2.27617602427921 -3458.97639617248
0.576 -5.90277777777778 -3464.87917395026
0.602 -2.6578073089701 -3467.53698125923
0.565 -0.176991150442478 -3467.71397240967
0.549 -1.27504553734062 -3468.98901794701
0.635 2.67716535433071 -3466.31185259268
0.516 -1.16279069767442 -3467.47464329036
0.601 -1.83028286189684 -3469.30492615225
0.601 -4.49251247920133 -3473.79743863145
0.611 -10.3109656301146 -3484.10840426157
0.557 6.6427289048474 -3477.46567535672
0.517 -2.90135396518375 -3480.36702932191
0.594 -12.1212121212121 -3492.48824144312
0.591 -13.0287648054146 -3505.51700624853
0.589 -8.31918505942275 -3513.83619130796
0.53 1.88679245283019 -3511.94939885512
0.595 -6.89075630252101 -3518.84015515765
0.546 -3.2967032967033 -3522.13685845435
0.582 -7.21649484536082 -3529.35335329971
0.563 -13.6767317939609 -3543.03008509367
0.539 -10.2040816326531 -3553.23416672632
0.532 -6.01503759398496 -3559.24920432031
0.553 5.96745027124774 -3553.28175404906
0.591 10.321489001692 -3542.96026504737
0.577 0.519930675909879 -3542.44033437146
0.59 0.677966101694915 -3541.76236826976
0.509 0.982318271119843 -3540.78004999864
0.582 -4.46735395189003 -3545.24740395053
0.551 -4.53720508166969 -3549.7846090322
0.552 0 -3549.7846090322
0.622 9.64630225080386 -3540.1383067814
0.555 -4.86486486486486 -3545.00317164627
0.557 -4.48833034111311 -3549.49150198738
0.618 -12.621359223301 -3562.11286121068
0.578 -7.26643598615917 -3569.37929719684
0.59 -9.49152542372881 -3578.87082262057
0.547 0.182815356489945 -3578.68800726408
0.598 -11.0367892976589 -3589.72479656174
0.619 -1.45395799676898 -3591.17875455851
0.576 6.25 -3584.92875455851
0.55 -2.90909090909091 -3587.8378454676
0.516 -6.58914728682171 -3594.42699275442
0.594 -1.68350168350168 -3596.11049443792
0.588 -1.02040816326531 -3597.13090260118
0.575 -6.08695652173913 -3603.21785912292
0.538 -9.66542750929368 -3612.88328663222
0.558 -5.01792114695341 -3617.90120777917
0.581 -5.67986230636833 -3623.58107008554
0.607 -4.44810543657331 -3628.02917552211
0.553 -9.94575045207957 -3637.97492597419
0.487 -9.24024640657084 -3647.21517238076
0.558 -12.9032258064516 -3660.11839818721
0.426 -14.5539906103286 -3674.67238879754
0.588 -21.0884353741497 -3695.76082417169
0.588 -11.5646258503401 -3707.32545002203
0.538 -8.55018587360595 -3715.87563589564
0.582 6.52920962199313 -3709.34642627365
0.588 1.02040816326531 -3708.32601811038
0.548 -1.45985401459854 -3709.78587212498
0.587 2.55536626916525 -3707.23050585581
0.581 -0.860585197934596 -3708.09109105375
0.552 0 -3708.09109105375
0.598 -6.02006688963211 -3714.11115794338
0.6 -8.66666666666667 -3722.77782461005
0.604 -6.62251655629139 -3729.40034116634
0.573 -6.10820244328098 -3735.50854360962
0.622 5.46623794212219 -3730.0423056675
0.566 2.82685512367491 -3727.21545054382
0.456 3.94736842105263 -3723.26808212277
0.601 -18.4692179700499 -3741.73730009282
0.603 -5.80431177446103 -3747.54161186728
0.605 -5.12396694214876 -3752.66557880943
0.573 -4.01396160558464 -3756.67954041501
0.596 -8.05369127516779 -3764.73323169018
0.568 -9.15492957746479 -3773.88816126765
0.605 -8.4297520661157 -3782.31791333376
0.604 -2.98013245033113 -3785.29804578409
0.593 -11.2984822934233 -3796.59652807752
0.56 -13.5714285714286 -3810.16795664895
0.579 -3.28151986183074 -3813.44947651078
0.597 2.51256281407035 -3810.93691369671
0.556 1.07913669064748 -3809.85777700606
0.558 3.9426523297491 -3805.91512467631
0.571 -2.97723292469352 -3808.892357601
0.574 9.75609756097561 -3799.13626004003
0.578 0.346020761245675 -3798.79023927878
0.52 -19.2307692307692 -3818.02100850955
0.566 -11.3074204946996 -3829.32842900425
0.58 -3.79310344827586 -3833.12153245253
0.507 -6.50887573964497 -3839.63040819217
0.573 0.174520069808028 -3839.45588812236
0.624 -4.16666666666667 -3843.62255478903
0.607 -14.99176276771 -3858.61431755674
0.54 -7.40740740740741 -3866.02172496415
0.56 -2.14285714285714 -3868.164582107
0.589 -11.0356536502547 -3879.20023575726
0.598 -4.68227424749164 -3883.88251000475
0.619 -5.65428109854604 -3889.5367911033
0.608 -12.8289473684211 -3902.36573847172
0.544 -2.94117647058824 -3905.30691494231
0.582 -9.62199312714777 -3914.92890806945
0.616 -11.038961038961 -3925.96786910842
0.583 -2.22984562607204 -3928.19771473449
0.547 -5.6672760511883 -3933.86499078568
0.541 -8.68761552680222 -3942.55260631248
0.525 -10.8571428571429 -3953.40974916962
0.582 -3.43642611683849 -3956.84617528646
0.599 -2.17028380634391 -3959.0164590928
0.501 -9.3812375249501 -3968.39769661775
0.525 -8.95238095238095 -3977.35007757013
0.516 -20.1550387596899 -3997.50511632982
0.566 -18.7279151943463 -4016.23303152417
0.554 -5.05415162454874 -4021.28718314872
0.512 0.390625 -4020.89655814872
0.583 -2.57289879931389 -4023.46945694803
0.551 2.35934664246824 -4021.11011030556
0.563 -6.92717584369449 -4028.03728614926
0.484 2.47933884297521 -4025.55794730628
0.543 -2.76243093922652 -4028.32037824551
0.556 -5.39568345323741 -4033.71606169875
0.547 -7.49542961608775 -4041.21149131484
0.558 -6.45161290322581 -4047.66310421806
0.54 -8.88888888888889 -4056.55199310695
0.573 -6.80628272251309 -4063.35827582946
0.521 -2.49520153550864 -4065.85347736497
0.568 0 -4065.85347736497
0.57 3.85964912280702 -4061.99382824216
0.547 3.83912248628885 -4058.15470575588
0.598 0.334448160535117 -4057.82025759534
0.575 4 -4053.82025759534
0.548 8.39416058394161 -4045.4260970114
0.503 -20.4771371769384 -4065.90323418834
0.562 -1.77935943060498 -4067.68259361894
0.524 -10.6870229007634 -4078.36961651971
0.57 -5.26315789473684 -4083.63277441444
0.585 -3.24786324786325 -4086.88063766231
0.577 -2.59965337954939 -4089.48029104186
0.555 -4.5045045045045 -4093.98479554636
0.572 -8.74125874125874 -4102.72605428762
0.543 -10.1289134438306 -4112.85496773145
0.552 -16.304347826087 -4129.15931555754
0.62 -8.38709677419355 -4137.54641233173
0.587 -6.64395229982964 -4144.19036463156
0.622 -1.92926045016077 -4146.11962508172
0.557 0.179533213644524 -4145.94009186808
0.551 -9.25589836660617 -4155.19599023468
0.53 -3.0188679245283 -4158.21485815921
0.533 -8.06754221388368 -4166.28240037309
0.574 -5.57491289198606 -4171.85731326508
0.58 8.27586206896552 -4163.58145119611
0.605 -3.1404958677686 -4166.72194706388
0.52 -15 -4181.72194706388
0.575 -4 -4185.72194706388
0.558 -8.96057347670251 -4194.68252054059
0.576 -4.86111111111111 -4199.5436316517
0.578 1.3840830449827 -4198.15954860671
0.566 1.41342756183746 -4196.74612104488
0.564 -5.67375886524823 -4202.41987991013
0.531 -10.7344632768362 -4213.15434318696
0.527 0.569259962049336 -4212.58508322491
0.586 3.07167235494881 -4209.51341086996
0.511 2.15264187866928 -4207.36076899129
0.597 -5.52763819095477 -4212.88840718225
0.547 -6.76416819012797 -4219.65257537238
0.537 -5.02793296089385 -4224.68050833327
0.485 -8.8659793814433 -4233.54648771471
0.486 -11.9341563786008 -4245.48064409331
0.508 -9.84251968503937 -4255.32316377835
0.554 0.36101083032491 -4254.96215294803
0.587 -3.57751277683135 -4258.53966572486
0.511 0.195694716242661 -4258.34397100862
0.521 4.41458733205374 -4253.92938367656
0.59 -6.44067796610169 -4260.37006164266
0.608 -3.94736842105263 -4264.31743006372
0.569 -8.96309314586995 -4273.28052320959
0.559 -1.61001788908766 -4274.89054109868
0.523 -4.39770554493308 -4279.28824664361
0.518 -2.31660231660232 -4281.60484896021
0.523 -2.86806883365201 -4284.47291779386
0.537 -9.86964618249534 -4294.34256397636
0.516 -13.953488372093 -4308.29605234845
0.536 -9.32835820895522 -4317.62441055741
0.588 -2.04081632653061 -4319.66522688394
0.626 -8.94568690095847 -4328.6109137849
0.498 -6.42570281124498 -4335.03661659614
0.527 -0.189753320683112 -4335.22636991682
0.584 -11.3013698630137 -4346.52773977984
0.65 -7.69230769230769 -4354.22004747214
0.577 -9.53206239168111 -4363.75210986383
0.48 -4.58333333333333 -4368.33544319716
0.561 -14.795008912656 -4383.13045210982
0.61 -8.19672131147541 -4391.32717342129
0.604 -2.98013245033113 -4394.30730587162
0.635 -6.45669291338583 -4400.76399878501
0.609 -20.1970443349754 -4420.96104311998
0.559 -17.7101967799642 -4438.67123989995
0.602 -5.98006644518272 -4444.65130634513
0.521 -5.95009596928983 -4450.60140231442
0.575 -7.82608695652174 -4458.42748927094
0.559 0.178890876565295 -4458.24859839438
0.503 -1.39165009940358 -4459.64024849378
0.529 8.88468809073724 -4450.75556040304
0.515 8.3495145631068 -4442.40604583994
0.59 -1.69491525423729 -4444.10096109417
0.542 -16.6051660516605 -4460.70612714583
0.524 -12.2137404580153 -4472.91986760385
0.525 -10.4761904761905 -4483.39605808004
0.561 -15.1515151515152 -4498.54757323155
0.538 -11.8959107806691 -4510.44348401222
0.566 5.65371024734982 -4504.78977376487
0.527 -6.26185958254269 -4511.05163334742
0.621 -12.7214170692432 -4523.77305041666
0.65 -6.15384615384615 -4529.92689657051
0.622 -0.964630225080386 -4530.89152679559
0.671 1.04321907600596 -4529.84830771958
0.586 -11.9453924914676 -4541.79370021105
0.598 -8.02675585284281 -4549.82045606389
0.607 -5.43657331136738 -4555.25702937526
0.595 -6.5546218487395 -4561.811651224
0.549 0.182149362477231 -4561.62950186152
0.499 3.40681362725451 -4558.22268823427
0.445 7.86516853932584 -4550.35751969494
0.491 7.53564154786151 -4542.82187814708
0.479 -33.1941544885177 -4576.0160326356
0.402 -16.4179104477612 -4592.43394308336
0.555 -4.14414414414414 -4596.5780872275
0.587 -3.91822827938671 -4600.49631550689
0.57 -2.45614035087719 -4602.95245585777
0.626 -4.15335463258786 -4607.10581049035
0.625 -0.16 -4607.26581049035
0.634 3.47003154574133 -4603.79577894461
0.549 2.73224043715847 -4601.06353850745
0.609 3.44827586206897 -4597.61526264538
0.577 -6.06585788561525 -4603.681120531
0.558 -8.96057347670251 -4612.6416940077
0.593 -0.505902192242833 -4613.14759619994
0.595 0.168067226890756 -4612.97952897305
0.541 -3.51201478743068 -4616.49154376049
0.617 -1.13452188006483 -4617.62606564055
0.567 5.4673721340388 -4612.15869350651
0.558 7.88530465949821 -4604.27338884701
0.547 4.20475319926874 -4600.06863564774
0.546 -8.79120879120879 -4608.85984443895
0.536 -4.47761194029851 -4613.33745637925
0.597 3.18257956448911 -4610.15487681476
0.61 -5.57377049180328 -4615.72864730657
0.529 -0.945179584120983 -4616.67382689069
0.504 -1.58730158730159 -4618.26112847799
0.523 -6.30975143403442 -4624.57087991202
0.539 -14.2857142857143 -4638.85659419774
0.525 -16.5714285714286 -4655.42802276917
0.486 -10.6995884773663 -4666.12761124653
0.544 1.10294117647059 -4665.02467007006
0.507 -12.0315581854043 -4677.05622825547
0.524 -11.0687022900763 -4688.12493054554
0.558 -10.752688172043 -4698.87761871758
0.496 -6.04838709677419 -4704.92600581436
0.601 -12.4792013311148 -4717.40520714547
0.601 -14.8086522462562 -4732.21385939173
0.578 -7.95847750865052 -4740.17233690038
0.602 -8.30564784053156 -4748.47798474091
0.537 -6.8901303538175 -4755.36811509473
0.607 -0.494233937397035 -4755.86234903213
0.601 -4.49251247920133 -4760.35486151133
0.51 -3.52941176470588 -4763.88427327603
0.524 4.19847328244275 -4759.68579999359
0.456 -9.64912280701754 -4769.33492280061
0.55 -5.45454545454545 -4774.78946825515
0.561 -13.0124777183601 -4787.80194597351
0.629 -7.15421303656598 -4794.95615901008
0.572 -4.89510489510489 -4799.85126390519
0.565 -11.858407079646 -4811.70967098483
0.535 -5.79439252336449 -4817.5040635082
0.577 -6.41247833622184 -4823.91654184442
0.576 -6.59722222222222 -4830.51376406664
0.531 -5.83804143126177 -4836.3518054979
0.556 -11.5107913669065 -4847.86259686481
0.539 -14.2857142857143 -4862.14831115052
0.618 -11.0032362459547 -4873.15154739648
0.588 -6.46258503401361 -4879.61413243049
0.608 -4.93421052631579 -4884.54834295681
0.601 -6.4891846921797 -4891.03752764899
0.581 1.54905335628227 -4889.4884742927
0.568 -3.16901408450704 -4892.65748837721
0.566 -3.18021201413428 -4895.83770039134
0.575 -4.69565217391304 -4900.53335256526
0.51 -3.52941176470588 -4904.06276432996
0.538 -14.4981412639405 -4918.5609055939
0.473 -9.09090909090909 -4927.65181468481
0.515 -13.3980582524272 -4941.04987293724
0.521 -12.4760076775432 -4953.52588061478
0.56 -11.4285714285714 -4964.95445204336
0.555 -10.2702702702703 -4975.22472231363
0.557 -6.28366247755835 -4981.50838479118
0.575 -17.9130434782609 -4999.42142826944
0.532 -16.5413533834586 -5015.9627816529
0.542 1.1070110701107 -5014.85577058279
0.569 -1.5817223198594 -5016.43749290265
0.552 -2.17391304347826 -5018.61140594613
0.569 2.28471001757469 -5016.32669592856
0.538 0.371747211895911 -5015.95494871666
0.494 -8.50202429149798 -5024.45697300816
0.617 -7.29335494327391 -5031.75032795143
0.572 -4.54545454545455 -5036.29578249689
0.562 -4.62633451957295 -5040.92211701646
0.591 -1.86125211505922 -5042.78336913152
0.575 -4.69565217391304 -5047.47902130543
0.622 -0.321543408360129 -5047.80056471379
0.575 -9.91304347826087 -5057.71360819205
0.559 -9.48121645796064 -5067.19482465001
0.579 -20.552677029361 -5087.74750167937
0.542 -21.7712177121771 -5109.51871939155
0.508 -6.69291338582677 -5116.21163277738
0.514 -13.6186770428016 -5129.83030982018
0.556 -11.5107913669065 -5141.34110118709
0.514 -19.4552529182879 -5160.79635410537
0.46 -12.6086956521739 -5173.40504975755
0.511 -11.9373776908023 -5185.34242744835
0.512 -11.328125 -5196.67055244835
0.546 1.46520146520147 -5195.20535098315
0.569 -5.79964850615114 -5201.0049994893
0.52 -2.30769230769231 -5203.31269179699
0.584 -4.45205479452055 -5207.76474659151
0.57 -4.91228070175439 -5212.67702729327
0.57 -3.50877192982456 -5216.18579922309
0.605 -6.11570247933884 -5222.30150170243
0.572 -13.6363636363636 -5235.93786533879
0.624 -4.16666666666667 -5240.10453200546
0.585 -2.56410256410256 -5242.66863456956
0.572 -3.14685314685315 -5245.81548771642
0.539 -2.78293135435993 -5248.59841907078
0.541 0.55452865064695 -5248.04389042013
0.521 -5.95009596928983 -5253.99398638942
0.543 -5.70902394106814 -5259.70301033049
0.539 -11.6883116883117 -5271.3913220188
0.587 -9.71039182282794 -5281.10171384163
0.602 -4.65116279069767 -5285.75287663232
0.58 -0.344827586206897 -5286.09770421853
0.554 -9.02527075812274 -5295.12297497665
0.573 -6.10820244328098 -5301.23117741994
0.602 1.32890365448505 -5299.90227376545
0.607 -3.78912685337727 -5303.69140061883
0.552 -0.72463768115942 -5304.41603829999
0.547 -7.86106032906764 -5312.27709862905
0.526 -5.32319391634981 -5317.6002925454
0.534 -5.2434456928839 -5322.84373823829
0.54 -1.85185185185185 -5324.69559009014
0.55 -0.727272727272727 -5325.42286281741
0.497 1.81086519114688 -5323.61199762627
0.503 -4.17495029821074 -5327.78694792448
0.459 2.8322440087146 -5324.95470391576
0.521 3.6468330134357 -5321.30787090233
0.487 -0.616016427104723 -5321.92388732943
0.542 -2.9520295202952 -5324.87591684973
0.602 -17.2757475083056 -5342.15166435803
0.624 -15.7051282051282 -5357.85679256316
0.637 -13.3437990580848 -5371.20059162124
0.626 -15.6549520766773 -5386.85554369792
0.604 -12.5827814569536 -5399.43832515488
0.629 -7.47217806041335 -5406.91050321529
0.619 -2.4232633279483 -5409.33376654324
0.581 -2.58175559380379 -5411.91552213704
0.6 -8.33333333333333 -5420.24885547038
0.631 4.91283676703645 -5415.33601870334
0.617 -5.02431118314425 -5420.36032988648
0.574 -5.92334494773519 -5426.28367483422
0.542 -5.90405904059041 -5432.18773387481
0.56 -1.78571428571429 -5433.97344816052
0.517 13.3462282398453 -5420.62721992068
0.568 0 -5420.62721992068
0.613 7.66721044045677 -5412.96000948022
0.583 -0.171526586620926 -5413.13153606684
0.573 -3.66492146596859 -5416.79645753281
0.584 -3.08219178082192 -5419.87864931363
0.522 6.51340996168582 -5413.36523935195
0.528 4.16666666666667 -5409.19857268528
0.539 0.185528756957328 -5409.01304392832
0.486 2.88065843621399 -5406.13238549211
0.485 0.206185567010309 -5405.9261999251
0.508 6.2992125984252 -5399.62698732667
0.533 4.31519699812383 -5395.31179032855
0.506 -1.18577075098814 -5396.49756107954
0.542 -2.9520295202952 -5399.44959059983
0.55 -18.9090909090909 -5418.35868150892
0.58 -10 -5428.35868150892
0.61 -5.9016393442623 -5434.26032085319
0.545 -2.01834862385321 -5436.27866947704
0.51 -11.3725490196078 -5447.65121849665
0.512 -5.859375 -5453.51059349665
0.479 -2.71398747390397 -5456.22458097055
0.513 -18.1286549707602 -5474.35323594131
0.584 -5.13698630136986 -5479.49022224268
0.553 -1.62748643761302 -5481.11770868029
0.54 -5.55555555555556 -5486.67326423585
0.547 -11.5173674588665 -5498.19063169472
0.455 -21.3186813186813 -5519.5093130134
0.594 -8.41750841750842 -5527.9268214309
0.62 -9.67741935483871 -5537.60424078574
0.61 1.31147540983607 -5536.29276537591
0.578 -3.46020761245675 -5539.75297298836
0.593 0.168634064080944 -5539.58433892428
0.625 -1.76 -5541.34433892428
0.585 -5.98290598290598 -5547.32724490719
0.554 -3.97111913357401 -5551.29836404076
0.622 -3.85852090032154 -5555.15688494109
0.642 -9.96884735202492 -5565.12573229311
0.619 -7.59289176090468 -5572.71862405401
0.556 -2.87769784172662 -5575.59632189574
0.568 6.33802816901408 -5569.25829372673
0.553 -7.77576853526221 -5577.03406226199
0.559 -16.994633273703 -5594.02869553569
0.546 -14.2857142857143 -5608.31440982141
0.551 -1.27041742286751 -5609.58482724427
0.547 -7.49542961608775 -5617.08025686036
0.513 -2.14424951267057 -5619.22450637303
0.63 -1.26984126984127 -5620.49434764287
0.598 -2.67558528428094 -5623.16993292716
0.597 -3.18257956448911 -5626.35251249164
0.527 -5.50284629981025 -5631.85535879145
0.559 -4.83005366726297 -5636.68541245872
0.473 -3.59408033826638 -5640.27949279698
0.546 -12.4542124542125 -5652.7337052512
0.544 0.367647058823529 -5652.36605819237
0.556 -2.87769784172662 -5655.2437560341
0.573 4.71204188481675 -5650.53171414928
0.562 -1.06761565836299 -5651.59932980765
0.542 -4.4280442804428 -5656.02737408809
0.508 -5.51181102362205 -5661.53918511171
0.499 1.80360721442886 -5659.73557789728
0.559 -0.894454382826476 -5660.63003228011
0.563 -4.08525754884547 -5664.71528982895
0.578 -7.61245674740484 -5672.32774657636
0.532 -7.89473684210526 -5680.22248341846
0.522 -13.4099616858238 -5693.63244510429
0.555 -3.42342342342342 -5697.05586852771
0.521 -13.2437619961612 -5710.29963052387
0.538 -11.5241635687732 -5721.82379409265
0.543 -9.76058931860037 -5731.58438341125
0.53 -5.66037735849057 -5737.24476076974
0.568 -11.2676056338028 -5748.51236640354
0.554 -14.8014440433213 -5763.31381044686
0.535 -9.53271028037383 -5772.84652072723
0.513 -16.9590643274854 -5789.80558505472
0.554 -12.2743682310469 -5802.07995328577
0.553 -1.98915009041591 -5804.06910337618
0.631 -6.18066561014263 -5810.24976898632
0.637 -5.18053375196232 -5815.43030273829
0.537 -13.5940409683426 -5829.02434370663
0.587 -9.02896081771721 -5838.05330452435
0.571 -15.5866900175131 -5853.63999454186
0.578 -8.65051903114187 -5862.290513573
0.608 -10.8552631578947 -5873.1457767309
0.577 -11.9584055459272 -5885.10418227682
0.551 -9.98185117967332 -5895.0860334565
0.589 0.169779286926995 -5894.91625416957
0.595 -6.5546218487395 -5901.47087601831
0.623 -8.50722311396469 -5909.97809913227
0.57 -5.6140350877193 -5915.59213421999
0.462 0 -5915.59213421999
0.61 -13.1147540983607 -5928.70688831835
0.6 -0.666666666666667 -5929.37355498502
0.573 -3.66492146596859 -5933.03847645099
0.564 -2.12765957446809 -5935.16613602546
0.528 0 -5935.16613602546
0.579 2.93609671848014 -5932.23003930698
0.521 -13.2437619961612 -5945.47380130314
0.517 -0.967117988394584 -5946.44091929153
0.547 -0.182815356489945 -5946.62373464802
0.52 3.07692307692308 -5943.5468115711
0.52 -6.15384615384615 -5949.70065772495
0.561 1.24777183600713 -5948.45288588894
0.628 -7.32484076433121 -5955.77772665327
0.628 -6.36942675159236 -5962.14715340486
0.645 -11.3178294573643 -5973.46498286223
0.6 -0.333333333333333 -5973.79831619556
0.64 9.6875 -5964.11081619556
0.622 1.92926045016077 -5962.1815557454
0.619 -9.8546042003231 -5972.03615994572
0.612 11.1111111111111 -5960.92504883461
0.622 5.14469453376206 -5955.78035430085
0.552 2.17391304347826 -5953.60644125737
0.544 0.367647058823529 -5953.23879419855
0.536 -12.3134328358209 -5965.55222703437
0.568 -1.76056338028169 -5967.31279041465
0.552 -2.53623188405797 -5969.84902229871
0.539 -6.86456400742115 -5976.71358630613
0.568 -10.2112676056338 -5986.92485391176
0.569 -7.90861159929701 -5994.83346551106
0.556 -8.27338129496403 -6003.10684680602
0.517 -10.2514506769826 -6013.35829748301
0.566 -13.7809187279152 -6027.13921621092
0.564 -10.6382978723404 -6037.77751408326
0.576 -5.20833333333333 -6042.9858474166
0.586 -5.80204778156997 -6048.78789519817
0.56 -9.28571428571429 -6058.07360948388
0.541 -4.62107208872458 -6062.69468157261
0.565 -8.67256637168142 -6071.36724794429
0.597 -14.572864321608 -6085.94011226589
0.626 -5.43130990415335 -6091.37142217005
0.62 0.32258064516129 -6091.04884152489
0.564 -8.51063829787234 -6099.55947982276
0.592 -5.74324324324324 -6105.302723066
0.546 -9.15750915750916 -6114.46023222351
0.58 1.72413793103448 -6112.73609429248
0.48 -7.08333333333333 -6119.81942762581
0.53 1.50943396226415 -6118.30999366355
0.568 4.57746478873239 -6113.73252887481
0.583 -3.2590051457976 -6116.99153402061
0.599 -6.84474123539232 -6123.836275256
0.582 -5.15463917525773 -6128.99091443126
0.575 -4.69565217391304 -6133.68656660517
0.51 -5.09803921568627 -6138.78460582086
0.528 -3.78787878787879 -6142.57248460874
0.534 -0.374531835205993 -6142.94701644395
0.571 -7.18038528896673 -6150.12740173291
0.564 -6.38297872340426 -6156.51038045632
0.572 -2.7972027972028 -6159.30758325352
0.639 -2.660406885759 -6161.96799013928
0.506 -3.16205533596838 -6165.13004547525
0.46 -5.65217391304348 -6170.78221938829
0.497 0.201207243460765 -6170.58101214483
0.51 1.56862745098039 -6169.01238469385
0.508 0.78740157480315 -6168.22498311905
0.53 -4.52830188679245 -6172.75328500584
0.55 8 -6164.75328500584
0.53 -2.64150943396226 -6167.3947944398
0.57 6.31578947368421 -6161.07900496612
0.574 5.57491289198606 -6155.50409207413
0.549 5.64663023679417 -6149.85746183734
0.561 9.09090909090909 -6140.76655274643
0.545 13.0275229357798 -6127.73902981065
0.543 0.184162062615101 -6127.55486774803
0.512 -2.734375 -6130.28924274803
0.475 2.31578947368421 -6127.97345327435
0.496 0.806451612903226 -6127.16700166144
0.479 -8.1419624217119 -6135.30896408316
0.52 -6.92307692307692 -6142.23204100623
0.528 -5.3030303030303 -6147.53507130926
0.541 -6.46950092421442 -6154.00457223348
0.527 -7.77988614800759 -6161.78445838149
0.552 -2.89855072463768 -6164.68300910612
0.6 -7 -6171.68300910612
0.578 5.19031141868512 -6166.49269768744
0.588 -7.82312925170068 -6174.31582693914
0.534 -5.2434456928839 -6179.55927263202
0.55 -5.09090909090909 -6184.65018172293
0.597 -1.50753768844221 -6186.15771941137
0.541 2.03327171903882 -6184.12444769233
0.559 -15.5635062611807 -6199.68795395352
0.557 -9.51526032315978 -6209.20321427668
0.516 -3.48837209302326 -6212.6915863697
0.568 -11.9718309859155 -6224.66341735561
0.582 -13.4020618556701 -6238.06547921128
0.57 -9.47368421052632 -6247.53916342181
0.562 -7.82918149466192 -6255.36834491647
0.551 2.72232304900181 -6252.64602186747
0.534 0 -6252.64602186747
0.53 -10.5660377358491 -6263.21205960332
0.49 -6.93877551020408 -6270.15083511352
0.452 -0.442477876106195 -6270.59331298963
0.555 0.900900900900901 -6269.69241208873
0.616 0.324675324675325 -6269.36773676405
0.641 4.52418096723869 -6264.84355579682
0.615 14.4715447154472 -6250.37201108137
0.645 8.83720930232558 -6241.53480177904
0.633 17.2195892575039 -6224.31521252154
0.61 14.0983606557377 -6210.2168518658
0.531 -2.82485875706215 -6213.04171062286
0.572 1.74825174825175 -6211.29345887461
0.611 -0.490998363338789 -6211.78445723795
0.654 -2.75229357798165 -6214.53675081593
0.661 5.59757942511346 -6208.93917139082
0.651 6.29800307219662 -6202.64116831862
0.633 2.05371248025276 -6200.58745583837
0.652 6.13496932515337 -6194.45248651322
0.67 1.7910447761194 -6192.6614417371
0.646 1.23839009287926 -6191.42305164422
0.665 7.06766917293233 -6184.35538247128
0.616 7.46753246753247 -6176.88785000375
0.67 -2.98507462686567 -6179.87292463062
0.653 3.52220520673813 -6176.35071942388
0.518 -7.72200772200772 -6184.07272714589
0.627 0.797448165869219 -6183.27527898002
0.535 0.186915887850467 -6183.08836309217
0.581 6.02409638554217 -6177.06426670663
0.572 2.7972027972028 -6174.26706390942
0.579 8.46286701208981 -6165.80419689733
0.588 -3.06122448979592 -6168.86542138713
0.548 8.02919708029197 -6160.83622430684
0.593 6.57672849915683 -6154.25949580768
0.541 5.73012939001848 -6148.52936641766
0.577 8.83882149046794 -6139.69054492719
0.585 7.00854700854701 -6132.68199791865
0.579 4.66321243523316 -6128.01878548341
0.478 -6.69456066945607 -6134.71334615287
0.525 8.57142857142857 -6126.14191758144
0.506 2.37154150197628 -6123.77037607946
0.519 8.67052023121387 -6115.09985584825
0.546 2.1978021978022 -6112.90205365045
0.514 4.28015564202335 -6108.62189800842
0.605 6.77685950413223 -6101.84503850429
0.567 1.23456790123457 -6100.61047060306
0.602 6.31229235880399 -6094.29817824425
0.55 2.18181818181818 -6092.11636006244
0.575 9.21739130434783 -6082.89896875809
0.53 4.52830188679245 -6078.3706668713
0.545 8.25688073394495 -6070.11378613735
0.565 6.19469026548673 -6063.91909587186
0.55 4.72727272727273 -6059.19182314459
0.61 -1.63934426229508 -6060.83116740689
0.62 10.9677419354839 -6049.8634254714
0.575 0.173913043478261 -6049.68951242792
0.589 2.54668930390492 -6047.14282312402
0.569 8.96309314586995 -6038.17972997815
0.558 9.31899641577061 -6028.86073356238
0.57 7.01754385964912 -6021.84318970273
0.592 16.5540540540541 -6005.28913564868
0.483 3.93374741200828 -6001.35538823667
0.571 3.32749562171629 -5998.02789261495
0.588 4.08163265306122 -5993.94625996189
0.66 14.5454545454545 -5979.40080541644
0.654 14.6788990825688 -5964.72190633387
0.574 9.40766550522648 -5955.31424082864
0.553 14.6473779385172 -5940.66686289012
0.587 15.5025553662692 -5925.16430752385
0.581 9.12220309810671 -5916.04210442575
0.609 4.43349753694581 -5911.6086068888
0.558 7.52688172043011 -5904.08172516837
0.539 9.46196660482375 -5894.61975856355
0.574 6.96864111498258 -5887.65111744856
0.561 5.52584670231729 -5882.12527074625
0.522 -1.14942528735632 -5883.2746960336
0.501 10.1796407185629 -5873.09505531504
0.543 4.23572744014733 -5868.85932787489
0.576 12.8472222222222 -5856.01210565267
0.586 8.87372013651877 -5847.13838551615
0.569 13.5325131810193 -5833.60587233513
0.592 6.41891891891892 -5827.18695341621
0.554 -5.41516245487365 -5832.60211587109
0.583 7.71869639794168 -5824.88341947315
0.553 16.0940325497288 -5808.78938692342
0.514 5.44747081712062 -5803.3419161063
0.502 11.5537848605578 -5791.78813124574
0.554 13.7184115523466 -5778.06971969339
0.566 14.1342756183746 -5763.93544407502
0.484 7.43801652892562 -5756.49742754609
0.528 8.33333333333333 -5748.16409421276
0.539 18.7384044526902 -5729.42568976007
0.564 11.7021276595745 -5717.72356210049
0.497 4.62776659959759 -5713.0957955009
0.56 6.42857142857143 -5706.66722407233
0.6 -2.66666666666667 -5709.33389073899
0.579 -2.24525043177893 -5711.57914117077
0.567 -2.99823633156966 -5714.57737750234
0.621 6.28019323671498 -5708.29718426563
0.629 9.69793322734499 -5698.59925103828
0.569 10.7205623901582 -5687.87868864812
0.576 4.16666666666667 -5683.71202198146
0.641 6.39625585023401 -5677.31576613122
0.575 11.6521739130435 -5665.66359221818
0.548 14.5985401459854 -5651.06505207219
0.575 6.43478260869565 -5644.6302694635
0.535 15.8878504672897 -5628.74241899621
0.569 12.829525483304 -5615.9128935129
0.602 10.6312292358804 -5605.28166427702
0.572 -11.1888111888112 -5616.47047546583
0.615 4.0650406504065 -5612.40543481543
0.614 0.977198697068404 -5611.42823611836
0.593 4.21585160202361 -5607.21238451634
0.575 3.30434782608696 -5603.90803669025
0.572 6.29370629370629 -5597.61433039654
0.495 7.47474747474747 -5590.1395829218
0.498 18.4738955823293 -5571.66568733947
0.516 8.91472868217054 -5562.7509586573
0.461 10.1952277657267 -5552.55573089157
0.447 13.1991051454139 -5539.35662574616
0.493 14.8073022312373 -5524.54932351492
0.484 15.702479338843 -5508.84684417607
0.526 7.22433460076046 -5501.62250957531
0.475 12 -5489.62250957531
0.464 20.6896551724138 -5468.9328544029
0.51 8.62745098039216 -5460.30540342251
0.536 9.70149253731343 -5450.60391088519
0.523 10.1338432122371 -5440.47006767296
0.541 4.62107208872458 -5435.84899558423
0.526 7.60456273764259 -5428.24443284659
0.547 7.86106032906764 -5420.38337251752
0.534 9.73782771535581 -5410.64554480217
0.521 4.41458733205374 -5406.23095747011
0.534 15.7303370786517 -5390.50062039146
0.495 15.1515151515152 -5375.34910523995
0.469 9.59488272921109 -5365.75422251074
0.544 8.82352941176471 -5356.93069309897
0.574 -4.8780487804878 -5361.80874187946
0.542 4.0590405904059 -5357.74970128905
0.59 -2.3728813559322 -5360.12258264498
0.581 13.2530120481928 -5346.86957059679
0.614 9.12052117263844 -5337.74904942415
0.603 -3.48258706467662 -5341.23163648883
0.504 8.73015873015873 -5332.50147775867
0.535 6.16822429906542 -5326.33325345961
0.539 -0.185528756957328 -5326.51878221656
0.551 1.27041742286751 -5325.2483647937
0.578 8.30449826989619 -5316.9438665238
0.616 -0.649350649350649 -5317.59321717315
0.601 3.49417637271215 -5314.09904080044
0.606 4.29042904290429 -5309.80861175753
0.594 1.34680134680135 -5308.46181041073
0.567 -1.58730158730159 -5310.04911199803
0.572 0.699300699300699 -5309.34981129873
0.541 6.46950092421442 -5302.88031037452
0.525 6.28571428571429 -5296.5945960888
0.567 9.70017636684303 -5286.89441972196
0.582 -3.78006872852234 -5290.67448845048
0.599 -1.83639398998331 -5292.51088244047
0.622 5.46623794212219 -5287.04464449835
0.592 4.05405405405405 -5282.99059044429
0.568 6.69014084507042 -5276.30044959922
0.534 -1.87265917602996 -5278.17310877525
0.49 -11.0204081632653 -5289.19351693852
0.515 -14.5631067961165 -5303.75662373463
0.59 -0.338983050847458 -5304.09560678548
0.59 12.8813559322034 -5291.21425085328
0.576 -0.347222222222222 -5291.5614730755
0.553 7.41410488245931 -5284.14736819304
0.626 11.1821086261981 -5272.96525956684
0.608 11.5131578947368 -5261.4521016721
0.538 4.83271375464684 -5256.61938791746
0.54 7.40740740740741 -5249.21198051005
0.52 16.1538461538462 -5233.0581343562
0.489 5.93047034764826 -5227.12766400856
0.541 1.29390018484288 -5225.83376382371
0.542 10.3321033210332 -5215.50166050268
0.548 1.82481751824818 -5213.67684298443
0.525 10.4761904761905 -5203.20065250824
0.533 4.69043151969981 -5198.51022098854
0.556 -3.9568345323741 -5202.46705552091
0.535 8.03738317757009 -5194.42967234335
0.57 8.07017543859649 -5186.35949690475
0.573 6.45724258289703 -5179.90225432185
0.579 11.5716753022453 -5168.33057901961
0.572 11.5384615384615 -5156.79211748115
0.539 10.9461966604824 -5145.84592082066
0.548 5.83941605839416 -5140.00650476227
0.581 10.8433734939759 -5129.16313126829
0.581 2.92598967297762 -5126.23714159531
0.529 6.61625708884688 -5119.62088450647
0.515 -4.46601941747573 -5124.08690392394
0.552 4.71014492753623 -5119.37675899641
0.539 10.5751391465677 -5108.80161984984
0.53 10.188679245283 -5098.61294060456
0.515 2.52427184466019 -5096.0886687599
0.581 5.33562822719449 -5090.7530405327
0.574 -1.74216027874564 -5092.49520081145
0.546 -3.2967032967033 -5095.79190410815
0.556 1.07913669064748 -5094.7127674175
0.565 -10.0884955752212 -5104.80126299272
0.533 3.93996247654784 -5100.86130051618
0.596 7.38255033557047 -5093.47875018061
0.578 6.9204152249135 -5086.55833495569
0.565 1.94690265486726 -5084.61143230083
0.587 2.21465076660988 -5082.39678153422
0.559 4.11449016100179 -5078.28229137321
0.548 2.91970802919708 -5075.36258334402
0.573 4.71204188481675 -5070.6505414592
0.575 6.08695652173913 -5064.56358493746
0.6 -0.666666666666667 -5065.23025160413
0.574 -8.01393728222997 -5073.24418888636
0.583 5.31732418524871 -5067.92686470111
0.603 -0.829187396351575 -5068.75605209746
0.602 7.64119601328904 -5061.11485608417
0.609 5.09031198686371 -5056.02454409731
0.584 6.16438356164384 -5049.86016053566
0.576 8.33333333333333 -5041.52682720233
0.561 5.88235294117647 -5035.64447426115
0.598 5.35117056856187 -5030.29330369259
0.521 18.2341650671785 -5012.05913862541
0.563 4.79573712255773 -5007.26340150286
0.565 1.23893805309735 -5006.02446344976
0.565 9.02654867256637 -4996.99791477719
0.612 6.5359477124183 -4990.46196706477
0.584 10.958904109589 -4979.50306295518
0.575 13.3913043478261 -4966.11175860736
0.587 9.36967632027257 -4956.74208228709
0.522 4.21455938697318 -4952.52752290011
0.538 0.743494423791822 -4951.78402847632
0.55 1.45454545454545 -4950.32948302178
0.566 3.886925795053 -4946.44255722672
0.577 -2.25303292894281 -4948.69559015567
0.537 6.8901303538175 -4941.80545980185
0.579 -4.66321243523316 -4946.46867223708
0.608 2.30263157894737 -4944.16604065813
0.587 8.34752981260647 -4935.81851084553
0.59 -2.03389830508475 -4937.85240915061
0.546 -4.3956043956044 -4942.24801354622
0.588 2.38095238095238 -4939.86706116526
0.584 -4.79452054794521 -4944.66158171321
0.604 -2.31788079470199 -4946.97946250791
0.621 4.02576489533011 -4942.95369761258
0.583 -1.54373927958834 -4944.49743689217
0.59 -6.10169491525424 -4950.59913180742
0.557 -6.6427289048474 -4957.24186071227
0.575 1.21739130434783 -4956.02446940792
0.555 -0.540540540540541 -4956.56500994846
0.502 11.5537848605578 -4945.01122508791
0.589 2.54668930390492 -4942.464535784
0.587 4.94037478705281 -4937.52416099695
0.511 0.195694716242661 -4937.32846628071
0.486 -5.76131687242798 -4943.08978315313
0.529 -7.37240075614367 -4950.46218390928
0.547 10.7861060329068 -4939.67607787637
0.56 -6.42857142857143 -4946.10464930494
0.579 -1.89982728842832 -4948.00447659337
0.578 11.4186851211073 -4936.58579147226
0.56 11.0714285714286 -4925.51436290083
0.575 14.7826086956522 -4910.73175420518
0.556 10.0719424460432 -4900.65981175914
0.599 7.84641068447412 -4892.81340107467
0.551 16.5154264972777 -4876.29797457739
0.539 17.6252319109462 -4858.67274266644
0.565 9.38053097345133 -4849.29221169299
0.576 10.7638888888889 -4838.5283228041
0.618 -2.26537216828479 -4840.79369497239
0.625 -1.44 -4842.23369497239
0.598 -3.01003344481605 -4845.2437284172
0.593 8.26306913996627 -4836.98065927724
0.525 12.7619047619048 -4824.21875451533
0.56 15 -4809.21875451533
0.59 17.2881355932203 -4791.93061892211
0.519 14.0655105973025 -4777.86510832481
0.541 10.1663585951941 -4767.69874972961
0.552 6.52173913043478 -4761.17701059918
0.526 3.04182509505703 -4758.13518550412
0.496 4.83870967741935 -4753.2964758267
0.537 2.04841713221601 -4751.24805869449
0.558 6.09318996415771 -4745.15486873033
0.514 10.8949416342412 -4734.25992709609
0.497 13.8832997987928 -4720.3766272973
0.57 8.42105263157895 -4711.95557466572
0.552 0.36231884057971 -4711.59325582514
0.519 -0.192678227360308 -4711.7859340525
0.578 11.7647058823529 -4700.02122817014
0.502 15.1394422310757 -4684.88178593907
0.545 5.68807339449541 -4679.19371254457
0.527 3.60531309297913 -4675.58839945159
0.605 7.43801652892562 -4668.15038292267
0.622 -2.89389067524116 -4671.04427359791
0.638 17.5548589341693 -4653.48941466374
0.612 7.51633986928105 -4645.97307479446
0.609 -0.492610837438424 -4646.4656856319
0.635 9.92125984251969 -4636.54442578938
0.589 13.0730050933786 -4623.471420696
0.49 7.75510204081633 -4615.71631865518
0.395 14.9367088607595 -4600.77960979442
0.457 15.0984682713348 -4585.68114152309
0.612 2.94117647058824 -4582.7399650525
0.586 3.07167235494881 -4579.66829269755
0.538 8.17843866171004 -4571.48985403584
0.575 0.869565217391304 -4570.62028881845
0.568 4.92957746478873 -4565.69071135366
0.543 -4.97237569060773 -4570.66308704427
0.56 7.5 -4563.16308704427
0.581 8.77796901893287 -4554.38511802534
0.553 3.43580470162749 -4550.94931332371
0.604 5.96026490066225 -4544.98904842305
0.574 0.696864111498258 -4544.29218431155
0.57 6.31578947368421 -4537.97639483786
0.6 12.6666666666667 -4525.3097281712
0.601 5.49084858569052 -4519.81887958551
0.592 -0.675675675675676 -4520.49455526118
0.496 -4.43548387096774 -4524.93003913215
0.562 -2.49110320284698 -4527.421142335
0.521 4.79846449136276 -4522.62267784363
0.529 4.34782608695652 -4518.27485175668
0.507 2.16962524654832 -4516.10522651013
0.491 10.3869653767821 -4505.71826113335
0.537 -7.63500931098696 -4513.35327044433
0.516 0 -4513.35327044433
0.557 11.310592459605 -4502.04267798473
0.524 13.3587786259542 -4488.68389935878
0.535 4.67289719626168 -4484.01100216251
0.564 11.7021276595745 -4472.30887450294
0.533 17.0731707317073 -4455.23570377123
0.502 13.1474103585657 -4442.08829341267
0.551 15.7894736842105 -4426.29881972846
0.531 24.6704331450094 -4401.62838658345
0.501 20.1596806387226 -4381.46870594472
0.554 15.884476534296 -4365.58422941043
0.499 17.8356713426854 -4347.74855806774
0.425 25.1764705882353 -4322.57208747951
0.401 18.2044887780549 -4304.36759870145
0.44 15.9090909090909 -4288.45850779236
0.441 8.39002267573696 -4280.06848511662
0.436 12.3853211009174 -4267.68316401571
0.431 18.7935034802784 -4248.88966053543
0.43 9.76744186046512 -4239.12221867496
0.404 18.8118811881188 -4220.31033748684
0.407 17.9361179361179 -4202.37421955073
0.545 -2.75229357798165 -4205.12651312871
0.497 12.2736418511066 -4192.8528712776
0.536 1.11940298507463 -4191.73346829253
0.598 17.3913043478261 -4174.3421639447
0.574 -0.696864111498258 -4175.0390280562
0.576 10.7638888888889 -4164.27513916731
0.611 3.43698854337152 -4160.83815062394
0.614 1.95439739413681 -4158.8837532298
0.518 9.65250965250965 -4149.23124357729
0.592 8.10810810810811 -4141.12313546918
0.596 3.69127516778523 -4137.4318603014
0.563 4.08525754884547 -4133.34660275255
0.581 11.8760757314974 -4121.47052702106
0.529 11.9092627599244 -4109.56126426113
0.477 9.85324947589099 -4099.70801478524
0.512 0.390625 -4099.31738978524
0.58 2.06896551724138 -4097.248424268
0.625 13.28 -4083.968424268
0.574 8.01393728222997 -4075.95448698577
0.592 -4.39189189189189 -4080.34637887766
0.501 1.39720558882236 -4078.94917328884
0.563 -0.532859680284192 -4079.48203296912
0.547 -7.49542961608775 -4086.97746258521
0.591 -1.86125211505922 -4088.83871470027
0.598 -3.34448160535117 -4092.18319630562
0.588 1.36054421768707 -4090.82265208793
0.557 7.71992818671454 -4083.10272390122
0.573 -1.2216404886562 -4084.32436438988
0.588 8.50340136054422 -4075.82096302933
0.511 6.84931506849315 -4068.97164796084
0.549 2.73224043715847 -4066.23940752368
0.556 6.11510791366906 -4060.12429961001
0.544 -12.1323529411765 -4072.25665255119
0.552 10.1449275362319 -4062.11172501496
0.521 4.41458733205374 -4057.6971376829
0.515 4.07766990291262 -4053.61946777999
0.598 7.35785953177258 -4046.26160824822
0.574 -5.22648083623693 -4051.48808908445
0.527 -7.77988614800759 -4059.26797523246
0.588 7.14285714285714 -4052.1251180896
0.586 1.02389078498294 -4051.10122730462
0.552 3.6231884057971 -4047.47803889882
0.579 9.49913644214162 -4037.97890245668
0.586 3.07167235494881 -4034.90723010173
0.569 8.6115992970123 -4026.29563080472
0.573 4.71204188481675 -4021.5835889199
0.591 12.0135363790186 -4009.57005254089
0.513 1.364522417154 -4008.20553012373
0.572 -1.04895104895105 -4009.25448117268
0.597 3.85259631490787 -4005.40188485777
0.585 4.27350427350427 -4001.12838058427
0.526 1.90114068441065 -3999.22723989986
0.501 16.1676646706587 -3983.0595752292
0.432 -2.77777777777778 -3985.83735300698
0.516 6.97674418604651 -3978.86060882093
0.538 7.80669144981413 -3971.05391737112
0.591 3.21489001692047 -3967.8390273542
0.571 4.72854640980736 -3963.11048094439
0.579 3.62694300518135 -3959.48353793921
0.554 11.5523465703971 -3947.93119136881
0.574 11.4982578397213 -3936.43293352909
0.559 12.3434704830054 -3924.08946304609
0.551 15.0635208711434 -3909.02594217494
0.586 3.41296928327645 -3905.61297289167
0.569 6.15114235500879 -3899.46183053666
0.58 -1.72413793103448 -3901.18596846769
0.607 11.6968698517298 -3889.48909861596
0.581 11.1876075731497 -3878.30149104281
0.526 5.32319391634981 -3872.97829712646
0.544 3.30882352941176 -3869.66947359705
0.551 -2.35934664246824 -3872.02882023952
0.546 6.22710622710623 -3865.80171401241
0.59 5.76271186440678 -3860.03900214801
0.552 -0.36231884057971 -3860.40132098858
0.558 7.52688172043011 -3852.87443926815
0.547 6.03290676416819 -3846.84153250399
0.564 3.19148936170213 -3843.65004314228
0.589 10.0169779286927 -3833.63306521359
0.589 5.60271646859083 -3828.030348745
0.501 4.19161676646707 -3823.83873197853
0.525 19.2380952380952 -3804.60063674044
0.509 8.84086444007858 -3795.75977230036
0.561 0.89126559714795 -3794.86850670321
0.532 1.8796992481203 -3792.98880745509
0.519 1.34874759152216 -3791.64005986357
0.576 7.63888888888889 -3784.00117097468
0.563 3.73001776198934 -3780.27115321269
0.499 0.200400801603206 -3780.07075241109
0.516 -11.6279069767442 -3791.69865938783
0.54 -1.11111111111111 -3792.80977049894
0.592 19.5945945945946 -3773.21517590435
0.615 11.219512195122 -3761.99566370923
0.56 7.85714285714286 -3754.13852085208
0.54 9.25925925925926 -3744.87926159283
0.519 21.3872832369942 -3723.49197835583
0.547 8.95795246800731 -3714.53402588782
0.564 9.9290780141844 -3704.60494787364
0.566 8.48056537102473 -3696.12438250261
0.582 11.6838487972509 -3684.44053370536
0.557 8.43806104129264 -3676.00247266407
0.594 8.41750841750842 -3667.58496424656
0.566 7.77385159010601 -3659.81111265646
0.53 11.3207547169811 -3648.49035793947
0.586 1.02389078498294 -3647.46646715449
0.585 3.93162393162393 -3643.53484322287
0.632 5.69620253164557 -3637.83864069122
0.605 5.45454545454545 -3632.38409523668
0.59 3.72881355932203 -3628.65528167736
0.566 7.77385159010601 -3620.88143008725
0.482 11.2033195020747 -3609.67811058517
0.63 2.22222222222222 -3607.45588836295
0.67 1.49253731343284 -3605.96335104952
0.662 5.4380664652568 -3600.52528458426
0.634 1.26182965299685 -3599.26345493127
0.63 5.3968253968254 -3593.86662953444
0.518 3.86100386100386 -3590.00562567344
0.518 5.40540540540541 -3584.60022026803
0.499 -9.81963927855711 -3594.41985954659
0.537 2.04841713221601 -3592.37144241437
0.569 -2.98769771528998 -3595.35914012966
0.583 -3.2590051457976 -3598.61814527546
0.548 7.66423357664234 -3590.95391169882
0.592 4.39189189189189 -3586.56201980693
0.572 3.4965034965035 -3583.06551631042
0.605 4.79338842975207 -3578.27212788067
0.534 8.61423220973783 -3569.65789567093
0.492 6.09756097560976 -3563.56033469532
0.583 1.54373927958834 -3562.01659541573
0.569 5.4481546572935 -3556.56844075844
0.564 12.7659574468085 -3543.80248331163
0.599 2.50417362270451 -3541.29830968893
0.535 7.66355140186916 -3533.63475828706
0.575 9.56521739130435 -3524.06954089575
0.563 15.8081705150977 -3508.26137038066
0.591 19.4585448392555 -3488.8028255414
0.584 17.1232876712329 -3471.67953787017
0.589 17.1477079796265 -3454.53182989054
0.549 19.8542805100182 -3434.67754938052
0.53 10.9433962264151 -3423.73415315411
0.556 16.5467625899281 -3407.18739056418
0.553 7.41410488245931 -3399.77328568172
0.57 7.71929824561404 -3392.05398743611
0.589 5.60271646859083 -3386.45127096752
0.563 7.28241563055062 -3379.16885533697
0.562 10.6761565836299 -3368.49269875334
0.557 6.6427289048474 -3361.84996984849
0.506 13.4387351778656 -3348.41123467062
0.549 15.4826958105647 -3332.92853886006
0.588 3.40136054421769 -3329.52717831584
0.571 7.18038528896673 -3322.34679302687
0.549 10.0182149362477 -3312.32857809063
0.573 20.4188481675393 -3291.90972992309
0.556 6.47482014388489 -3285.4349097792
0.509 10.0196463654224 -3275.41526341378
0.62 7.41935483870968 -3267.99590857507
0.555 8.10810810810811 -3259.88780046696
0.595 13.6134453781513 -3246.27435508881
0.497 3.420523138833 -3242.85383194998
0.496 2.82258064516129 -3240.03125130482
0.579 -6.04490500863558 -3246.07615631345
0.612 0.980392156862745 -3245.09576415659
0.545 3.48623853211009 -3241.60952562448
0.564 13.8297872340426 -3227.77973839044
0.548 14.5985401459854 -3213.18119824445
0.508 11.8110236220472 -3201.3701746224
0.536 2.61194029850746 -3198.7582343239
0.537 16.5735567970205 -3182.18467752688
0.609 -5.09031198686371 -3187.27498951374
0.644 13.3540372670807 -3173.92095224666
0.547 17.0018281535649 -3156.91912409309
0.605 10.0826446280992 -3146.83647946499
0.562 12.4555160142349 -3134.38096345076
0.595 7.22689075630252 -3127.15407269446
0.568 3.16901408450704 -3123.98505860995
0.515 11.0679611650485 -3112.9170974449
0.442 23.5294117647059 -3089.3876856802
0.445 24.4943820224719 -3064.89330365772
0.532 8.27067669172932 -3056.62262696599
0.456 22.8070175438597 -3033.81560942213
0.497 17.907444668008 -3015.90816475413
0.517 14.1199226305609 -3001.78824212357
0.453 8.16777041942605 -2993.62047170414
0.418 18.6602870813397 -2974.9601846228
0.432 18.0555555555556 -2956.90462906724
0.405 18.5185185185185 -2938.38611054873
0.432 19.4444444444444 -2918.94166610428
0.451 5.09977827050998 -2913.84188783377
0.593 4.21585160202361 -2909.62603623175
0.587 8.00681431005111 -2901.6192219217
0.536 12.3134328358209 -2889.30578908588
0.579 2.93609671848014 -2886.3696923674
0.545 10.8256880733945 -2875.544004294
0.564 4.60992907801418 -2870.93407521599
0.561 13.3689839572193 -2857.56509125877
0.58 3.44827586206897 -2854.1168153967
0.572 5.24475524475525 -2848.87206015194
0.53 5.66037735849057 -2843.21168279345
0.517 12.5725338491296 -2830.63914894432
0.559 -1.61001788908766 -2832.24916683341
0.538 -4.08921933085502 -2836.33838616427
0.537 -6.51769087523277 -2842.8560770395
0.556 -8.63309352517986 -2851.48917056468
0.49 12.2448979591837 -2839.2442726055
0.516 -1.16279069767442 -2840.40706330317
0.529 1.70132325141777 -2838.70574005175
0.562 -2.49110320284698 -2841.1968432546
0.581 -0.516351118760757 -2841.71319437336
0.593 4.21585160202361 -2837.49734277134
0.563 7.99289520426288 -2829.50444756707
0.567 10.0529100529101 -2819.45153751416
0.562 12.0996441281139 -2807.35189338605
0.572 -1.3986013986014 -2808.75049478465
0.562 17.7935943060498 -2790.9569004786
0.523 8.60420650095602 -2782.35269397764
0.512 7.421875 -2774.93081897764
0.493 16.0243407707911 -2758.90647820685
0.546 3.66300366300366 -2755.24347454385
0.552 17.7536231884058 -2737.48985135544
0.508 10.2362204724409 -2727.253630883
0.52 -2.69230769230769 -2729.94593857531
0.605 4.79338842975207 -2725.15255014556
0.585 0.170940170940171 -2724.98160997462
0.581 1.89328743545611 -2723.08832253916
0.643 2.64385692068429 -2720.44446561848
0.635 -0.47244094488189 -2720.91690656336
0.601 11.1480865224626 -2709.7688200409
0.593 8.93760539629005 -2700.83121464461
0.637 11.1459968602826 -2689.68521778432
0.526 9.50570342205323 -2680.17951436227
0.546 0.366300366300366 -2679.81321399597
0.523 13.1931166347992 -2666.62009736117
0.57 -1.05263157894737 -2667.67272894012
0.657 -1.97869101978691 -2669.65141995991
0.594 7.40740740740741 -2662.2440125525
0.615 7.31707317073171 -2654.92693938177
0.567 8.64197530864197 -2646.28496407313
0.512 -2.734375 -2649.01933907313
0.52 6.15384615384615 -2642.86549291928
0.63 4.44444444444444 -2638.42104847483
0.579 6.39032815198618 -2632.03072032285
0.571 3.67775831873905 -2628.35296200411
0.595 2.85714285714286 -2625.49581914697
0.615 2.76422764227642 -2622.73159150469
0.572 10.4895104895105 -2612.24208101518
0.585 12.4786324786325 -2599.76344853655
0.585 4.61538461538461 -2595.14806392116
0.661 17.7004538577912 -2577.44761006337
0.569 11.4235500878735 -2566.0240599755
0.541 11.275415896488 -2554.74864407901
0.535 3.92523364485981 -2550.82341043415
0.533 17.0731707317073 -2533.75023970244
0.524 9.9236641221374 -2523.8265755803
0.571 9.6322241681261 -2514.19435141218
0.589 17.8268251273345 -2496.36752628484
0.519 -2.89017341040462 -2499.25769969525
0.499 -3.40681362725451 -2502.6645133225
0.487 -5.13347022587269 -2507.79798354838
0.571 6.47985989492119 -2501.31812365346
0.562 1.77935943060498 -2499.53876422285
0.547 2.37659963436929 -2497.16216458848
0.603 6.46766169154229 -2490.69450289694
0.536 -5.22388059701493 -2495.91838349395
0.62 5.16129032258065 -2490.75709317137
0.576 -0.694444444444444 -2491.45153761582
0.523 -0.191204588910134 -2491.64274220473
0.557 0.538599640933573 -2491.10414256379
0.561 6.23885918003565 -2484.86528338376
0.605 2.8099173553719 -2482.05536602839
0.566 7.77385159010601 -2474.28151443828
0.571 2.62697022767075 -2471.65454421061
0.626 8.94568690095847 -2462.70885730965
0.54 -0.37037037037037 -2463.07922768002
0.506 9.88142292490119 -2453.19780475512
0.569 8.96309314586995 -2444.23471160925
0.593 7.92580101180438 -2436.30891059745
0.545 -3.11926605504587 -2439.42817665249
0.575 4 -2435.42817665249
0.563 6.57193605683837 -2428.85624059565
0.597 5.19262981574539 -2423.66361077991
0.544 5.88235294117647 -2417.78125783873
0.577 0.519930675909879 -2417.26132716282
0.497 6.2374245472837 -2411.02390261554
0.592 2.36486486486486 -2408.65903775067
0.547 4.57038391224863 -2404.08865383842
0.609 2.79146141215107 -2401.29719242627
0.616 11.3636363636364 -2389.93355606264
0.572 5.94405594405594 -2383.98950011858
0.637 18.6813186813187 -2365.30818143726
0.585 10.0854700854701 -2355.22271135179
0.608 10.1973684210526 -2345.02534293074
0.526 3.80228136882129 -2341.22306156192
0.562 11.3879003558719 -2329.83516120605
0.545 22.9357798165138 -2306.89938138953
0.547 5.30164533820841 -2301.59773605132
0.552 -2.17391304347826 -2303.7716490948
0.611 2.45499181669394 -2301.31665727811
0.604 3.64238410596026 -2297.67427317215
0.613 2.77324632952692 -2294.90102684262
0.612 -0.65359477124183 -2295.55462161386
0.599 5.17529215358932 -2290.37932946027
0.615 0.16260162601626 -2290.21672783426
0.625 1.76 -2288.45672783426
0.628 7.32484076433121 -2281.13188706993
0.439 6.60592255125285 -2274.52596451867
0.558 5.73476702508961 -2268.79119749358
0.579 -5.35405872193437 -2274.14525621552
0.608 1.64473684210526 -2272.50051937341
0.638 0.313479623824451 -2272.18703974959
0.603 15.7545605306799 -2256.43247921891
0.578 4.84429065743945 -2251.58818856147
0.605 3.80165289256198 -2247.78653566891
0.634 5.99369085173502 -2241.79284481717
0.662 5.13595166163142 -2236.65689315554
0.654 1.8348623853211 -2234.82203077022
0.569 -0.175746924428823 -2234.99777769465
0.578 0.692041522491349 -2234.30573617216
0.603 3.15091210613599 -2231.15482406602
0.561 15.8645276292335 -2215.29029643679
0.529 -5.10396975425331 -2220.39426619104
0.553 -5.96745027124774 -2226.36171646229
0.539 9.09090909090909 -2217.27080737138
0.515 11.0679611650485 -2206.20284620633
0.508 16.5354330708661 -2189.66741313547
0.509 15.1277013752456 -2174.53971176022
0.524 12.9770992366412 -2161.56261252358
0.464 18.1034482758621 -2143.45916424772
0.502 12.7490039840637 -2130.71016026365
0.519 10.2119460500963 -2120.49821421356
0.596 4.36241610738255 -2116.13579810617
0.545 7.88990825688073 -2108.24588984929
0.505 2.97029702970297 -2105.27559281959
0.593 4.21585160202361 -2101.05974121757
0.634 11.0410094637224 -2090.01873175384
0.496 13.3064516129032 -2076.71228014094
0.539 5.38033395176252 -2071.33194618918
0.572 10.8391608391608 -2060.49278535002
0.542 15.4981549815498 -2044.99463036847
0.618 8.7378640776699 -2036.2567662908
0.552 9.78260869565217 -2026.47415759515
0.56 10.7142857142857 -2015.75987188086
0.592 18.9189189189189 -1996.84095296194
0.473 9.93657505285412 -1986.90437790909
0.579 9.15371329879102 -1977.7506646103
0.551 -0.544464609800363 -1978.2951292201
0.578 4.49826989619377 -1973.7968593239
0.539 7.23562152133581 -1966.56123780257
0.528 12.5 -1954.06123780257
0.529 9.26275992438563 -1944.79847787818
0.583 11.8353344768439 -1932.96314340134
0.565 7.25663716814159 -1925.7065062332
0.554 2.88808664259928 -1922.8184195906
0.547 4.20475319926874 -1918.61366639133
0.592 -3.37837837837838 -1921.99204476971
0.573 2.96684118673647 -1919.02520358297
0.58 6.89655172413793 -1912.12865185883
0.57 8.42105263157895 -1903.70759922725
0.547 2.74223034734918 -1900.9653688799
0.608 9.86842105263158 -1891.09694782727
0.567 9.34744268077601 -1881.7495051465
0.543 -2.39410681399632 -1884.14361196049
0.58 11.3793103448276 -1872.76430161566
0.603 -2.1558872305141 -1874.92018884618
0.631 7.44849445324881 -1867.47169439293
0.545 18.8990825688073 -1848.57261182412
0.543 9.39226519337017 -1839.18034663075
0.556 12.9496402877698 -1826.23070634298
0.507 6.50887573964497 -1819.72183060334
0.623 -0.481540930979133 -1820.20337153432
0.57 2.80701754385965 -1817.39635399046
0.631 3.32805071315372 -1814.0683032773
0.582 5.49828178694158 -1808.57002149036
0.569 7.20562390158172 -1801.36439758878
0.622 2.89389067524116 -1798.47050691354
0.607 14.003294892916 -1784.46721202062
0.607 16.3097199341021 -1768.15749208652
0.589 16.8081494057725 -1751.34934268075
0.563 5.50621669626998 -1745.84312598448
0.574 -5.22648083623693 -1751.06960682072
0.532 3.00751879699248 -1748.06208802372
0.514 -8.56031128404669 -1756.62239930777
0.399 -10.7769423558897 -1767.39934166366
0.465 2.36559139784946 -1765.03375026581
0.566 -3.53356890459364 -1768.5673191704
0.568 -4.22535211267606 -1772.79267128308
0.582 -2.06185567010309 -1774.85452695318
0.534 1.87265917602996 -1772.98186777715
0.499 -3.40681362725451 -1776.38868140441
0.55 -1.45454545454545 -1777.84322685895
0.542 -8.85608856088561 -1786.69931541984
0.541 -8.68761552680222 -1795.38693094664
0.532 -10.1503759398496 -1805.53730688649
0.553 -9.22242314647378 -1814.75973003296
0.579 0.863557858376511 -1813.89617217459
0.63 7.3015873015873 -1806.594584873
0.567 10.7583774250441 -1795.83620744796
0.593 4.21585160202361 -1791.62035584593
0.541 10.5360443622921 -1781.08431148364
0.519 18.6897880539499 -1762.39452342969
0.526 7.98479087452472 -1754.40973255517
0.561 10.5169340463458 -1743.89279850882
0.512 8.59375 -1735.29904850882
0.565 6.90265486725664 -1728.39639364156
0.468 20.0854700854701 -1708.31092355609
0.599 -18.864774624374 -1727.17569818047
0.624 -23.7179487179487 -1750.89364689842
0.561 -22.6381461675579 -1773.53179306597
0.529 -8.50661625708885 -1782.03840932306
0.564 1.77304964539007 -1780.26535967767
0.537 6.51769087523277 -1773.74766880244
0.544 12.1323529411765 -1761.61531586126
0.579 15.0259067357513 -1746.58940912551
0.547 0.914076782449726 -1745.67533234306
0.551 13.9745916515426 -1731.70074069152
0.623 6.90208667736758 -1724.79865401415
0.585 8.71794871794872 -1716.0807052962
0.548 10.9489051094891 -1705.13180018671
0.507 10.0591715976331 -1695.07262858908
0.56 10.3571428571429 -1684.71548573194
0.584 2.05479452054795 -1682.66069121139
0.527 11.9544592030361 -1670.70623200835
0.6 -0.333333333333333 -1671.03956534169
0.581 -1.89328743545611 -1672.93285277714
0.586 9.55631399317406 -1663.37653878397
0.617 2.75526742301459 -1660.62127136095
0.629 0.158982511923688 -1660.46228884903
0.506 3.16205533596838 -1657.30023351306
0.606 7.59075907590759 -1649.70947443715
0.591 17.0896785109983 -1632.61979592616
0.582 10.3092783505155 -1622.31051757564
0.613 7.66721044045677 -1614.64330713518
0.572 11.5384615384615 -1603.10484559672
0.605 10.7438016528926 -1592.36104394383
0.524 6.87022900763359 -1585.4908149362
0.499 3.80761523046092 -1581.68319970574
0.573 4.01396160558464 -1577.66923810015
0.608 5.26315789473684 -1572.40608020541
0.575 3.65217391304348 -1568.75390629237
0.587 1.53321976149915 -1567.22068653087
0.558 15.7706093189964 -1551.45007721188
0.527 9.29791271347249 -1542.1521644984
0.491 0.203665987780041 -1541.94849851062
0.591 -5.58375634517767 -1547.5322548558
0.622 6.7524115755627 -1540.77984328024
0.576 6.25 -1534.52984328024
0.564 5.31914893617021 -1529.21069434407
0.573 8.90052356020942 -1520.31017078386
0.516 6.97674418604651 -1513.33342659781
0.539 14.6567717996289 -1498.67665479818
0.515 6.01941747572816 -1492.65723732245
0.565 1.94690265486726 -1490.71033466759
0.56 2.85714285714286 -1487.85319181044
0.585 10.7692307692308 -1477.08396104121
0.576 15.625 -1461.45896104121
0.631 6.81458003169572 -1454.64438100952
0.579 1.89982728842832 -1452.74455372109
0.581 17.039586919105 -1435.70496680198
0.574 -1.04529616724739 -1436.75026296923
0.592 14.8648648648649 -1421.88539810437
0.635 6.45669291338583 -1415.42870519098
0.625 2.72 -1412.70870519098
0.539 8.34879406307978 -1404.3599111279
0.583 10.1200686106346 -1394.23984251727
0.641 15.1326053042122 -1379.10723721305
0.632 1.26582278481013 -1377.84141442824
0.609 4.43349753694581 -1373.4079168913
0.588 7.82312925170068 -1365.5847876396
0.617 4.70016207455429 -1360.88462556504
0.631 9.35023771790808 -1351.53438784714
0.642 2.80373831775701 -1348.73064952938
0.56 -1.78571428571429 -1350.51636381509
0.573 9.94764397905759 -1340.56871983604
0.565 8.67256637168142 -1331.89615346435
0.543 6.44567219152855 -1325.45048127283
0.521 0.191938579654511 -1325.25854269317
0.526 -2.28136882129278 -1327.53991151446
0.536 -1.86567164179104 -1329.40558315625
0.554 0.36101083032491 -1329.04457232593
0.555 1.98198198198198 -1327.06259034395
0.609 7.7175697865353 -1319.34502055741
0.559 -0.178890876565295 -1319.52391143398
0.56 -1.78571428571429 -1321.30962571969
0.6 4 -1317.30962571969
0.587 7.66609880749574 -1309.6435269122
0.521 7.48560460652591 -1302.15792230567
0.593 -5.22765598650927 -1307.38557829218
0.508 5.51181102362205 -1301.87376726856
0.555 8.46846846846847 -1293.40529880009
0.567 -1.23456790123457 -1294.63986670132
0.569 0.175746924428823 -1294.46411977689
0.574 1.74216027874564 -1292.72195949815
0.569 5.4481546572935 -1287.27380484086
0.578 12.1107266435986 -1275.16307819726
0.565 11.5044247787611 -1263.6586534185
0.543 12.3388581952118 -1251.31979522328
0.571 8.23117338003503 -1243.08862184325
0.576 12.1527777777778 -1230.93584406547
0.561 8.02139037433155 -1222.91445369114
0.521 22.4568138195777 -1200.45763987156
0.522 13.7931034482759 -1186.66453642329
0.5 1.2 -1185.46453642329
0.556 6.47482014388489 -1178.9897162794
0.603 3.15091210613599 -1175.83880417327
0.537 0.558659217877095 -1175.28014495539
0.575 3.30434782608696 -1171.9757971293
0.575 4.34782608695652 -1167.62797104235
0.568 4.57746478873239 -1163.05050625361
0.541 3.14232902033272 -1159.90817723328
0.568 7.3943661971831 -1152.5138110361
0.62 7.09677419354839 -1145.41703684255
0.609 -3.44827586206897 -1148.86531270462
0.644 4.96894409937888 -1143.89636860524
0.614 7.49185667752443 -1136.40451192771
0.632 10.7594936708861 -1125.64501825683
0.587 15.1618398637138 -1110.48317839311
0.629 24.0063593004769 -1086.47681909264
0.679 15.1693667157585 -1071.30745237688
0.674 16.6172106824926 -1054.69024169439
0.626 0 -1054.69024169439
0.547 -10.4204753199269 -1065.11071701431
0.518 16.2162162162162 -1048.8945007981
0.519 5.20231213872832 -1043.69218865937
0.549 -6.3752276867031 -1050.06741634607
0.563 7.99289520426288 -1042.07452114181
0.62 -1.93548387096774 -1044.01000501278
0.618 7.44336569579288 -1036.56663931698
0.609 4.43349753694581 -1032.13314178004
0.609 5.74712643678161 -1026.38601534326
0.654 3.97553516819572 -1022.41048017506
0.679 3.09278350515464 -1019.31769666991
0.67 6.86567164179105 -1012.45202502811
0.652 8.89570552147239 -1003.55631950664
0.569 5.79964850615114 -997.756671000491
0.527 1.32827324478178 -996.428397755709
0.494 -3.64372469635628 -1000.07212245207
0.494 -4.8582995951417 -1004.93042204721
0.484 2.47933884297521 -1002.45108320423
0.535 -11.7757009345794 -1014.22678413881
0.502 7.17131474103586 -1007.05546939778
0.518 -8.49420849420849 -1015.54967789198
0.511 -4.10958904109589 -1019.65926693308
0.505 -2.17821782178218 -1021.83748475486
0.493 -7.50507099391481 -1029.34255574878
0.439 -2.0501138952164 -1031.39266964399
0.494649227110583 3.36538461538462 -1028.02728502861
