gc_content gc_skew gc_culm
0.578 -1.3840830449827 -1.3840830449827
0.582 6.52920962199313 5.14512657701043
0.618 -3.55987055016181 1.58525602684862
0.681 -25.1101321585903 -23.5248761317417
0.672 -19.9404761904762 -43.4653523222179
0.702 -18.2336182336182 -61.6989705558361
0.72 -13.3333333333333 -75.0323038891695
0.699 -10.4434907010014 -85.4757945901709
0.716 -13.4078212290503 -98.8836158192212
0.697 -15.06456241033 -113.948178229551
0.702 -15.0997150997151 -129.047893329266
0.675 -8.44444444444444 -137.492337773711
0.679 -16.9366715758468 -154.429009349558
0.638 -10.9717868338558 -165.400796183413
0.657 -12.0243531202435 -177.425149303657
0.697 -7.31707317073171 -184.742222474389
0.707 -9.75954738330976 -194.501769857698
0.686 -13.1195335276968 -207.621303385395
0.683 -17.1303074670571 -224.751610852452
0.661 -15.5824508320726 -240.334061684525
0.654 -14.6788990825688 -255.012960767094
0.707 -17.6803394625177 -272.693300229611
0.709 -10.5782792665726 -283.271579496184
0.662 -9.96978851963746 -293.241368015821
0.64 -15.3125 -308.553868015821
0.691 -24.1678726483357 -332.721740664157
0.697 -15.06456241033 -347.786303074487
0.671 -22.8017883755589 -370.588091450046
0.636 -16.3522012578616 -386.940292707908
0.648 -8.33333333333333 -395.273626041241
0.674 -15.4302670623145 -410.703893103556
0.649 -18.0277349768875 -428.731628080443
0.685 -9.78102189781022 -438.512649978253
0.675 -9.33333333333333 -447.845983311587
0.659 -18.6646433990895 -466.510626710676
0.658 -21.8844984802432 -488.395125190919
0.671 -12.6676602086438 -501.062785399563
0.665 -17.8947368421053 -518.957522241668
0.709 -9.16784203102962 -528.125364272698
0.669 -14.4992526158445 -542.624616888543
0.681 -8.37004405286344 -550.994660941406
0.664 -15.3614457831325 -566.356106724538
0.633 -11.5323854660348 -577.888492190573
0.647 -6.64605873261206 -584.534550923185
0.713 -17.8120617110799 -602.346612634265
0.635 -8.34645669291339 -610.693069327179
0.65 -8.61538461538461 -619.308453942563
0.711 -17.2995780590717 -636.608032001635
0.677 -16.98670605613 -653.594738057765
0.643 -13.2192846034215 -666.814022661186
0.7 -9.14285714285714 -675.956879804044
0.7 -12.2857142857143 -688.242594089758
0.69 -13.3333333333333 -701.575927423091
0.672 -10.7142857142857 -712.290213137377
0.677 -11.0782865583456 -723.368499695723
0.669 -13.9013452914798 -737.269844987202
0.647 -16.2287480680062 -753.498593055209
0.655 -15.4198473282443 -768.918440383453
0.703 -13.5135135135135 -782.431953896966
0.709 -5.78279266572638 -788.214746562693
0.675 -9.62962962962963 -797.844376192322
0.675 -11.4074074074074 -809.25178359973
0.693 -8.8023088023088 -818.054092402039
0.679 -12.5184094256259 -830.572501827664
0.679 -15.7584683357879 -846.330970163452
0.705 -12.9078014184397 -859.238771581892
0.654 -9.48012232415902 -868.718893906051
0.626 -5.75079872204473 -874.469692628096
0.661 -10.7413010590015 -885.210993687097
0.649 -10.6317411402157 -895.842734827313
0.684 -18.4210526315789 -914.263787458892
0.692 -6.35838150289017 -920.622168961782
0.707 -15.1343705799151 -935.756539541697
0.697 -13.9167862266858 -949.673325768383
0.682 -18.475073313783 -968.148399082166
0.67 -18.5074626865672 -986.655861768733
0.682 -7.91788856304985 -994.573750331783
0.676 -10.0591715976331 -1004.63292192942
0.638 -7.52351097178683 -1012.1564329012
0.641 -11.0764430577223 -1023.23287595893
0.681 -13.0690161527166 -1036.30189211164
0.692 -10.9826589595376 -1047.28455107118
0.649 -12.1725731895223 -1059.4571242607
0.67 -17.6119402985075 -1077.06906455921
0.694 -12.9682997118156 -1090.03736427102
0.69 -8.69565217391304 -1098.73301644494
0.659 -14.1122913505311 -1112.84530779547
0.701 -6.99001426533524 -1119.8353220608
0.698 -13.7535816618911 -1133.5889037227
0.716 -7.26256983240223 -1140.8514735551
0.676 -8.28402366863905 -1149.13549722374
0.69 -12.1739130434783 -1161.30941026722
0.709 -6.91114245416079 -1168.22055272138
0.718 -22.2841225626741 -1190.50467528405
0.721 -17.6144244105409 -1208.11909969459
0.64 -8.4375 -1216.55659969459
0.692 -7.80346820809249 -1224.36006790268
0.717 -16.5969316596932 -1240.95699956238
0.679 -8.98379970544919 -1249.94079926783
0.7 -12.5714285714286 -1262.51222783925
0.684 -9.35672514619883 -1271.86895298545
0.658 -9.42249240121581 -1281.29144538667
0.673 -16.4933135215453 -1297.78475890821
0.659 -9.55993930197269 -1307.34469821019
0.682 -14.3695014662757 -1321.71419967646
0.689 -19.5936139332366 -1341.3078136097
0.674 -16.9139465875371 -1358.22176019724
0.682 -13.4897360703812 -1371.71149626762
0.636 -21.3836477987421 -1393.09514406636
0.679 -14.580265095729 -1407.67540916209
0.725 -19.7241379310345 -1427.39954709312
0.703 -13.5135135135135 -1440.91306060664
0.684 -18.4210526315789 -1459.33411323822
0.697 -12.4820659971306 -1471.81617923535
0.701 -18.4022824536377 -1490.21846168898
0.699 -16.1659513590844 -1506.38441304807
0.69 -13.3333333333333 -1519.7177463814
0.695 -11.0791366906475 -1530.79688307205
0.683 -14.787701317716 -1545.58458438977
0.693 -11.1111111111111 -1556.69569550088
0.705 -17.7304964539007 -1574.42619195478
0.645 -15.968992248062 -1590.39518420284
0.665 -14.5864661654135 -1604.98165036825
0.701 -12.4108416547789 -1617.39249202303
0.701 -9.84308131241084 -1627.23557333544
0.654 -14.6788990825688 -1641.91447241801
0.638 -14.7335423197492 -1656.64801473776
0.696 -11.4942528735632 -1668.14226761132
0.671 -12.0715350223547 -1680.21380263368
0.696 -11.2068965517241 -1691.4206991854
0.703 -10.099573257468 -1701.52027244287
0.726 -14.6005509641873 -1716.12082340706
0.711 -11.3924050632911 -1727.51322847035
0.683 -19.1800878477306 -1746.69331631808
0.688 -12.7906976744186 -1759.4840139925
0.703 -17.7809388335704 -1777.26495282607
0.682 -2.63929618768328 -1779.90424901375
0.715 -16.9230769230769 -1796.82732593683
0.694 -13.8328530259366 -1810.66017896277
0.689 -10.5950653120464 -1821.25524427481
0.722 -16.0664819944598 -1837.32172626927
0.689 -4.49927431059506 -1841.82100057987
0.704 -15.625 -1857.44600057987
0.685 -12.4087591240876 -1869.85475970395
0.69 -10.1449275362319 -1879.99968724019
0.705 -14.8936170212766 -1894.89330426146
0.648 -1.54320987654321 -1896.43651413801
0.674 -20.1780415430267 -1916.61455568103
0.668 -21.5568862275449 -1938.17144190858
0.655 -9.61832061068702 -1947.78976251926
0.683 -11.8594436310395 -1959.6492061503
0.735 -17.2789115646259 -1976.92811771493
0.713 -15.0070126227209 -1991.93513033765
0.667 -11.544227886057 -2003.47935822371
0.68 -10 -2013.47935822371
0.679 -15.4639175257732 -2028.94327574948
0.712 -15.7303370786517 -2044.67361282813
0.69 -13.3333333333333 -2058.00694616147
0.716 -13.4078212290503 -2071.41476739052
0.691 -1.88133140376266 -2073.29609879428
0.661 -3.7821482602118 -2077.07824705449
0.652 -7.97546012269939 -2085.05370717719
0.668 -6.88622754491018 -2091.9399347221
0.708 -7.34463276836158 -2099.28456749046
0.713 -18.9340813464236 -2118.21864883689
0.74 -20 -2138.21864883689
0.705 -11.2056737588652 -2149.42432259575
0.662 -3.92749244712991 -2153.35181504288
0.654 -7.3394495412844 -2160.69126458416
0.669 -8.81913303437967 -2169.51039761854
0.708 -5.64971751412429 -2175.16011513267
0.702 -4.55840455840456 -2179.71851969107
0.718 -8.07799442896936 -2187.79651412004
0.694 -14.1210374639769 -2201.91755158402
0.682 -10.8504398826979 -2212.76799146672
0.673 -15.3046062407132 -2228.07259770743
0.671 -11.4754098360656 -2239.5480075435
0.683 -12.7379209370425 -2252.28592848054
0.692 -14.1618497109827 -2266.44777819152
0.682 -18.7683284457478 -2285.21610663727
0.681 -15.4185022026432 -2300.63460883991
0.708 -10.4519774011299 -2311.08658624104
0.675 -4.2962962962963 -2315.38288253734
0.677 -9.89660265878877 -2325.27948519613
0.711 -14.2053445850914 -2339.48482978122
0.676 -11.2426035502959 -2350.72743333151
0.663 -11.0105580693816 -2361.7379914009
0.696 -16.6666666666667 -2378.40465806756
0.664 -9.33734939759036 -2387.74200746515
0.68 -11.7647058823529 -2399.50671334751
0.671 -16.2444113263785 -2415.75112467388
0.678 -10.0294985250737 -2425.78062319896
0.694 -10.3746397694525 -2436.15526296841
0.697 -13.3428981348637 -2449.49816110327
0.711 -14.2053445850914 -2463.70350568837
0.71 -7.6056338028169 -2471.30913949118
0.716 -10.0558659217877 -2481.36500541297
0.724 -13.8121546961326 -2495.1771601091
0.685 -15.3284671532847 -2510.50562726239
0.693 -10.8225108225108 -2521.3281380849
0.694 -12.1037463976945 -2533.43188448259
0.701 -14.4079885877318 -2547.83987307033
0.662 -14.1993957703927 -2562.03926884072
0.685 -8.90510948905109 -2570.94437832977
0.659 -16.236722306525 -2587.18110063629
0.69 -15.6521739130435 -2602.83327454934
0.678 -14.1592920353982 -2616.99256658474
0.696 -14.367816091954 -2631.36038267669
0.708 -13.8418079096045 -2645.20219058629
0.666 -12.9129129129129 -2658.11510349921
0.671 -19.8211624441133 -2677.93626594332
0.696 -13.5057471264368 -2691.44201306976
0.715 -7.69230769230769 -2699.13432076206
0.659 -14.1122913505311 -2713.2466121126
0.665 -16.390977443609 -2729.63758955621
0.682 -12.316715542522 -2741.95430509873
0.671 -10.8792846497765 -2752.8335897485
0.688 -9.01162790697674 -2761.84521765548
0.68 -14.1176470588235 -2775.9628647143
0.644 -14.2857142857143 -2790.24857900002
0.669 -12.7055306427504 -2802.95410964277
0.669 -8.22122571001495 -2811.17533535278
0.681 -14.8311306901615 -2826.00646604294
0.669 -15.695067264574 -2841.70153330752
0.709 -19.8871650211566 -2861.58869832868
0.729 -16.8724279835391 -2878.46112631221
0.679 -12.8129602356406 -2891.27408654786
0.68 -12.9411764705882 -2904.21526301844
0.7 -14.2857142857143 -2918.50097730416
0.656 -14.3292682926829 -2932.83024559684
0.636 -23.5849056603774 -2956.41515125722
0.678 -14.1592920353982 -2970.57444329262
0.657 -9.89345509893455 -2980.46789839155
0.714 -12.8851540616247 -2993.35305245318
0.695 -6.76258992805755 -3000.11564238123
0.666 -13.8138138138138 -3013.92945619505
0.657 -12.3287671232877 -3026.25822331833
0.714 -12.3249299719888 -3038.58315329032
0.699 -14.4492131616595 -3053.03236645198
0.711 -9.14205344585091 -3062.17441989783
0.669 -15.695067264574 -3077.86948716241
0.704 -15.625 -3093.49448716241
0.666 -15.3153153153153 -3108.80980247772
0.698 -18.0515759312321 -3126.86137840896
0.673 -10.2526002971768 -3137.11397870613
0.675 -18.2222222222222 -3155.33620092835
0.674 -13.353115727003 -3168.68931665536
0.686 -15.4518950437318 -3184.14121169909
0.677 -12.2599704579025 -3196.40118215699
0.715 -14.4055944055944 -3210.80677656259
0.694 -20.1729106628242 -3230.97968722541
0.664 -12.0481927710843 -3243.02787999649
0.672 -14.5833333333333 -3257.61121332983
0.706 -11.8980169971671 -3269.50923032699
0.659 -7.43550834597876 -3276.94473867297
0.666 -3.9039039039039 -3280.84864257688
0.73 -11.2328767123288 -3292.08151928921
0.685 -10.6569343065693 -3302.73845359578
0.605 -15.702479338843 -3318.44093293462
0.632 -1.89873417721519 -3320.33966711183
0.732 -2.45901639344262 -3322.79868350528
0.692 -15.606936416185 -3338.40561992146
0.674 -14.2433234421365 -3352.6489433636
0.673 -17.0876671619614 -3369.73661052556
0.644 -19.5652173913043 -3389.30182791686
0.664 -6.02409638554217 -3395.32592430241
0.663 -6.78733031674208 -3402.11325461915
0.66 -8.18181818181818 -3410.29507280097
0.705 -16.5957446808511 -3426.89081748182
0.684 -16.0818713450292 -3442.97268882685
0.649 -10.3235747303544 -3453.2962635572
0.636 -16.6666666666667 -3469.96293022387
0.638 -17.5548589341693 -3487.51778915804
0.695 -12.2302158273381 -3499.74800498537
0.682 -7.03812316715543 -3506.78612815253
0.655 -11.7557251908397 -3518.54185334337
0.651 -12.7496159754224 -3531.29146931879
0.646 -12.3839009287926 -3543.67537024758
0.661 -11.3464447806354 -3555.02181502822
0.657 -7.15372907153729 -3562.17554409976
0.679 -17.5257731958763 -3579.70131729563
0.658 -10.3343465045593 -3590.03566380019
0.675 -10.2222222222222 -3600.25788602242
0.688 -13.6627906976744 -3613.92067672009
0.69 -17.1014492753623 -3631.02212599545
0.677 -12.8508124076809 -3643.87293840313
0.734 -8.17438692098093 -3652.04732532411
0.691 -2.17076700434153 -3654.21809232846
0.695 -3.02158273381295 -3657.23967506227
0.681 -8.95741556534508 -3666.19709062761
0.677 -9.01033973412112 -3675.20743036173
0.682 -8.50439882697947 -3683.71182918871
0.685 -16.7883211678832 -3700.5001503566
0.694 -11.5273775216138 -3712.02752787821
0.666 -9.00900900900901 -3721.03653688722
0.68 -14.7058823529412 -3735.74241924016
0.695 -24.6043165467626 -3760.34673578692
0.748 -52.9411764705882 -3813.28791225751
0.651 -11.8279569892473 -3825.11586924676
0.661 -21.3313161875946 -3846.44718543435
0.676 -14.2011834319527 -3860.64836886631
0.67 -20.2985074626866 -3880.94687632899
0.676 -19.2307692307692 -3900.17764555976
0.668 -17.6646706586826 -3917.84231621845
0.674 -16.0237388724036 -3933.86605509085
0.685 -11.5328467153285 -3945.39890180618
0.676 -10.9467455621302 -3956.34564736831
0.698 -12.0343839541547 -3968.38003132246
0.715 -14.6853146853147 -3983.06534600778
0.706 -7.93201133144476 -3990.99735733922
0.686 -10.7871720116618 -4001.78452935088
0.708 -12.1468926553672 -4013.93142200625
0.698 -11.4613180515759 -4025.39274005783
0.689 -17.5616835994194 -4042.95442365725
0.672 -5.05952380952381 -4048.01394746677
0.718 -5.84958217270195 -4053.86352963947
0.715 -13.006993006993 -4066.87052264646
0.726 -15.4269972451791 -4082.29751989164
0.736 -12.5 -4094.79751989164
0.71 -4.7887323943662 -4099.58625228601
0.697 -9.89956958393113 -4109.48582186994
0.661 -9.83358547655068 -4119.31940734649
0.706 -17.2804532577904 -4136.59986060428
0.683 -7.17423133235725 -4143.77409193664
0.688 -10.1744186046512 -4153.94851054129
0.664 -14.4578313253012 -4168.40634186659
0.655 -14.8091603053435 -4183.21550217194
0.697 -5.02152080344333 -4188.23702297538
0.712 -9.55056179775281 -4197.78758477313
0.686 -14.5772594752187 -4212.36484424835
0.694 -11.8155619596542 -4224.180406208
0.667 -8.54572713643178 -4232.72613334444
0.665 -10.9774436090226 -4243.70357695346
0.672 -13.3928571428571 -4257.09643409632
0.695 -13.3812949640288 -4270.47772906034
0.654 -7.03363914373089 -4277.51136820408
0.644 -12.4223602484472 -4289.93372845252
0.693 -14.8629148629149 -4304.79664331544
0.656 -3.35365853658537 -4308.15030185202
0.696 -12.9310344827586 -4321.08133633478
0.69 -17.1014492753623 -4338.18278561014
0.637 -10.5180533751962 -4348.70083898534
0.667 -7.04647676161919 -4355.74731574696
0.653 -8.72894333843798 -4364.4762590854
0.677 -11.9645494830133 -4376.44080856841
0.713 -10.2384291725105 -4386.67923774092
0.687 -12.0815138282387 -4398.76075156916
0.697 -7.31707317073171 -4406.07782473989
0.648 -11.1111111111111 -4417.188935851
0.645 -12.2480620155039 -4429.43699786651
0.7 -4.57142857142857 -4434.00842643793
0.69 -11.304347826087 -4445.31277426402
0.668 -9.2814371257485 -4454.59421138977
0.649 -9.09090909090909 -4463.68512048068
0.669 -13.6023916292975 -4477.28751210998
0.652 -10.1226993865031 -4487.41021149648
0.661 -11.6490166414523 -4499.05922813793
0.662 -13.8972809667674 -4512.9565091047
0.689 -6.53120464441219 -4519.48771374911
0.66 -5.75757575757576 -4525.24528950669
0.697 -12.1951219512195 -4537.44041145791
0.665 -13.6842105263158 -4551.12462198422
0.717 -0.139470013947001 -4551.26409199817
0.663 -8.89894419306184 -4560.16303619123
0.697 -7.60401721664276 -4567.76705340787
0.666 2.4024024024024 -4565.36465100547
0.689 -11.7561683599419 -4577.12081936541
0.701 -12.981455064194 -4590.10227442961
0.689 -17.2714078374456 -4607.37368226705
0.641 -9.20436817472699 -4616.57805044178
0.669 -9.11808669656203 -4625.69613713834
0.673 -17.9791976225854 -4643.67533476093
0.641 -14.5085803432137 -4658.18391510414
0.666 -9.30930930930931 -4667.49322441345
0.682 -10.5571847507331 -4678.05040916418
0.7 -11.7142857142857 -4689.76469487847
0.687 -7.13245997088792 -4696.89715484936
0.69 -11.8840579710145 -4708.78121282037
0.71 -5.91549295774648 -4714.69670577812
0.706 -15.8640226628895 -4730.56072844101
0.691 -6.80173661360347 -4737.36246505461
0.661 -11.0438729198185 -4748.40633797443
0.729 -4.25240054869685 -4752.65873852313
0.656 -12.8048780487805 -4765.46361657191
0.656 -14.6341463414634 -4780.09776291337
0.693 -16.3059163059163 -4796.40367921929
0.699 -13.0185979971388 -4809.42227721643
0.703 -17.4964438122333 -4826.91872102866
0.687 -17.3216885007278 -4844.24040952939
0.662 -12.0845921450151 -4856.3250016744
0.678 -7.9646017699115 -4864.28960344431
0.642 -12.4610591900312 -4876.75066263434
0.719 -7.64951321279555 -4884.40017584714
0.741 -8.50202429149798 -4892.90220013864
0.674 0.890207715133531 -4892.01199242351
0.69 -0.869565217391304 -4892.8815576409
0.7 -5.71428571428571 -4898.59584335518
0.676 0.591715976331361 -4898.00412737885
0.716 -8.65921787709497 -4906.66334525595
0.654 -11.9266055045872 -4918.58995076053
0.636 -2.20125786163522 -4920.79120862217
0.712 -8.14606741573034 -4928.9372760379
0.686 -14.868804664723 -4943.80608070262
0.737 -9.36227951153324 -4953.16836021415
0.69 -5.21739130434783 -4958.3857515185
0.692 -6.06936416184971 -4964.45511568035
0.668 -13.1736526946108 -4977.62876837496
0.644 -6.83229813664596 -4984.46106651161
0.642 -5.9190031152648 -4990.38006962687
0.66 -6.06060606060606 -4996.44067568748
0.674 -7.71513353115727 -5004.15580921864
0.666 -6.00600600600601 -5010.16181522464
0.713 -8.27489481065919 -5018.4367100353
0.68 -13.5294117647059 -5031.96612180001
0.676 -13.0177514792899 -5044.9838732793
0.688 -15.1162790697674 -5060.10015234907
0.717 -5.16039051603905 -5065.2605428651
0.695 -7.33812949640288 -5072.59867236151
0.679 -1.620029455081 -5074.21870181659
0.661 -3.17700453857791 -5077.39570635517
0.651 -11.5207373271889 -5088.91644368236
0.667 -8.24587706146927 -5097.16232074382
0.641 -10.4524180967239 -5107.61473884055
0.609 -9.35960591133005 -5116.97434475188
0.676 -16.2721893491124 -5133.24653410099
0.687 -11.2081513828239 -5144.45468548381
0.659 -11.6843702579666 -5156.13905574178
0.655 -2.29007633587786 -5158.42913207766
0.715 -2.93706293706294 -5161.36619501472
0.686 -11.3702623906706 -5172.73645740539
0.695 -10.7913669064748 -5183.52782431187
0.682 -7.03812316715543 -5190.56594747902
0.704 -7.38636363636364 -5197.95231111539
0.676 -13.6094674556213 -5211.56177857101
0.687 -4.22125181950509 -5215.78303039051
0.694 -2.01729106628242 -5217.8003214568
0.666 -9.90990990990991 -5227.71023136671
0.638 -8.77742946708464 -5236.48766083379
0.642 -5.29595015576324 -5241.78361098955
0.639 -9.23317683881064 -5251.01678782836
0.623 -11.3964686998395 -5262.4132565282
0.639 -0.469483568075117 -5262.88274009628
0.733 0.136425648021828 -5262.74631444826
0.637 -7.06436420722135 -5269.81067865548
0.632 -8.86075949367089 -5278.67143814915
0.642 -6.85358255451713 -5285.52502070367
0.643 -11.353032659409 -5296.87805336308
0.636 -9.11949685534591 -5305.99755021842
0.677 -6.35155096011817 -5312.34910117854
0.697 -15.6384505021521 -5327.98755168069
0.657 -12.937595129376 -5340.92514681007
0.673 -20.6537890044577 -5361.57893581452
0.65 -9.53846153846154 -5371.11739735299
0.65 -9.23076923076923 -5380.34816658376
0.715 -14.1258741258741 -5394.47404070963
0.649 -9.09090909090909 -5403.56494980054
0.653 -13.323124042879 -5416.88807384342
0.697 -11.0473457675753 -5427.93541961099
0.72 -14.4444444444444 -5442.37986405544
0.72 -15.8333333333333 -5458.21319738877
0.685 -10.9489051094891 -5469.16210249826
0.67 -7.16417910447761 -5476.32628160274
0.708 -4.23728813559322 -5480.56356973833
0.691 -1.59189580318379 -5482.15546554151
0.713 -1.82328190743338 -5483.97874744895
0.712 -14.8876404494382 -5498.86638789839
0.697 -36.0114777618364 -5534.87786566022
0.686 -21.865889212828 -5556.74375487305
0.643 0.15552099533437 -5556.58823387772
0.681 -0.146842878120411 -5556.73507675584
0.713 -3.50631136044881 -5560.24138811629
0.7 -7.14285714285714 -5567.38424525914
0.681 -16.5932452276065 -5583.97749048675
0.678 -14.7492625368732 -5598.72675302362
0.712 11.7977528089888 -5586.92900021463
0.737 -1.49253731343284 -5588.42153752807
0.697 0.717360114777618 -5587.70417741329
0.669 -8.22122571001495 -5595.9254031233
0.662 -9.06344410876133 -5604.98884723207
0.682 0.879765395894428 -5604.10908183617
0.691 -4.4862518089725 -5608.59533364514
0.704 -6.25 -5614.84533364514
0.68 -0.882352941176471 -5615.72768658632
0.692 1.44508670520231 -5614.28259988112
0.711 2.10970464135021 -5612.17289523977
0.731 -4.51436388508892 -5616.68725912486
0.683 -3.95314787701318 -5620.64040700187
0.694 -4.03458213256484 -5624.67498913443
0.677 -4.57902511078287 -5629.25401424522
0.651 -7.21966205837174 -5636.47367630359
0.706 -3.68271954674221 -5640.15639585033
0.743 -6.86406460296097 -5647.02046045329
0.665 -0.451127819548872 -5647.47158827284
0.719 3.75521557719054 -5643.71637269565
0.689 -1.01596516690856 -5644.73233786256
0.702 -1.13960113960114 -5645.87193900216
0.697 -0.430416068866571 -5646.30235507103
0.659 -4.09711684370258 -5650.39947191473
0.7 1.14285714285714 -5649.25661477187
0.721 -0.693481276005548 -5649.95009604788
0.7 0 -5649.95009604788
0.667 1.04947526236882 -5648.90062078551
0.693 0.721500721500722 -5648.17912006401
0.67 0.895522388059702 -5647.28359767595
0.64 -4.0625 -5651.34609767595
0.707 4.1018387553041 -5647.24425892064
0.723 5.94744121715076 -5641.29681770349
0.714 0.560224089635854 -5640.73659361386
0.703 6.9701280227596 -5633.7664655911
0.722 9.41828254847645 -5624.34818304262
0.694 2.01729106628242 -5622.33089197634
0.666 3.9039039039039 -5618.42698807244
0.667 3.14842578710645 -5615.27856228533
0.718 8.63509749303621 -5606.64346479229
0.701 5.84878744650499 -5600.79467734579
0.69 6.3768115942029 -5594.41786575158
0.719 2.3643949930459 -5592.05347075854
0.742 4.85175202156334 -5587.20171873698
0.725 11.1724137931034 -5576.02930494387
0.698 6.01719197707736 -5570.01211296679
0.709 7.19322990126939 -5562.81888306553
0.69 7.2463768115942 -5555.57250625393
0.696 5.17241379310345 -5550.40009246083
0.681 6.02055800293686 -5544.37953445789
0.634 8.2018927444795 -5536.17764171341
0.679 4.56553755522828 -5531.61210415818
0.678 2.3598820058997 -5529.25222215228
0.687 7.13245997088792 -5522.1197621814
0.715 5.73426573426573 -5516.38549644713
0.684 0.584795321637427 -5515.80070112549
0.675 5.77777777777778 -5510.02292334771
0.69 -1.73913043478261 -5511.7620537825
0.676 5.02958579881657 -5506.73246798368
0.699 7.86838340486409 -5498.86408457882
0.681 6.31424375917768 -5492.54984081964
0.701 10.413694721826 -5482.13614609781
0.693 0.721500721500722 -5481.41464537631
0.712 5.33707865168539 -5476.07756672463
0.731 5.60875512995896 -5470.46881159467
0.625 1.76 -5468.70881159467
0.682 8.21114369501466 -5460.49766789965
0.691 12.8798842257598 -5447.61778367389
0.677 22.0088626292467 -5425.60892104465
0.738 20.3252032520325 -5405.28371779261
0.721 11.5117891816921 -5393.77192861092
0.725 6.48275862068965 -5387.28916999023
0.674 9.19881305637982 -5378.09035693385
0.666 4.5045045045045 -5373.58585242935
0.664 10.5421686746988 -5363.04368375465
0.693 9.09090909090909 -5353.95277466374
0.686 12.536443148688 -5341.41633151505
0.697 11.0473457675753 -5330.36898574748
0.669 7.32436472346786 -5323.04462102401
0.632 6.9620253164557 -5316.08259570755
0.688 0.290697674418605 -5315.79189803313
0.689 12.0464441219158 -5303.74545391122
0.71 13.5211267605634 -5290.22432715065
0.688 16.8604651162791 -5273.36386203438
0.667 8.54572713643178 -5264.81813489794
0.668 4.19161676646707 -5260.62651813148
0.668 4.79041916167665 -5255.8360989698
0.658 16.4133738601824 -5239.42272510962
0.665 14.8872180451128 -5224.53550706451
0.682 13.782991202346 -5210.75251586216
0.72 13.8888888888889 -5196.86362697327
0.715 9.09090909090909 -5187.77271788236
0.677 14.0324963072378 -5173.74022157512
0.674 13.353115727003 -5160.38710584812
0.657 6.84931506849315 -5153.53779077963
0.673 17.3848439821694 -5136.15294679746
0.662 19.3353474320242 -5116.81759936543
0.638 3.44827586206897 -5113.36932350337
0.658 3.03951367781155 -5110.32980982555
0.676 0.591715976331361 -5109.73809384922
0.67 -5.37313432835821 -5115.11122817758
0.686 -5.24781341107872 -5120.35904158866
0.672 -6.25 -5126.60904158866
0.67 -0.597014925373134 -5127.20605651403
0.662 -7.25075528700906 -5134.45681180104
0.682 -7.91788856304985 -5142.37470036409
0.668 4.79041916167665 -5137.58428120241
0.605 2.14876033057851 -5135.43552087184
0.617 4.05186385737439 -5131.38365701446
0.567 2.99823633156966 -5128.38542068289
0.669 -1.64424514200299 -5130.02966582489
0.711 -1.82841068917018 -5131.85807651407
0.662 -4.22960725075529 -5136.08768376482
0.625 6.24 -5129.84768376482
0.629 -0.794912559618442 -5130.64259632444
0.645 3.87596899224806 -5126.76662733219
0.609 -3.44827586206897 -5130.21490319426
0.637 5.80847723704867 -5124.40642595721
0.605 -6.11570247933884 -5130.52212843655
0.652 -2.14723926380368 -5132.66936770035
0.623 2.08667736757624 -5130.58269033278
0.645 4.49612403100775 -5126.08656630177
0.588 -1.70068027210884 -5127.78724657388
0.574 4.52961672473868 -5123.25762984914
0.671 3.725782414307 -5119.53184743483
0.66 -6.36363636363636 -5125.89548379847
0.68 -3.52941176470588 -5129.42489556317
0.657 -4.71841704718417 -5134.14331261036
0.684 -1.46198830409357 -5135.60530091445
0.651 -5.06912442396313 -5140.67442533842
0.646 6.5015479876161 -5134.1728773508
0.677 5.76070901033973 -5128.41216834046
0.689 -7.11175616835994 -5135.52392450882
0.693 -1.58730158730159 -5137.11122609612
0.666 -3.003003003003 -5140.11422909912
0.665 0.75187969924812 -5139.36234939988
0.684 -1.46198830409357 -5140.82433770397
0.654 -2.14067278287462 -5142.96501048684
0.654 -3.97553516819572 -5146.94054565504
0.643 6.68740279937792 -5140.25314285566
0.611 -4.09165302782324 -5144.34479588349
0.653 4.74732006125574 -5139.59747582223
0.674 3.56083086053412 -5136.0366449617
0.677 -3.397341211226 -5139.43398617292
0.708 0.847457627118644 -5138.5865285458
0.677 9.89660265878877 -5128.68992588701
0.696 7.75862068965517 -5120.93130519736
0.658 5.47112462006079 -5115.4601805773
0.696 4.88505747126437 -5110.57512310603
0.689 9.43396226415094 -5101.14116084188
0.679 4.56553755522828 -5096.57562328665
0.672 6.25 -5090.32562328665
0.603 -1.16086235489221 -5091.48648564155
0.635 2.67716535433071 -5088.80932028722
0.632 2.21518987341772 -5086.5941304138
0.607 -2.47116968698517 -5089.06530010078
0.628 -4.77707006369427 -5093.84237016448
0.623 -0.481540930979133 -5094.32391109546
0.625 -7.84 -5102.16391109546
0.656 -5.48780487804878 -5107.65171597351
0.659 -3.49013657056146 -5111.14185254407
0.634 -3.47003154574133 -5114.61188408981
0.657 -0.76103500761035 -5115.37291909742
0.655 -3.51145038167939 -5118.8843694791
0.653 7.19754977029096 -5111.68681970881
0.632 4.74683544303798 -5106.93998426577
0.678 1.17994100294985 -5105.76004326282
0.711 -3.23488045007032 -5108.99492371289
0.649 -2.00308166409861 -5110.99800537699
0.544 -15.0735294117647 -5126.07153478875
0.601 -5.49084858569052 -5131.56238337444
0.672 -6.25 -5137.81238337444
0.689 -6.82148040638607 -5144.63386378083
0.64 6.25 -5138.38386378083
0.642 -1.55763239875389 -5139.94149617958
0.641 -0.15600624024961 -5140.09750241983
0.705 -15.7446808510638 -5155.8421832709
0.663 -9.80392156862745 -5165.64610483952
0.64 -0.625 -5166.27110483952
0.666 -6.00600600600601 -5172.27711084553
0.694 9.22190201729107 -5163.05520882824
0.676 -5.02958579881657 -5168.08479462706
0.676 -0.29585798816568 -5168.38065261522
0.691 -10.2749638205499 -5178.65561643577
0.676 0 -5178.65561643577
0.625 -6.56 -5185.21561643577
0.664 1.20481927710843 -5184.01079715866
0.68 -0.588235294117647 -5184.59903245278
0.709 -0.987306064880113 -5185.58633851766
0.704 -4.54545454545455 -5190.13179306312
0.694 -4.32276657060519 -5194.45455963372
0.696 -7.18390804597701 -5201.6384676797
0.627 -0.478468899521531 -5202.11693657922
0.67 3.28358208955224 -5198.83335448967
0.657 5.32724505327245 -5193.50610943639
0.681 1.3215859030837 -5192.18452353331
0.635 0.78740157480315 -5191.39712195851
0.654 7.3394495412844 -5184.05767241722
0.678 1.47492625368732 -5182.58274616354
0.629 -3.65659777424483 -5186.23934393778
0.614 -8.14332247557003 -5194.38266641335
0.649 -7.85824345146379 -5202.24090986481
0.676 3.55029585798817 -5198.69061400683
0.654 2.44648318042813 -5196.2441308264
0.617 -1.45867098865478 -5197.70280181505
0.646 -0.928792569659443 -5198.63159438471
0.652 -7.97546012269939 -5206.60705450741
0.674 -20.1780415430267 -5226.78509605044
0.678 -7.9646017699115 -5234.74969782035
0.668 20.059880239521 -5214.68981758083
0.649 10.6317411402157 -5204.05807644061
0.626 2.23642172523962 -5201.82165471537
0.691 3.32850940665702 -5198.49314530872
0.625 -2.4 -5200.89314530872
0.643 6.37636080870918 -5194.51678450001
0.619 -2.4232633279483 -5196.94004782796
0.621 16.2640901771337 -5180.67595765082
0.676 11.8343195266272 -5168.8416381242
0.65 17.5384615384615 -5151.30317658573
0.622 6.10932475884244 -5145.19385182689
0.64 4.0625 -5141.13135182689
0.642 6.85358255451713 -5134.27776927237
0.619 4.03877221324717 -5130.23899705913
0.702 9.68660968660969 -5120.55238737252
0.67 8.95522388059701 -5111.59716349192
0.709 15.3737658674189 -5096.2233976245
0.693 9.09090909090909 -5087.13248853359
0.705 11.2056737588652 -5075.92681477473
0.685 3.06569343065693 -5072.86112134407
0.671 18.3308494783905 -5054.53027186568
0.695 8.77697841726619 -5045.75329344841
0.673 12.927191679049 -5032.82610176936
0.728 12.3626373626374 -5020.46346440673
0.684 14.6198830409357 -5005.84358136579
0.721 12.8987517337032 -4992.94482963209
0.685 10.0729927007299 -4982.87183693136
0.722 7.4792243767313 -4975.39261255463
0.678 10.6194690265487 -4964.77314352808
0.697 5.88235294117647 -4958.8907905869
0.651 4.14746543778802 -4954.74332514911
0.645 0.775193798449612 -4953.96813135066
0.647 10.0463678516229 -4943.92176349904
0.655 6.87022900763359 -4937.05153449141
0.68 12.6470588235294 -4924.40447566788
0.671 12.6676602086438 -4911.73681545923
0.673 7.57800891530461 -4904.15880654393
0.689 16.4005805515239 -4887.75822599241
0.711 12.5175808720113 -4875.24064512039
0.734 11.1716621253406 -4864.06898299505
0.695 13.0935251798561 -4850.9754578152
0.721 15.1178918169209 -4835.85756599828
0.692 14.7398843930636 -4821.11768160521
0.654 5.19877675840979 -4815.9189048468
0.68 14.7058823529412 -4801.21302249386
0.682 9.09090909090909 -4792.12211340295
0.686 17.4927113702624 -4774.62940203269
0.662 14.1993957703927 -4760.4300062623
0.704 12.5 -4747.9300062623
0.705 14.8936170212766 -4733.03638924102
0.689 9.43396226415094 -4723.60242697687
0.699 9.01287553648069 -4714.58955144039
0.676 4.14201183431953 -4710.44753960607
0.659 4.09711684370258 -4706.35042276237
0.677 7.82865583456425 -4698.5217669278
0.674 14.2433234421365 -4684.27844348567
0.713 16.6900420757363 -4667.58840140993
0.666 12.6126126126126 -4654.97578879732
0.655 9.31297709923664 -4645.66281169808
0.67 9.25373134328358 -4636.4090803548
0.653 7.81010719754977 -4628.59897315725
0.678 -1.76991150442478 -4630.36888466167
0.65 -5.53846153846154 -4635.90734620013
0.68 18.8235294117647 -4617.08381678837
0.725 12.8275862068966 -4604.25623058147
0.712 10.6741573033708 -4593.5820732781
0.714 19.047619047619 -4574.53445423048
0.72 10.5555555555556 -4563.97889867493
0.723 8.16044260027662 -4555.81845607465
0.696 10.632183908046 -4545.1862721666
0.708 5.08474576271186 -4540.10152640389
0.695 18.5611510791367 -4521.54037532476
0.683 17.1303074670571 -4504.4100678577
0.71 9.85915492957746 -4494.55091292812
0.712 3.37078651685393 -4491.18012641127
0.703 15.2204836415363 -4475.95964276973
0.688 6.68604651162791 -4469.2735962581
0.724 5.52486187845304 -4463.74873437965
0.698 9.16905444126074 -4454.57967993839
0.668 19.1616766467066 -4435.41800329168
0.703 14.0825035561878 -4421.3354997355
0.695 16.8345323741007 -4404.50096736139
0.713 10.2384291725105 -4394.26253818888
0.687 6.84133915574964 -4387.42119903314
0.682 3.2258064516129 -4384.19539258152
0.698 9.16905444126074 -4375.02633814026
0.655 9.00763358778626 -4366.01870455248
0.649 4.16024653312789 -4361.85845801935
0.712 4.21348314606742 -4357.64497487328
0.716 7.82122905027933 -4349.823745823
0.712 14.3258426966292 -4335.49790312637
0.707 11.7397454031117 -4323.75815772326
0.691 10.2749638205499 -4313.48319390271
0.718 7.24233983286908 -4306.24085406984
0.699 7.01001430615165 -4299.23083976369
0.663 6.78733031674208 -4292.44350944695
0.664 10.5421686746988 -4281.90134077225
0.695 11.0791366906475 -4270.8222040816
0.698 7.16332378223496 -4263.65888029937
0.712 12.6404494382022 -4251.01843086116
0.674 7.71513353115727 -4243.30329733001
0.665 11.8796992481203 -4231.42359808189
0.692 12.4277456647399 -4218.99585241715
0.68 15.2941176470588 -4203.70173477009
0.691 15.1953690303907 -4188.5063657397
0.728 18.4065934065934 -4170.0997723331
0.734 17.4386920980926 -4152.66108023501
0.727 17.7441540577717 -4134.91692617724
0.731 21.4774281805746 -4113.43949799666
0.668 8.08383233532934 -4105.35566566133
0.674 18.1008902077151 -4087.25477545362
0.652 13.8036809815951 -4073.45109447202
0.665 16.6917293233083 -4056.75936514872
0.637 11.1459968602826 -4045.61336828843
0.653 5.97243491577335 -4039.64093337266
0.695 6.76258992805755 -4032.8783434446
0.675 7.55555555555556 -4025.32278788905
0.679 10.1620029455081 -4015.16078494354
0.699 15.8798283261803 -3999.28095661736
0.695 7.62589928057554 -3991.65505733678
0.712 16.0112359550562 -3975.64382138173
0.702 13.1054131054131 -3962.53840827631
0.688 16.8604651162791 -3945.67794316003
0.696 9.19540229885057 -3936.48254086118
0.665 13.3834586466165 -3923.09908221457
0.668 13.7724550898204 -3909.32662712475
0.71 8.45070422535211 -3900.8759228994
0.731 10.5335157318741 -3890.34240716752
0.707 6.08203677510608 -3884.26037039242
0.729 20.1646090534979 -3864.09576133892
0.68 11.1764705882353 -3852.91929075068
0.686 13.7026239067055 -3839.21666684398
0.667 19.3403298350825 -3819.87633700889
0.688 10.4651162790698 -3809.41122072982
0.681 9.54478707782673 -3799.866433652
0.685 10.3649635036496 -3789.50147014835
0.66 10.9090909090909 -3778.59237923926
0.659 12.2913505311077 -3766.30102870815
0.675 15.5555555555556 -3750.74547315259
0.662 14.1993957703927 -3736.5460773822
0.665 19.3984962406015 -3717.1475811416
0.68 16.4705882352941 -3700.6769929063
0.668 20.059880239521 -3680.61711266678
0.68 19.7058823529412 -3660.91123031384
0.689 12.6269956458636 -3648.28423466798
0.693 1.01010101010101 -3647.27413365788
0.713 11.0799438990182 -3636.19418975886
0.705 18.0141843971631 -3618.1800053617
0.674 10.3857566765579 -3607.79424868514
0.642 11.5264797507788 -3596.26776893436
0.693 10.2453102453102 -3586.02245868905
0.717 20.5020920502092 -3565.52036663884
0.66 18.1818181818182 -3547.33854845702
0.695 13.9568345323741 -3533.38171392465
0.691 11.1432706222865 -3522.23844330236
0.709 14.5275035260931 -3507.71093977627
0.681 13.0690161527166 -3494.64192362355
0.663 17.6470588235294 -3476.99486480002
0.672 12.797619047619 -3464.1972457524
0.68 14.4117647058824 -3449.78548104652
0.648 15.4320987654321 -3434.35338228109
0.638 15.987460815047 -3418.36592146604
0.72 13.8888888888889 -3404.47703257715
0.686 17.7842565597668 -3386.69277601739
0.706 12.4645892351275 -3374.22818678226
0.694 9.79827089337176 -3364.42991588889
0.631 5.54675118858954 -3358.8831647003
0.713 17.531556802244 -3341.35160789805
0.715 14.965034965035 -3326.38657293302
0.702 10.5413105413105 -3315.84526239171
0.636 10.062893081761 -3305.78236930995
0.648 20.9876543209877 -3284.79471498896
0.631 17.9080824088748 -3266.88663258009
0.67 6.86567164179105 -3260.02096093829
0.698 10.3151862464183 -3249.70577469188
0.724 10.2209944751381 -3239.48478021674
0.721 17.6144244105409 -3221.8703558062
0.714 18.4873949579832 -3203.38296084821
0.678 17.1091445427729 -3186.27381630544
0.674 16.6172106824926 -3169.65660562295
0.636 14.1509433962264 -3155.50566222672
0.682 15.2492668621701 -3140.25639536455
0.7 24.2857142857143 -3115.97068107884
0.688 17.1511627906977 -3098.81951828814
0.697 13.3428981348637 -3085.47662015328
0.678 6.78466076696165 -3078.69195938631
0.604 6.29139072847682 -3072.40056865784
0.6 14 -3058.40056865784
0.662 22.6586102719033 -3035.74195838593
0.646 20.4334365325077 -3015.30852185343
0.682 14.9560117302053 -3000.35251012322
0.676 10.3550295857988 -2989.99748053742
0.651 17.357910906298 -2972.63956963112
0.653 10.5666156202144 -2962.07295401091
0.689 19.0130624092888 -2943.05989160162
0.707 10.04243281471 -2933.01745878691
0.688 10.4651162790698 -2922.55234250784
0.684 14.327485380117 -2908.22485712772
0.688 11.6279069767442 -2896.59695015098
0.692 6.64739884393064 -2889.94955130705
0.71 11.830985915493 -2878.11856539156
0.721 11.5117891816921 -2866.60677620986
0.696 6.89655172413793 -2859.71022448573
0.686 5.83090379008746 -2853.87932069564
0.705 5.53191489361702 -2848.34740580202
0.677 11.6691285081241 -2836.6782772939
0.715 10.4895104895105 -2826.18876680439
0.693 11.1111111111111 -2815.07765569328
0.66 13.030303030303 -2802.04735266297
0.652 11.3496932515337 -2790.69765941144
0.617 18.9627228525122 -2771.73493655893
0.668 18.562874251497 -2753.17206230743
0.652 20.2453987730061 -2732.92666353442
0.618 16.1812297734628 -2716.74543376096
0.693 12.8427128427128 -2703.90272091825
0.681 13.9500734214391 -2689.95264749681
0.67 16.7164179104478 -2673.23622958636
0.669 18.6846038863976 -2654.55162569996
0.698 16.6189111747851 -2637.93271452518
0.682 9.3841642228739 -2628.54855030231
0.65 10.1538461538462 -2618.39470414846
0.714 -3.36134453781513 -2621.75604868627
0.639 8.92018779342723 -2612.83586089285
0.717 14.6443514644351 -2598.19150942841
0.701 14.1226818830243 -2584.06882754539
0.693 8.51370851370851 -2575.55511903168
0.683 6.8814055636896 -2568.67371346799
0.65 12.3076923076923 -2556.3660211603
0.641 14.1965678627145 -2542.16945329758
0.672 18.75 -2523.41945329758
0.65 11.0769230769231 -2512.34253022066
0.634 20.1892744479495 -2492.15325577271
0.651 13.3640552995392 -2478.78920047317
0.72 30.2777777777778 -2448.51142269539
0.669 12.7055306427504 -2435.80589205264
0.699 20.1716738197425 -2415.6342182329
0.687 17.9039301310044 -2397.7302881019
0.683 10.3953147877013 -2387.33497331419
0.663 13.1221719457014 -2374.21280136849
0.689 16.9811320754717 -2357.23166929302
0.694 12.3919308357349 -2344.83973845729
0.687 5.67685589519651 -2339.16288256209
0.671 14.7540983606557 -2324.40878420143
0.637 19.6232339089482 -2304.78555029249
0.644 9.62732919254658 -2295.15822109994
0.667 15.4422788605697 -2279.71594223937
0.671 15.0521609538003 -2264.66378128557
0.651 10.9062980030722 -2253.7574832825
0.706 11.614730878187 -2242.14275240431
0.656 14.6341463414634 -2227.50860606285
0.662 15.7099697885196 -2211.79863627433
0.673 19.4650817236256 -2192.3335545507
0.672 17.8571428571429 -2174.47641169356
0.681 15.712187958884 -2158.76422373467
0.668 15.5688622754491 -2143.19536145923
0.689 14.9492017416546 -2128.24615971757
0.709 12.5528913963329 -2115.69326832124
0.714 15.6862745098039 -2100.00699381143
0.72 15.5555555555556 -2084.45143825588
0.729 16.323731138546 -2068.12770711733
0.721 11.7891816920943 -2056.33852542524
0.668 12.874251497006 -2043.46427392823
0.716 10.8938547486034 -2032.57041917963
0.692 15.028901734104 -2017.54151744553
0.713 14.726507713885 -2002.81500973164
0.683 8.63836017569546 -1994.17664955594
0.677 13.7370753323486 -1980.4395742236
0.699 14.7353361945637 -1965.70423802903
0.68 7.94117647058824 -1957.76306155844
0.672 11.0119047619048 -1946.75115679654
0.677 15.2141802067947 -1931.53697658974
0.66 11.2121212121212 -1920.32485537762
0.649 9.39907550077042 -1910.92577987685
0.662 18.1268882175227 -1892.79889165933
0.695 18.5611510791367 -1874.23774058019
0.68 14.4117647058824 -1859.82597587431
0.697 12.1951219512195 -1847.63085392309
0.676 9.46745562130178 -1838.16339830179
0.712 10.3932584269663 -1827.77013987482
0.671 19.5230998509687 -1808.24704002386
0.697 3.87374461979914 -1804.37329540406
0.685 3.06569343065693 -1801.3076019734
0.674 16.9139465875371 -1784.39365538586
0.663 16.4404223227753 -1767.95323306309
0.639 7.981220657277 -1759.97201240581
0.661 -16.1875945537065 -1776.15960695952
0.652 11.6564417177914 -1764.50316524172
0.667 7.04647676161919 -1757.45668848011
0.67 5.67164179104478 -1751.78504668906
0.65 12.6153846153846 -1739.16966207368
0.698 5.15759312320917 -1734.01206895047
0.643 8.24261275272162 -1725.76945619775
0.635 12.4409448818898 -1713.32851131586
0.672 8.03571428571429 -1705.29279703014
0.669 6.72645739910314 -1698.56633963104
0.641 12.01248049922 -1686.55385913182
0.62 12.258064516129 -1674.29579461569
0.659 8.95295902883156 -1665.34283558686
0.653 5.35987748851455 -1659.98295809834
0.683 17.1303074670571 -1642.85265063129
0.648 13.5802469135802 -1629.27240371771
0.69 10.4347826086957 -1618.83762110901
0.688 7.26744186046512 -1611.57017924854
0.712 10.6741573033708 -1600.89602194517
0.742 19.6765498652291 -1581.21947207995
0.711 13.9240506329114 -1567.29542144703
0.718 15.5988857938719 -1551.69653565316
0.665 9.77443609022556 -1541.92209956294
0.695 6.18705035971223 -1535.73504920322
0.669 1.64424514200299 -1534.09080406122
0.685 12.4087591240876 -1521.68204493713
0.674 8.6053412462908 -1513.07670369084
0.647 17.774343122102 -1495.30236056874
0.694 12.3919308357349 -1482.91042973301
0.692 11.5606936416185 -1471.34973609139
0.698 15.7593123209169 -1455.59042377047
0.689 13.2075471698113 -1442.38287660066
0.721 14.0083217753121 -1428.37455482535
0.738 16.8021680216802 -1411.57238680367
0.7 11.1428571428571 -1400.42952966081
0.685 10.9489051094891 -1389.48062455132
0.678 13.2743362831858 -1376.20628826813
0.678 17.4041297935103 -1358.80215847462
0.65 9.84615384615385 -1348.95600462847
0.661 12.5567322239032 -1336.39927240457
0.645 4.8062015503876 -1331.59307085418
0.664 2.71084337349398 -1328.88222748069
0.664 9.63855421686747 -1319.24367326382
0.65 3.07692307692308 -1316.1667501869
0.663 9.20060331825038 -1306.96614686864
0.693 2.16450216450216 -1304.80164470414
0.647 3.24574961360124 -1301.55589509054
0.688 0.290697674418605 -1301.26519741612
0.68 -0.588235294117647 -1301.85343271024
0.677 4.57902511078287 -1297.27440759946
0.714 2.52100840336134 -1294.7533991961
0.669 7.0254110612855 -1287.72798813481
0.663 6.18401206636501 -1281.54397606845
0.712 -1.40449438202247 -1282.94847045047
0.72 11.1111111111111 -1271.83735933936
0.647 0.463678516228748 -1271.37368082313
0.633 -1.4218009478673 -1272.795481771
0.659 -1.06221547799697 -1273.85769724899
0.649 5.39291217257319 -1268.46478507642
0.696 15.5172413793103 -1252.94754369711
0.646 9.59752321981424 -1243.35002047729
0.639 13.9280125195618 -1229.42200795773
0.704 10.5113636363636 -1218.91064432137
0.66 9.39393939393939 -1209.51670492743
0.659 10.7738998482549 -1198.74280507918
0.676 9.76331360946746 -1188.97949146971
0.676 15.6804733727811 -1173.29901809693
0.682 15.8357771260997 -1157.46324097083
0.638 19.7492163009404 -1137.71402466989
0.651 8.75576036866359 -1128.95826430122
0.664 6.62650602409639 -1122.33175827713
0.622 10.9324758842444 -1111.39928239288
0.673 15.6017830609212 -1095.79749933196
0.662 10.8761329305136 -1084.92136640145
0.643 17.8849144634526 -1067.03645193799
0.694 16.4265129682997 -1050.60993896969
0.704 13.0681818181818 -1037.54175715151
0.674 10.9792284866469 -1026.56252866487
0.665 17.593984962406 -1008.96854370246
0.678 17.1091445427729 -991.859399159687
0.677 14.6233382570162 -977.236060902671
0.686 10.7871720116618 -966.448888891009
0.7 3.42857142857143 -963.020317462438
0.645 8.52713178294574 -954.493185679492
0.667 10.0449775112444 -944.448208168248
0.706 8.21529745042493 -936.232910717823
0.678 7.07964601769912 -929.153264700124
0.64 5 -924.153264700124
0.724 14.0883977900552 -910.064866910069
0.657 4.41400304414003 -905.650863865928
0.635 1.10236220472441 -904.548501661204
0.637 -4.55259026687598 -909.10109192808
0.696 -4.02298850574713 -913.124080433827
0.706 -5.6657223796034 -918.789802813431
0.664 -3.91566265060241 -922.705465464033
0.668 -11.6766467065868 -934.38211217062
0.657 8.67579908675799 -925.706313083862
0.696 4.31034482758621 -921.395968256276
0.673 9.06389301634472 -912.332075239931
0.619 4.68497576736672 -907.647099472564
0.653 9.34150076569678 -898.305598706867
0.658 7.90273556231003 -890.402863144557
0.645 4.49612403100775 -885.90673911355
0.726 9.91735537190083 -875.989383741649
0.721 8.46047156726768 -867.528912174381
0.687 12.9548762736536 -854.574035900727
0.693 7.35930735930736 -847.21472854142
0.693 7.35930735930736 -839.855421182113
0.683 10.9809663250366 -828.874454857076
0.7 13.1428571428571 -815.731597714219
0.691 12.8798842257598 -802.851713488459
0.692 9.53757225433526 -793.314141234124
0.673 12.630014858841 -780.684126375283
0.664 4.21686746987952 -776.467258905403
0.668 7.48502994011976 -768.982228965284
0.656 15.2439024390244 -753.738326526259
0.689 14.0783744557329 -739.659952070526
0.684 0.584795321637427 -739.075156748889
0.675 5.48148148148148 -733.593675267407
0.695 5.32374100719424 -728.269934260213
0.652 12.8834355828221 -715.386498677391
0.695 6.76258992805755 -708.623908749334
0.705 12.6241134751773 -695.999795274156
0.707 13.4370579915134 -682.562737282643
0.681 11.0132158590308 -671.549521423612
0.643 7.3094867807154 -664.240034642897
0.698 7.73638968481375 -656.503644958083
0.688 11.9186046511628 -644.58504030692
0.668 6.58682634730539 -637.998213959615
0.65 10.4615384615385 -627.536675498076
0.664 7.83132530120482 -619.705350196871
0.675 16.4444444444444 -603.260905752427
0.688 11.6279069767442 -591.632998775683
0.66 10.3030303030303 -581.329968472652
0.682 12.0234604105572 -569.306508062095
0.697 13.0559540889527 -556.250553973143
0.679 5.74374079528719 -550.506813177855
0.64 10.3125 -540.194313177855
0.677 8.7149187592319 -531.479394418624
0.669 10.3139013452915 -521.165493073332
0.683 6.58857979502196 -514.57691327831
0.685 14.4525547445255 -500.124358533785
0.696 9.19540229885057 -490.928956234934
0.691 10.2749638205499 -480.653992414384
0.711 10.8298171589311 -469.824175255453
0.676 10.6508875739645 -459.173287681488
0.691 16.6425470332851 -442.530740648203
0.691 3.61794500723589 -438.912795640967
0.698 6.59025787965616 -432.322537761311
0.687 3.05676855895197 -429.265769202359
0.69 13.0434782608696 -416.22229094149
0.694 5.18731988472623 -411.034971056764
0.675 14.3703703703704 -396.664600686393
0.707 11.7397454031117 -384.924855283281
0.703 14.651493598862 -370.273361684419
0.654 15.5963302752294 -354.67703140919
0.687 12.0815138282387 -342.595517580951
0.701 7.56062767475036 -335.034889906201
0.715 10.2097902097902 -324.825099696411
0.721 12.3439667128988 -312.481132983512
0.707 10.6082036775106 -301.872929306001
0.714 8.68347338935574 -293.189455916646
0.684 2.63157894736842 -290.557876969277
0.686 4.95626822157434 -285.601608747703
0.715 7.41258741258741 -278.189021335116
0.683 12.4450951683748 -265.743926166741
0.655 10.8396946564886 -254.904231510252
0.577 -16.4644714038128 -271.368702914065
0.614 0 -271.368702914065
0.576 -12.1527777777778 -283.521480691843
0.565 -15.3982300884956 -298.919710780338
0.577 -14.3847487001733 -313.304459480512
0.633 10.9004739336493 -302.403985546862
0.696 14.6551724137931 -287.748813133069
0.674 11.8694362017804 -275.879376931289
0.694 17.8674351585014 -258.011941772787
0.703 7.82361308677098 -250.188328686016
0.666 4.2042042042042 -245.984124481812
0.691 13.7481910274964 -232.235933454316
0.693 16.5945165945166 -215.641416859799
0.697 8.17790530846485 -207.463511551334
0.662 13.2930513595166 -194.170460191818
0.652 -0.613496932515337 -194.783957124333
0.685 7.44525547445255 -187.338701649881
0.634 7.88643533123028 -179.45226631865
0.651 6.29800307219662 -173.154263246454
0.685 10.0729927007299 -163.081270545724
0.684 6.14035087719298 -156.940919668531
0.665 12.1804511278195 -144.760468540711
0.67 6.26865671641791 -138.491811824293
0.654 9.48012232415902 -129.011689500134
0.659 13.50531107739 -115.506378422744
0.655 9.31297709923664 -106.193401323508
0.66 5.45454545454545 -100.738855868962
0.605 -2.8099173553719 -103.548773224334
0.668 1.79640718562874 -101.752366038705
0.681 8.66372980910426 -93.0886362296011
0.689 3.62844702467344 -89.4601892049276
0.675 5.48148148148148 -83.9787077234462
0.694 0.576368876080692 -83.4023388473655
0.693 -2.16450216450216 -85.5668410118676
0.692 -3.17919075144509 -88.7460317633127
0.648 -1.23456790123457 -89.9805996645473
0.614 -7.81758957654723 -97.7981892410945
0.637 -0.470957613814757 -98.2691468549093
0.643 -8.24261275272162 -106.511759607631
0.6 -4 -110.511759607631
0.621 5.63607085346216 -104.875688754169
0.55 -5.09090909090909 -109.966597845078
0.653 -7.81010719754977 -117.776705042628
0.622 0.643086816720257 -117.133618225907
0.61 2.95081967213115 -114.182798553776
0.628 8.59872611464968 -105.584072439127
0.648 4.01234567901235 -101.571726760114
0.617 5.67260940032415 -95.89911735979
0.635 11.8110236220472 -84.0880937377428
0.567 -4.76190476190476 -88.8499984996475
0.616 1.62337662337662 -87.2266218762709
0.563 -3.01953818827709 -90.246160064548
0.62 -1.61290322580645 -91.8590632903544
0.699 4.72103004291846 -87.138033247436
0.684 4.3859649122807 -82.7520683351553
0.665 6.16541353383459 -76.5866548013207
0.697 4.44763271162123 -72.1390220896995
0.645 11.0077519379845 -61.131270151715
0.654 7.3394495412844 -53.7918206104306
0.649 6.62557781201849 -47.1662427984121
0.62 -3.2258064516129 -50.392049250025
0.614 6.18892508143322 -44.2031241685918
0.608 -2.30263157894737 -46.5057557475391
0.645 2.63565891472868 -43.8700968328104
0.662 6.34441087613293 -37.5256859566775
0.671 7.60059612518629 -29.9250898314912
0.637 12.0879120879121 -17.8371777435791
0.696 -2.01149425287356 -19.8486719964527
0.634 4.10094637223975 -15.747725624213
0.687 -2.4745269286754 -18.2222525528884
0.646 6.5015479876161 -11.7207045652723
0.643 12.9082426127527 1.18753804748047
0.671 13.8599105812221 15.0474486287025
0.624 -1.92307692307692 13.1243717056256
0.668 10.7784431137725 23.9028148193981
0.687 17.9039301310044 41.8067449504024
0.686 5.24781341107872 47.0545583614811
0.638 -0.313479623824451 46.7410787376567
0.653 5.05359877488515 51.7946775125418
0.683 11.5666178623719 63.3612953749137
0.695 4.1726618705036 67.5339572454173
0.708 3.38983050847458 70.9237877538919
0.701 7.84593437945792 78.7697221333498
0.691 15.4848046309696 94.2545267643194
0.707 1.55586987270156 95.810396637021
0.68 15.5882352941176 111.398631931139
0.698 7.16332378223496 118.561955713374
0.66 8.78787878787879 127.349834501252
0.678 17.4041297935103 144.753964294763
0.681 8.66372980910426 153.417694103867
0.69 -11.0144927536232 142.403201350244
0.705 17.1631205673759 159.56632191762
0.71 12.112676056338 171.678997973958
0.695 5.89928057553957 177.578278549497
0.678 11.5044247787611 189.082703328258
0.716 12.0111731843575 201.093876512616
0.715 12.4475524475524 213.541428960168
0.696 10.632183908046 224.173612868214
0.666 9.90990990990991 234.083522778124
0.643 16.0186625194401 250.102185297564
0.653 12.4042879019908 262.506473199555
0.63 5.71428571428571 268.220758913841
0.684 13.1578947368421 281.378653650683
0.703 14.9359886201991 296.314642270882
0.706 15.8640226628895 312.178664933772
0.679 5.74374079528719 317.922405729059
0.666 9.00900900900901 326.931414738068
0.671 13.5618479880775 340.493262726145
0.727 8.94085281980743 349.434115545953
0.729 13.8545953360768 363.28871088203
0.689 8.56313497822932 371.851845860259
0.693 5.91630591630592 377.768151776565
0.696 4.88505747126437 382.653209247829
0.716 8.93854748603352 391.591756733863
0.702 7.97720797720798 399.568964711071
0.692 10.1156069364162 409.684571647487
0.696 10.632183908046 420.316755555533
0.664 10.5421686746988 430.858924230232
0.685 8.61313868613139 439.472062916363
0.688 10.7558139534884 450.227876869851
0.656 9.14634146341463 459.374218333266
0.68 14.4117647058824 473.785983039148
0.657 9.89345509893455 483.679438138083
0.666 11.4114114114114 495.090849549494
0.686 7.87172011661808 502.962569666112
0.667 8.8455772113943 511.808146877507
0.714 6.1624649859944 517.970611863501
0.711 6.89170182841069 524.862313691912
0.712 2.80898876404494 527.671302455957
0.695 12.2302158273381 539.901518283295
0.676 14.2011834319527 554.102701715247
0.654 10.0917431192661 564.194444834514
0.665 9.77443609022556 573.968880924739
0.667 9.74512743628186 583.714008361021
0.687 9.17030567685589 592.884314037877
0.702 17.3789173789174 610.263231416794
0.696 10.3448275862069 620.608059003001
0.659 9.55993930197269 630.167998304974
0.658 12.7659574468085 642.933955751782
0.684 11.4035087719298 654.337464523712
0.646 5.26315789473684 659.600622418449
0.684 12.8654970760234 672.466119494472
0.675 5.48148148148148 677.947600975954
0.67 17.3134328358209 695.261033811775
0.659 5.00758725341426 700.268621065189
0.674 13.946587537092 714.215208602281
0.655 11.7557251908397 725.970933793121
0.67 7.76119402985075 733.732127822972
0.633 7.42496050552923 741.157088328501
0.67 5.37313432835821 746.530222656859
0.638 12.8526645768025 759.382887233661
0.666 8.70870870870871 768.09159594237
0.665 11.8796992481203 779.97129519049
0.643 4.19906687402799 784.170362064518
0.674 3.85756676557863 788.027928830097
0.644 9.00621118012422 797.034140010221
0.67 12.8358208955224 809.869960905744
0.693 11.1111111111111 820.981072016855
0.664 6.02409638554217 827.005168402397
0.657 6.24048706240487 833.245655464802
0.658 3.03951367781155 836.285169142613
0.644 9.00621118012422 845.291380322738
0.651 6.60522273425499 851.896603056993
0.626 3.51437699680511 855.410980053798
0.678 5.89970501474926 861.310685068547
0.636 3.14465408805031 864.455339156597
0.626 3.51437699680511 867.969716153402
0.636 4.08805031446541 872.057766467868
0.638 4.70219435736677 876.759960825235
0.647 6.64605873261206 883.406019557847
0.657 2.89193302891933 886.297952586766
0.657 5.32724505327245 891.625197640038
0.603 8.7893864013267 900.414584041365
0.644 -1.24223602484472 899.17234801652
0.635 11.496062992126 910.668411008646
0.666 6.00600600600601 916.674417014652
0.666 12.3123123123123 928.986729326965
0.625 13.92 942.906729326965
0.665 9.77443609022556 952.68116541719
0.677 6.35155096011817 959.032716377308
0.674 2.37388724035608 961.406603617664
0.647 5.40958268933539 966.816186307
0.612 12.4183006535948 979.234486960595
0.621 4.99194847020934 984.226435430804
0.642 17.7570093457944 1001.9834447766
0.627 11.0047846889952 1012.98822946559
0.618 7.11974110032362 1020.10797056592
0.609 3.77668308702791 1023.88465365295
0.625 15.52 1039.40465365295
0.63 8.57142857142857 1047.97608222437
0.678 12.9793510324484 1060.95543325682
0.674 12.7596439169139 1073.71507717374
0.636 11.3207547169811 1085.03583189072
0.651 8.44854070660522 1093.48437259732
0.675 9.92592592592593 1103.41029852325
0.63 13.015873015873 1116.42617153912
0.663 9.80392156862745 1126.23009310775
0.683 8.9311859443631 1135.16127905211
0.675 15.8518518518519 1151.01313090396
0.659 8.95295902883156 1159.9660899328
0.625 7.84 1167.8060899328
0.654 8.25688073394495 1176.06297066674
0.65 3.38461538461538 1179.44758605136
0.646 8.97832817337461 1188.42591422473
0.659 7.43550834597876 1195.86142257071
0.666 8.70870870870871 1204.57013127942
0.639 6.10328638497653 1210.67341766439
0.671 15.6482861400894 1226.32170380448
0.695 13.3812949640288 1239.70299876851
0.669 10.9118086696562 1250.61480743817
0.665 11.8796992481203 1262.49450668629
0.656 6.40243902439024 1268.89694571068
0.659 9.25644916540212 1278.15339487608
0.708 12.9943502824859 1291.14774515857
0.683 11.8594436310395 1303.00718878961
0.647 9.73724884080371 1312.74443763041
0.685 17.0802919708029 1329.82472960121
0.684 13.4502923976608 1343.27502199887
0.698 2.86532951289398 1346.14035151177
0.682 12.6099706744868 1358.75032218626
0.673 9.9554234769688 1368.70574566322
0.66 10 1378.70574566322
0.69 7.53623188405797 1386.24197754728
0.689 9.43396226415094 1395.67593981143
0.674 7.71513353115727 1403.39107334259
0.686 2.91545189504373 1406.30652523763
0.707 10.8910891089109 1417.19761434654
0.675 10.5185185185185 1427.71613286506
0.696 7.47126436781609 1435.18739723288
0.682 11.7302052785924 1446.91760251147
0.709 13.1170662905501 1460.03466880202
0.651 8.44854070660522 1468.48320950863
0.653 -1.07197549770291 1467.41123401092
0.676 4.43786982248521 1471.84910383341
0.674 10.6824925816024 1482.53159641501
0.688 5.23255813953488 1487.76415455455
0.649 15.2542372881356 1503.01839184268
0.664 10.8433734939759 1513.86176533666
0.709 8.03949224259521 1521.90125757925
0.704 10.2272727272727 1532.12853030653
0.706 9.34844192634561 1541.47697223287
0.708 8.75706214689266 1550.23403437976
0.671 10.5812220566319 1560.8152564364
0.662 7.85498489425982 1568.67024133066
0.685 11.2408759124088 1579.91111724306
0.713 11.64095371669 1591.55207095975
0.702 9.11680911680912 1600.66888007656
0.662 8.45921450151057 1609.12809457807
0.674 7.41839762611276 1616.54649220419
0.712 8.70786516853933 1625.25435737273
0.711 8.86075949367089 1634.1151168664
0.642 13.3956386292835 1647.51075549568
0.689 7.40203193033382 1654.91278742601
0.688 4.06976744186047 1658.98255486788
0.705 6.09929078014184 1665.08184564802
0.683 9.22401171303075 1674.30585736105
0.66 12.7272727272727 1687.03313008832
0.682 13.4897360703812 1700.5228661587
0.687 7.4235807860262 1707.94644694473
0.699 11.587982832618 1719.53442977735
0.673 9.06389301634472 1728.59832279369
0.67 7.46268656716418 1736.06100936085
0.656 8.23170731707317 1744.29271667793
0.645 8.83720930232558 1753.12992598025
0.624 -1.28205128205128 1751.8478746982
0.639 -4.22535211267606 1747.62252258553
0.645 6.04651162790698 1753.66903421343
0.649 -5.08474576271186 1748.58428845072
0.655 12.0610687022901 1760.64535715301
0.676 8.28402366863905 1768.92938082165
0.684 2.04678362573099 1770.97616444738
0.669 8.52017937219731 1779.49634381958
0.686 7.87172011661808 1787.3680639362
0.692 2.89017341040462 1790.2582373466
0.656 5.79268292682927 1796.05092027343
0.648 5.55555555555556 1801.60647582899
0.66 7.87878787878788 1809.48526370777
0.691 8.82778581765557 1818.31304952543
0.654 9.78593272171254 1828.09898224714
0.693 5.05050505050505 1833.14948729765
0.67 9.25373134328358 1842.40321864093
0.684 9.64912280701754 1852.05234144795
0.671 3.12965722801788 1855.18199867597
0.646 6.81114551083591 1861.9931441868
0.672 5.35714285714286 1867.35028704394
0.7 13.7142857142857 1881.06457275823
0.689 14.0783744557329 1895.14294721396
0.696 7.18390804597701 1902.32685525994
0.666 7.80780780780781 1910.13466306775
0.687 -1.60116448326055 1908.53349858449
0.678 4.12979351032448 1912.66329209481
0.664 13.5542168674699 1926.21750896228
0.661 8.01815431164902 1934.23566327393
0.667 12.4437781109445 1946.67944138488
0.662 6.64652567975831 1953.32596706463
0.662 8.1570996978852 1961.48306676252
0.659 5.31107738998483 1966.7941441525
0.674 10.0890207715134 1976.88316492402
0.688 4.94186046511628 1981.82502538913
0.688 4.36046511627907 1986.18549050541
0.681 16.0058737151248 2002.19136422054
0.665 13.6842105263158 2015.87557474685
0.704 7.95454545454545 2023.8301202014
0.676 5.32544378698225 2029.15556398838
0.693 13.4199134199134 2042.57547740829
0.672 13.6904761904762 2056.26595359877
0.695 14.5323741007194 2070.79832769949
0.687 6.84133915574964 2077.63966685524
0.655 12.0610687022901 2089.70073555753
0.668 11.6766467065868 2101.37738226412
0.644 8.38509316770186 2109.76247543182
0.69 10.1449275362319 2119.90740296805
0.677 5.76070901033973 2125.66811197839
0.722 0.554016620498615 2126.22212859889
0.72 10.2777777777778 2136.49990637667
0.677 11.3737075332349 2147.8736139099
0.691 9.40665701881331 2157.28027092871
0.696 2.58620689655172 2159.86647782527
0.683 7.17423133235725 2167.04070915762
0.701 10.1283880171184 2177.16909717474
0.707 18.5289957567185 2195.69809293146
0.702 5.6980056980057 2201.39609862947
0.709 2.39774330042313 2203.79384192989
0.686 6.70553935860058 2210.49938128849
0.682 3.2258064516129 2213.7251877401
0.725 4.55172413793103 2218.27691187803
0.69 6.3768115942029 2224.65372347224
0.64 -0.9375 2223.71622347224
0.682 5.57184750733138 2229.28807097957
0.656 3.65853658536585 2232.94660756493
0.629 15.1033386327504 2248.04994619768
0.69 4.63768115942029 2252.6876273571
0.652 6.74846625766871 2259.43609361477
0.645 5.42635658914729 2264.86245020392
0.66 12.4242424242424 2277.28669262816
0.667 7.94602698650675 2285.23271961467
0.688 15.9883720930233 2301.22109170769
0.676 8.28402366863905 2309.50511537633
0.674 4.15430267062315 2313.65941804696
0.688 3.19767441860465 2316.85709246556
0.703 2.98719772403983 2319.8442901896
0.731 11.6279069767442 2331.47219716634
0.723 -0.138312586445367 2331.3338845799
0.661 9.53101361573374 2340.86489819563
0.639 1.09546165884194 2341.96035985447
0.672 9.22619047619048 2351.18655033066
0.645 2.32558139534884 2353.51213172601
0.689 5.95065312046444 2359.46278484648
0.655 2.29007633587786 2361.75286118236
0.643 5.44323483670296 2367.19609601906
0.685 1.02189781021898 2368.21799382928
0.699 4.43490701001431 2372.65290083929
0.713 8.835904628331 2381.48880546762
0.683 5.12445095168375 2386.61325641931
0.701 8.98716119828816 2395.6004176176
0.655 12.3664122137405 2407.96682983134
0.687 6.84133915574964 2414.80816898709
0.674 8.90207715133531 2423.71024613842
0.68 7.94117647058824 2431.65142260901
0.641 7.02028081123245 2438.67170342024
0.659 16.5402124430956 2455.21191586334
0.679 6.9219440353461 2462.13385989868
0.681 3.08370044052863 2465.21756033921
0.701 4.42225392296719 2469.63981426218
0.668 4.49101796407186 2474.13083222625
0.663 2.8657616892911 2476.99659391554
0.674 -7.41839762611276 2469.57819628943
0.68 -4.70588235294118 2464.87231393649
0.666 -24.9249249249249 2439.94738901156
0.684 -30.9941520467836 2408.95323696478
0.648 -8.64197530864197 2400.31126165614
0.669 -5.82959641255605 2394.48166524358
0.669 7.32436472346786 2401.80602996705
0.685 5.4014598540146 2407.20748982106
0.733 7.23055934515689 2414.43804916622
0.699 5.0071530758226 2419.44520224204
0.71 0.563380281690141 2420.00858252373
0.706 -1.69971671388102 2418.30886580985
0.642 8.41121495327103 2426.72008076312
0.66 1.21212121212121 2427.93220197524
0.668 4.79041916167665 2432.72262113692
0.672 7.14285714285714 2439.86547827978
0.679 7.80559646539028 2447.67107474517
0.662 7.25075528700906 2454.92183003218
0.694 5.18731988472623 2460.1091499169
0.69 -1.44927536231884 2458.65987455459
0.681 1.90895741556535 2460.56883197015
0.671 3.725782414307 2464.29461438446
0.703 8.39260312944523 2472.6872175139
0.688 -2.61627906976744 2470.07093844414
0.666 -0.900900900900901 2469.17003754323
0.716 2.23463687150838 2471.40467441474
0.677 5.46528803545052 2476.86996245019
0.687 8.58806404657933 2485.45802649677
0.684 2.33918128654971 2487.79720778332
0.67 2.08955223880597 2489.88676002213
0.589 1.86757215619694 2491.75433217833
0.697 -5.02152080344333 2486.73281137488
0.713 4.06732117812062 2490.800132553
0.638 0 2490.800132553
0.669 11.2107623318386 2502.01089488484
0.662 10.5740181268882 2512.58491301173
0.682 5.86510263929619 2518.45001565103
0.683 1.90336749633968 2520.35338314737
0.627 5.26315789473684 2525.6165410421
0.659 8.04248861911988 2533.65902966122
0.691 8.82778581765557 2542.48681547888
0.669 0.747384155455904 2543.23419963433
0.676 0 2543.23419963433
0.679 3.97643593519882 2547.21063556953
0.678 4.12979351032448 2551.34042907986
0.695 2.44604316546763 2553.78647224532
0.691 3.61794500723589 2557.40441725256
0.681 5.72687224669604 2563.13128949926
0.662 7.55287009063444 2570.68415958989
0.647 12.5193199381762 2583.20347952807
0.695 6.47482014388489 2589.67829967195
0.687 3.93013100436681 2593.60843067632
0.635 6.77165354330709 2600.38008421963
0.638 5.32915360501567 2605.70923782464
0.636 9.11949685534591 2614.82873467999
0.695 2.15827338129496 2616.98700806128
0.726 11.5702479338843 2628.55725599517
0.71 2.25352112676056 2630.81077712193
0.702 11.6809116809117 2642.49168880284
0.679 5.15463917525773 2647.6463279781
0.667 7.34632683658171 2654.99265481468
0.698 11.4613180515759 2666.45397286625
0.668 6.2874251497006 2672.74139801595
0.681 6.31424375917768 2679.05564177513
0.669 6.72645739910314 2685.78209917424
0.699 -0.429184549356223 2685.35291462488
0.695 -8.77697841726619 2676.57593620761
0.683 4.83162518301611 2681.40756139063
0.696 11.4942528735632 2692.90181426419
0.692 1.44508670520231 2694.34690096939
0.699 5.0071530758226 2699.35405404522
0.727 -0.962861072902338 2698.39119297231
0.697 -0.717360114777618 2697.67383285754
0.714 2.24089635854342 2699.91472921608
0.69 4.63768115942029 2704.5524103755
0.709 5.78279266572638 2710.33520304123
0.698 6.59025787965616 2716.92546092088
0.667 1.64917541229385 2718.57463633318
0.65 3.69230769230769 2722.26694402549
0.648 10.1851851851852 2732.45212921067
0.684 5.84795321637427 2738.30008242704
0.659 6.82852807283763 2745.12861049988
0.668 10.1796407185629 2755.30825121845
0.648 4.93827160493827 2760.24652282338
0.648 4.62962962962963 2764.87615245301
0.698 2.00573065902579 2766.88188311204
0.679 5.74374079528719 2772.62562390733
0.682 7.03812316715543 2779.66374707448
0.663 0.754147812971342 2780.41789488745
0.683 4.53879941434846 2784.9566943018
0.664 6.32530120481928 2791.28199550662
0.648 5.8641975308642 2797.14619303748
0.671 10.8792846497765 2808.02547768726
0.695 3.30935251798561 2811.33483020525
0.667 7.04647676161919 2818.38130696687
0.678 0.884955752212389 2819.26626271908
0.673 6.38930163447251 2825.65556435355
0.641 -0.15600624024961 2825.4995581133
0.678 0 2825.4995581133
0.692 12.1387283236994 2837.638286437
0.694 3.45821325648415 2841.09649969348
0.674 2.9673590504451 2844.06385874393
0.649 -1.07858243451464 2842.98527630942
0.664 2.71084337349398 2845.69611968291
0.654 2.75229357798165 2848.44841326089
0.682 0.293255131964809 2848.74166839286
0.683 6.8814055636896 2855.62307395655
0.698 8.30945558739255 2863.93252954394
0.709 4.65444287729196 2868.58697242123
0.694 -1.44092219020173 2867.14605023103
0.668 1.19760479041916 2868.34365502145
0.63 -4.12698412698413 2864.21667089446
0.61 6.22950819672131 2870.44617909118
0.637 3.92464678178964 2874.37082587297
0.663 -6.48567119155354 2867.88515468142
0.653 4.44104134762634 2872.32619602905
0.634 2.20820189274448 2874.53439792179
0.675 7.55555555555556 2882.08995347735
0.667 7.04647676161919 2889.13643023897
0.682 3.81231671554252 2892.94874695451
0.681 3.37738619676946 2896.32613315128
0.684 6.14035087719298 2902.46648402847
0.661 8.32072617246596 2910.78721020094
0.652 -0.920245398773006 2909.86696480216
0.692 4.33526011560694 2914.20222491777
0.655 -2.90076335877863 2911.30146155899
0.711 -0.984528832630098 2910.31693272636
0.649 3.85208012326656 2914.16901284963
0.629 0.794912559618442 2914.96392540925
0.669 4.63378176382661 2919.59770717307
0.658 -0.911854103343465 2918.68585306973
0.705 -4.9645390070922 2913.72131406264
0.641 6.39625585023401 2920.11756991287
0.682 4.98533724340176 2925.10290715627
0.723 6.22406639004149 2931.32697354632
0.682 3.2258064516129 2934.55277999793
0.668 0.598802395209581 2935.15158239314
0.681 5.43318649045521 2940.58476888359
0.651 -0.768049155145929 2939.81671972845
0.686 3.2069970845481 2943.023716813
0.703 4.97866287339972 2948.0023796864
0.67 1.49253731343284 2949.49491699983
0.664 8.73493975903614 2958.22985675886
0.656 -2.13414634146341 2956.0957104174
0.698 1.14613180515759 2957.24184222256
0.697 6.74318507890961 2963.98502730147
0.676 2.07100591715976 2966.05603321863
0.687 5.96797671033479 2972.02400992896
0.674 2.67062314540059 2974.69463307436
0.657 4.10958904109589 2978.80422211546
0.707 2.4045261669024 2981.20874828236
0.718 6.68523676880223 2987.89398505116
0.699 2.14592274678112 2990.03990779794
0.667 4.34782608695652 2994.3877338849
0.655 1.06870229007634 2995.45643617498
0.665 7.36842105263158 3002.82485722761
0.645 8.83720930232558 3011.66206652993
0.684 -0.584795321637427 3011.0772712083
0.658 0.60790273556231 3011.68517394386
0.664 0 3011.68517394386
0.681 2.79001468428781 3014.47518862815
0.702 5.12820512820513 3019.60339375635
0.677 -1.92023633677991 3017.68315741957
0.685 0.437956204379562 3018.12111362395
0.681 -1.02790014684288 3017.09321347711
0.696 3.44827586206897 3020.54148933918
0.673 1.33729569093611 3021.87878503011
0.675 2.81481481481481 3024.69359984493
0.635 0.78740157480315 3025.48100141973
0.661 3.17700453857791 3028.65800595831
0.671 -1.63934426229508 3027.01866169601
0.682 1.17302052785924 3028.19168222387
0.676 2.07100591715976 3030.26268814103
0.661 6.5052950075643 3036.7679831486
0.643 -7.93157076205288 3028.83641238655
0.635 -2.99212598425197 3025.84428640229
0.683 3.95314787701318 3029.79743427931
0.69 1.44927536231884 3031.24670964163
0.699 3.86266094420601 3035.10937058583
0.64 -4.6875 3030.42187058583
0.683 4.53879941434846 3034.96067000018
0.702 8.83190883190883 3043.79257883209
0.68 6.76470588235294 3050.55728471444
0.702 4.27350427350427 3054.83078898795
0.657 5.63165905631659 3060.46244804426
0.708 -3.67231638418079 3056.79013166008
0.69 0.579710144927536 3057.36984180501
0.702 -0.56980056980057 3056.80004123521
0.694 3.7463976945245 3060.54643892973
0.693 1.01010101010101 3061.55653993983
0.664 -1.80722891566265 3059.74931102417
0.684 4.09356725146199 3063.84287827563
0.696 4.59770114942529 3068.44057942506
0.662 9.06344410876133 3077.50402353382
0.65 0 3077.50402353382
0.651 -3.53302611367128 3073.97099742015
0.635 5.51181102362205 3079.48280844377
0.694 1.72910662824207 3081.21191507201
0.669 3.1390134529148 3084.35092852493
0.704 0 3084.35092852493
0.729 6.44718792866941 3090.7981164536
0.706 5.09915014164306 3095.89726659524
0.663 1.35746606334842 3097.25473265859
0.649 4.46841294298921 3101.72314560158
0.717 -3.48675034867503 3098.2363952529
0.672 1.19047619047619 3099.42687144338
0.691 -0.723589001447178 3098.70328244193
0.671 -1.04321907600596 3097.66006336593
0.689 6.82148040638607 3104.48154377231
0.629 -1.74880763116057 3102.73273614115
0.658 2.43161094224924 3105.1643470834
0.682 -1.46627565982405 3103.69807142358
0.696 -2.29885057471264 3101.39922084886
0.68 -3.52941176470588 3097.86980908416
0.68 0.294117647058824 3098.16392673122
0.698 4.58452722063037 3102.74845395185
0.701 -3.56633380884451 3099.182120143
0.69 0.289855072463768 3099.47197521547
0.705 1.84397163120567 3101.31594684667
0.69 -0.579710144927536 3100.73623670174
0.682 9.97067448680352 3110.70691118855
0.704 0.568181818181818 3111.27509300673
0.711 -2.10970464135021 3109.16538836538
0.716 0.279329608938547 3109.44471797432
0.691 3.32850940665702 3112.77322738098
0.696 -2.8735632183908 3109.89966416258
0.7 -2.85714285714286 3107.04252130544
0.663 -1.05580693815988 3105.98671436728
0.664 -6.62650602409639 3099.36020834319
0.653 -6.27871362940276 3093.08149471378
0.686 -1.45772594752187 3091.62376876626
0.651 5.99078341013825 3097.6145521764
0.657 2.89193302891933 3100.50648520532
0.681 0.734214390602056 3101.24069959592
0.655 -1.37404580152672 3099.86665379439
0.699 1.57367668097282 3101.44033047537
0.644 -9.93788819875776 3091.50244227661
0.67 1.19402985074627 3092.69647212736
0.642 1.24610591900312 3093.94257804636
0.662 -4.83383685800604 3089.10874118835
0.681 3.37738619676946 3092.48612738512
0.68 -1.17647058823529 3091.30965679689
0.701 -0.713266761768902 3090.59639003512
0.686 0.583090379008746 3091.17948041413
0.703 4.69416785206259 3095.87364826619
0.697 1.57819225251076 3097.4518405187
0.704 -3.125 3094.3268405187
0.723 0.138312586445367 3094.46515310514
0.69 -0.869565217391304 3093.59558788775
0.673 0.148588410104012 3093.74417629786
0.661 0.75642965204236 3094.5006059499
0.697 4.16068866571019 3098.66129461561
0.685 -1.8978102189781 3096.76348439663
0.699 -1.00143061516452 3095.76205378147
0.642 -8.72274143302181 3087.03931234845
0.654 9.48012232415902 3096.5194346726
0.655 1.98473282442748 3098.50416749703
0.685 -4.23357664233577 3094.2705908547
0.763 -14.0235910878113 3080.24699976689
0.757 -12.8137384412153 3067.43326132567
0.757 -13.6063408190225 3053.82692050665
0.71 -8.16901408450704 3045.65790642214
0.642 0.623052959501558 3046.28095938164
0.639 -5.4773082942097 3040.80365108743
0.656 -2.13414634146341 3038.66950474597
0.674 -0.890207715133531 3037.77929703084
0.67 -2.38805970149254 3035.39123732934
0.653 -2.90964777947933 3032.48158954986
0.711 -6.32911392405063 3026.15247562581
0.712 -8.70786516853933 3017.44461045727
0.665 1.65413533834586 3019.09874579562
0.667 -1.94902548725637 3017.14972030836
0.66 -10 3007.14972030836
0.698 -8.88252148997135 2998.26719881839
0.699 -8.72675250357654 2989.54044631482
0.679 -11.9293078055965 2977.61113850922
0.693 -14.8629148629149 2962.7482236463
0.677 0.738552437223043 2963.48677608353
0.687 -4.22125181950509 2959.26552426402
0.662 -2.41691842900302 2956.84860583502
0.663 -8.5972850678733 2948.25132076715
0.67 -7.16417910447761 2941.08714166267
0.654 2.75229357798165 2943.83943524065
0.701 2.99572039942939 2946.83515564008
0.69 -15.6521739130435 2931.18298172704
0.68 -1.17647058823529 2930.0065111388
0.718 -7.24233983286908 2922.76417130593
0.704 -2.55681818181818 2920.20735312411
0.688 -2.32558139534884 2917.88177172876
0.689 -5.95065312046444 2911.9311186083
0.66 0.909090909090909 2912.84020951739
0.689 -3.91872278664732 2908.92148673074
0.676 2.9585798816568 2911.8800666124
0.65 -1.53846153846154 2910.34160507394
0.683 1.90336749633968 2912.24497257028
0.646 2.78637770897833 2915.03135027926
0.654 -8.56269113149847 2906.46865914776
0.7 6 2912.46865914776
0.655 -3.20610687022901 2909.26255227753
0.641 0.15600624024961 2909.41855851778
0.666 2.1021021021021 2911.52066061988
0.679 -1.03092783505155 2910.48973278483
0.707 -2.12164073550212 2908.36809204933
0.646 -4.02476780185759 2904.34332424747
0.657 -3.50076103500761 2900.84256321246
0.683 -6.58857979502196 2894.25398341744
0.661 -4.68986384266263 2889.56411957478
0.675 1.03703703703704 2890.60115661181
0.704 -4.82954545454545 2885.77161115727
0.66 -2.42424242424242 2883.34736873303
0.621 2.41545893719807 2885.76282767022
0.662 -6.04229607250755 2879.72053159772
0.636 -4.08805031446541 2875.63248128325
0.663 -2.26244343891403 2873.37003784434
0.673 -2.22882615156018 2871.14121169278
0.666 0.3003003003003 2871.44151199308
0.693 -3.03030303030303 2868.41120896277
0.69 0.579710144927536 2868.9909191077
0.65 -9.53846153846154 2859.45245756924
0.659 3.1866464339909 2862.63910400323
0.683 -0.732064421669107 2861.90703958156
0.693 -0.144300144300144 2861.76273943726
0.66 2.12121212121212 2863.88395155847
0.648 0.925925925925926 2864.8098774844
0.668 0 2864.8098774844
0.638 -1.25391849529781 2863.5559589891
0.674 0.890207715133531 2864.44616670424
0.705 -2.12765957446809 2862.31850712977
0.677 -4.28360413589365 2858.03490299387
0.694 -1.44092219020173 2856.59398080367
0.716 -2.23463687150838 2854.35934393216
0.674 -2.37388724035608 2851.98545669181
0.703 -5.26315789473684 2846.72229879707
0.689 1.01596516690856 2847.73826396398
0.667 -6.74662668665667 2840.99163727732
0.661 5.29500756429652 2846.28664484162
0.65 2.76923076923077 2849.05587561085
0.652 -2.14723926380368 2846.90863634705
0.658 -0.60790273556231 2846.30073361148
0.664 -0.602409638554217 2845.69832397293
0.689 -0.435413642960813 2845.26291032997
0.676 0.591715976331361 2845.8546263063
0.704 1.70454545454545 2847.55917176085
0.683 -6.00292825768668 2841.55624350316
0.67 0.597014925373134 2842.15325842853
0.641 -9.51638065522621 2832.63687777331
0.649 1.69491525423729 2834.33179302754
0.642 -1.86915887850467 2832.46263414904
0.666 -9.60960960960961 2822.85302453943
0.648 -3.08641975308642 2819.76660478634
0.708 -2.82485875706215 2816.94174602928
0.652 -3.68098159509202 2813.26076443419
0.659 1.97268588770865 2815.2334503219
0.648 -0.925925925925926 2814.30752439597
0.681 3.67107195301028 2817.97859634898
0.646 0.928792569659443 2818.90738891864
0.657 -1.06544901065449 2817.84193990799
0.69 2.60869565217391 2820.45063556016
0.691 4.4862518089725 2824.93688736913
0.657 0.45662100456621 2825.3935083737
0.674 3.26409495548961 2828.65760332919
0.678 -5.30973451327434 2823.34786881591
0.671 -1.63934426229508 2821.70852455362
0.685 -0.437956204379562 2821.27056834924
0.66 -2.42424242424242 2818.846325925
0.652 0.613496932515337 2819.45982285751
0.664 3.01204819277108 2822.47187105028
0.639 2.660406885759 2825.13227793604
0.64 0.9375 2826.06977793604
0.669 0.747384155455904 2826.8171620915
0.679 -0.441826215022091 2826.37533587648
0.692 6.06936416184971 2832.44470003833
0.645 0.155038759689922 2832.59973879802
0.662 4.83383685800604 2837.43357565602
0.671 2.2354694485842 2839.66904510461
0.632 -5.69620253164557 2833.97284257296
0.688 -2.03488372093023 2831.93795885203
0.668 -2.09580838323353 2829.8421504688
0.684 4.09356725146199 2833.93571772026
0.681 1.90895741556535 2835.84467513582
0.657 -0.76103500761035 2835.08364012821
0.694 -0.576368876080692 2834.50727125213
0.654 -0.611620795107034 2833.89565045703
0.632 2.21518987341772 2836.11084033044
0.656 -0.304878048780488 2835.80596228166
0.687 3.93013100436681 2839.73609328603
0.688 -2.03488372093023 2837.7012095651
0.69 2.02898550724638 2839.73019507235
0.669 3.1390134529148 2842.86920852526
0.637 -0.784929356357928 2842.0842791689
0.643 2.95489891135303 2845.03917808026
0.708 3.95480225988701 2848.99398034014
0.688 2.90697674418605 2851.90095708433
0.648 0.925925925925926 2852.82688301026
0.647 4.17310664605873 2856.99998965631
0.655 6.56488549618321 2863.5648751525
0.675 0.148148148148148 2863.71302330065
0.648 3.08641975308642 2866.79944305373
0.669 -5.23168908819133 2861.56775396554
0.684 5.84795321637427 2867.41570718191
0.65 -7.38461538461539 2860.0310917973
0.666 -2.1021021021021 2857.9289896952
0.706 -7.36543909348442 2850.56355060171
0.666 3.003003003003 2853.56655360472
0.653 2.90964777947933 2856.4762013842
0.644 1.24223602484472 2857.71843740904
0.66 7.57575757575758 2865.2941949848
0.674 6.23145400593472 2871.52564899073
0.676 0 2871.52564899073
0.688 0.872093023255814 2872.39774201399
0.644 0.62111801242236 2873.01886002641
0.665 -0.150375939849624 2872.86848408656
0.647 5.40958268933539 2878.2780667759
0.668 2.09580838323353 2880.37387515913
0.678 2.06489675516224 2882.43877191429
0.651 5.06912442396313 2887.50789633826
0.648 -4.93827160493827 2882.56962473332
0.612 1.63398692810458 2884.20361166142
0.656 1.52439024390244 2885.72800190532
0.701 0.14265335235378 2885.87065525768
0.693 -7.64790764790765 2878.22274760977
0.695 -2.44604316546763 2875.7767044443
0.678 -0.589970501474926 2875.18673394283
0.698 0.859598853868195 2876.0463327967
0.663 -1.05580693815988 2874.99052585854
0.681 1.3215859030837 2876.31211176162
0.668 -3.29341317365269 2873.01869858797
0.694 0.864553314121037 2873.88325190209
0.679 4.56553755522828 2878.44878945732
0.688 -0.581395348837209 2877.86739410848
0.692 -4.04624277456647 2873.82115133391
0.674 -2.07715133531157 2871.7439999986
0.623 3.04975922953451 2874.79375922814
0.616 -4.54545454545455 2870.24830468268
0.648 4.32098765432099 2874.569292337
0.698 -5.73065902578797 2868.83863331121
0.677 -3.98818316100443 2864.85045015021
0.654 7.03363914373089 2871.88408929394
0.674 0 2871.88408929394
0.683 -2.78184480234261 2869.1022444916
0.7 6 2875.1022444916
0.668 0.29940119760479 2875.4016456892
0.65 -2.46153846153846 2872.94010722766
0.65 8.92307692307692 2881.86318415074
0.538 1.48698884758364 2883.35017299832
0.647 6.95517774343122 2890.30535074176
0.649 -2.92758089368259 2887.37776984807
0.686 0.87463556851312 2888.25240541659
0.662 -1.51057401812689 2886.74183139846
0.665 -1.95488721804511 2884.78694418041
0.648 0 2884.78694418041
0.653 1.99081163859112 2886.77775581901
0.665 -1.35338345864662 2885.42437236036
0.671 -1.93740685543964 2883.48696550492
0.668 -5.68862275449102 2877.79834275043
0.648 -2.77777777777778 2875.02056497265
0.639 -4.53834115805947 2870.48222381459
0.697 -1.57819225251076 2868.90403156208
0.624 -3.20512820512821 2865.69890335695
0.648 1.23456790123457 2866.93347125819
0.67 -3.58208955223881 2863.35138170595
0.691 -1.01302460202605 2862.33835710392
0.677 -2.21565731166913 2860.12269979225
0.652 2.76073619631902 2862.88343598857
0.675 4 2866.88343598857
0.66 -3.93939393939394 2862.94404204918
0.68 -2.35294117647059 2860.59110087271
0.652 -6.13496932515337 2854.45613154755
0.699 -5.29327610872675 2849.16285543883
0.679 3.38733431516937 2852.550189754
0.654 3.36391437308869 2855.91410412709
0.683 -1.31771595900439 2854.59638816808
0.664 0.903614457831325 2855.50000262591
0.626 -1.59744408945687 2853.90255853646
0.638 1.25391849529781 2855.15647703175
0.696 0.862068965517241 2856.01854599727
0.676 -4.43786982248521 2851.58067617479
0.688 1.45348837209302 2853.03416454688
0.672 6.25 2859.28416454688
0.663 7.99396681749623 2867.27813136437
0.643 0.46656298600311 2867.74469435038
0.694 -3.1700288184438 2864.57466553193
0.707 0.141442715700141 2864.71610824763
0.676 -9.17159763313609 2855.5445106145
0.678 -2.65486725663717 2852.88964335786
0.622 -3.21543408360129 2849.67420927426
0.68 -1.47058823529412 2848.20362103897
0.678 -5.89970501474926 2842.30391602422
0.641 -1.71606864274571 2840.58784738147
0.662 -2.41691842900302 2838.17092895247
0.655 0.152671755725191 2838.32360070819
0.674 -3.56083086053412 2834.76276984766
0.68 -2.94117647058824 2831.82159337707
0.662 -4.83383685800604 2826.98775651906
0.67 3.28358208955224 2830.27133860862
0.649 -0.770416024653313 2829.50092258396
0.644 -5.59006211180124 2823.91086047216
0.635 0.15748031496063 2824.06834078712
0.67 -1.19402985074627 2822.87431093638
0.643 2.02177293934681 2824.89608387572
0.662 1.20845921450151 2826.10454309022
0.662 -3.02114803625378 2823.08339505397
0.654 -2.44648318042813 2820.63691187354
0.651 -0.460829493087558 2820.17608238045
0.664 -7.2289156626506 2812.9471667178
0.662 -1.81268882175227 2811.13447789605
0.69 -3.47826086956522 2807.65621702649
0.662 2.11480362537764 2809.77102065186
0.707 -6.08203677510608 2803.68898387676
0.686 -4.66472303206997 2799.02426084469
0.701 0.713266761768902 2799.73752760646
0.676 2.9585798816568 2802.69610748811
0.669 2.84005979073244 2805.53616727885
0.68 -3.82352941176471 2801.71263786708
0.705 -2.97872340425532 2798.73391446283
0.685 1.60583941605839 2800.33975387888
0.662 -8.45921450151057 2791.88053937737
0.709 -2.11565585331453 2789.76488352406
0.675 0.148148148148148 2789.91303167221
0.666 -2.4024024024024 2787.51062926981
0.677 7.53323485967504 2795.04386412948
0.617 -0.810372771474878 2794.23349135801
0.639 -9.85915492957746 2784.37433642843
0.656 -10.6707317073171 2773.70360472111
0.684 -3.80116959064327 2769.90243513047
0.628 -5.4140127388535 2764.48842239161
0.674 -2.37388724035608 2762.11453515126
0.668 4.49101796407186 2766.60555311533
0.63 2.85714285714286 2769.46269597247
0.663 3.16742081447964 2772.63011678695
0.667 0.449775112443778 2773.0798918994
0.673 1.33729569093611 2774.41718759033
0.712 3.08988764044944 2777.50707523078
0.686 -1.74927113702624 2775.75780409376
0.729 -5.07544581618656 2770.68235827757
0.705 -3.82978723404255 2766.85257104353
0.677 3.397341211226 2770.24991225475
0.666 -3.3033033033033 2766.94660895145
0.707 -2.4045261669024 2764.54208278455
0.681 -1.02790014684288 2763.5141826377
0.697 -1.86513629842181 2761.64904633928
0.691 -5.93342981186686 2755.71561652742
0.656 -4.8780487804878 2750.83756774693
0.657 -1.97869101978691 2748.85887672714
0.696 -5.74712643678161 2743.11175029036
0.693 -0.432900432900433 2742.67884985746
0.689 -5.07982583454282 2737.59902402292
0.68 -6.17647058823529 2731.42255343468
0.658 -2.12765957446809 2729.29489386021
0.672 -2.97619047619048 2726.31870338402
0.664 1.80722891566265 2728.12593229968
0.683 -1.61054172767204 2726.51539057201
0.679 -0.441826215022091 2726.07356435699
0.664 -4.51807228915663 2721.55549206783
0.734 -2.99727520435967 2718.55821686347
0.697 -0.430416068866571 2718.12780079461
0.725 1.51724137931034 2719.64504217392
0.677 -3.397341211226 2716.24770096269
0.677 -5.1698670605613 2711.07783390213
0.685 -5.69343065693431 2705.3844032452
0.694 2.30547550432277 2707.68987874952
0.709 -0.705218617771509 2706.98466013175
0.68 -1.47058823529412 2705.51407189645
0.665 2.55639097744361 2708.0704628739
0.652 -4.60122699386503 2703.46923588003
0.661 -2.87443267776097 2700.59480320227
0.667 -6.74662668665667 2693.84817651561
0.635 -9.60629921259843 2684.24187730302
0.674 -7.41839762611276 2676.8234796769
0.636 -11.3207547169811 2665.50272495992
0.655 -1.06870229007634 2664.43402266985
0.696 0.574712643678161 2665.00873531352
0.686 -7.5801749271137 2657.42856038641
0.64 -10 2647.42856038641
0.686 -4.95626822157434 2642.47229216484
0.695 -14.8201438848921 2627.65214827994
0.682 -4.39882697947214 2623.25332130047
0.663 -3.16742081447964 2620.08590048599
0.679 -8.10014727540501 2611.98575321059
0.684 -5.55555555555556 2606.43019765503
0.667 -5.5472263868066 2600.88297126822
0.657 -3.19634703196347 2597.68662423626
0.686 -8.7463556851312 2588.94026855113
0.679 -7.21649484536082 2581.72377370577
0.678 -11.7994100294985 2569.92436367627
0.603 3.81426202321725 2573.73862569949
0.705 -3.82978723404255 2569.90883846545
0.694 1.44092219020173 2571.34976065565
0.659 -9.25644916540212 2562.09331149025
0.682 -6.158357771261 2555.93495371898
0.664 -7.83132530120482 2548.10362841778
0.671 -4.32190760059613 2543.78172081718
0.696 -1.4367816091954 2542.34493920799
0.688 -6.3953488372093 2535.94959037078
0.699 -3.29041487839771 2532.65917549238
0.705 0.141843971631206 2532.80101946401
0.715 -2.37762237762238 2530.42339708639
0.66 -7.57575757575758 2522.84763951063
0.703 -6.9701280227596 2515.87751148787
0.67 -1.19402985074627 2514.68348163713
0.661 -7.71558245083207 2506.96789918629
0.676 -4.73372781065089 2502.23417137564
0.688 -6.97674418604651 2495.2574271896
0.656 -10.3658536585366 2484.89157353106
0.657 -8.06697108066971 2476.82460245039
0.646 -14.5510835913313 2462.27351885906
0.657 -4.41400304414003 2457.85951581492
0.678 -11.5044247787611 2446.35509103616
0.685 -9.78102189781022 2436.57406913835
0.691 -9.69609261939219 2426.87797651896
0.663 -4.97737556561086 2421.90060095335
0.649 -6.93374422187981 2414.96685673147
0.663 -10.4072398190045 2404.55961691246
0.662 -11.178247734139 2393.38136917832
0.623 -4.97592295345104 2388.40544622487
0.649 -2.31124807395994 2386.09419815091
0.658 -9.72644376899696 2376.36775438191
0.665 -5.86466165413534 2370.50309272778
0.698 -5.73065902578797 2364.77243370199
0.691 -10.8538350217077 2353.91859868028
0.712 -3.08988764044944 2350.82871103983
0.724 -1.38121546961326 2349.44749557022
0.695 -8.77697841726619 2340.67051715295
0.686 -3.49854227405248 2337.1719748789
0.717 -11.5760111576011 2325.5959637213
0.644 -6.2111801242236 2319.38478359708
0.673 -12.630014858841 2306.75476873824
0.691 -9.98552821997106 2296.76924051826
0.718 -4.45682451253482 2292.31241600573
0.679 -8.68924889543446 2283.6231671103
0.688 -10.4651162790698 2273.15805083123
0.646 -8.6687306501548 2264.48932018107
0.657 -12.6331811263318 2251.85613905474
0.648 -13.5802469135802 2238.27589214116
0.66 -17.8787878787879 2220.39710426237
0.633 -15.0078988941548 2205.38920536822
0.697 -5.59540889526542 2199.79379647295
0.673 -9.06389301634472 2190.72990345661
0.663 -2.56410256410256 2188.1658008925
0.696 -3.44827586206897 2184.71752503043
0.677 -5.1698670605613 2179.54765796987
0.652 -5.52147239263804 2174.02618557723
0.635 -12.4409448818898 2161.58524069534
0.653 -5.66615620214395 2155.9190844932
0.686 -9.32944606413994 2146.58963842906
0.679 -8.39469808541974 2138.19494034364
0.682 -9.97067448680352 2128.22426585684
0.664 1.20481927710843 2129.42908513395
0.614 -0.651465798045603 2128.7776193359
0.696 0 2128.7776193359
0.666 -11.7117117117117 2117.06590762419
0.679 -8.10014727540501 2108.96576034878
0.668 -5.38922155688623 2103.5765387919
0.645 -7.28682170542636 2096.28971708647
0.676 -8.28402366863905 2088.00569341783
0.659 -6.22154779969651 2081.78414561814
0.67 -13.4328358208955 2068.35130979724
0.685 -8.61313868613139 2059.73817111111
0.684 -6.14035087719298 2053.59782023392
0.663 -11.6138763197587 2041.98394391416
0.641 -8.26833073322933 2033.71561318093
0.64 -6.25 2027.46561318093
0.64 -11.25 2016.21561318093
0.629 -10.3338632750397 2005.88174990589
0.653 -6.58499234303216 1999.29675756286
0.64 -4.6875 1994.60925756286
0.619 -4.36187399030695 1990.24738357255
0.645 -13.1782945736434 1977.06908899891
0.64 -5 1972.06908899891
0.649 -10.6317411402157 1961.43734785869
0.66 -7.87878787878788 1953.5585599799
0.654 -7.95107033639144 1945.60748964351
0.638 -12.8526645768025 1932.75482506671
0.691 -3.90738060781476 1928.84744445889
0.688 -11.3372093023256 1917.51023515657
0.671 -3.42771982116244 1914.08251533541
0.639 -3.59937402190923 1910.4831413135
0.637 -4.55259026687598 1905.93055104662
0.617 1.45867098865478 1907.38922203527
0.635 4.25196850393701 1911.64119053921
0.679 -4.56553755522828 1907.07565298398
0.647 -4.4822256568779 1902.59342732711
0.672 -6.25 1896.34342732711
0.698 -7.16332378223496 1889.18010354487
0.668 -9.2814371257485 1879.89866641912
0.68 -10.8823529411765 1869.01631347795
0.691 -12.0115774240232 1857.00473605392
0.691 -11.4327062228654 1845.57202983106
0.647 -6.33693972179289 1839.23509010926
0.688 -6.1046511627907 1833.13043894647
0.659 -7.43550834597876 1825.69493060049
0.694 -7.20461095100865 1818.49031964949
0.713 -10.7994389901823 1807.6908806593
0.652 -4.60122699386503 1803.08965366544
0.705 -1.27659574468085 1801.81305792076
0.734 -1.90735694822888 1799.90570097253
0.683 -6.58857979502196 1793.31712117751
0.673 -18.2763744427935 1775.04074673471
0.664 -5.42168674698795 1769.61905998773
0.703 -12.6600284495021 1756.95903153822
0.696 -10.3448275862069 1746.61420395202
0.658 -8.51063829787234 1738.10356565414
0.648 -3.39506172839506 1734.70850392575
0.681 -1.90895741556535 1732.79954651018
0.719 -16.5507649513213 1716.24878155886
0.691 -6.5123010130246 1709.73648054584
0.725 -7.58620689655172 1702.15027364929
0.701 -10.9843081312411 1691.16596551805
0.661 -12.5567322239032 1678.60923329414
0.684 -12.5730994152047 1666.03613387894
0.689 -13.4978229317852 1652.53831094715
0.712 -4.7752808988764 1647.76303004828
0.686 -8.45481049562682 1639.30821955265
0.698 -11.7478510028653 1627.56036854978
0.687 -13.8282387190684 1613.73212983072
0.679 -13.9911634756996 1599.74096635502
0.677 -13.1462333825702 1586.59473297245
0.646 -10.2167182662539 1576.37801470619
0.668 -7.48502994011976 1568.89298476607
0.685 -12.7007299270073 1556.19225483906
0.667 -11.8440779610195 1544.34817687805
0.658 -8.81458966565349 1535.53358721239
0.683 -6.00292825768668 1529.53065895471
0.706 -11.8980169971671 1517.63264195754
0.694 -10.6628242074928 1506.96981775005
0.671 -7.89865871833085 1499.07115903171
0.665 -9.47368421052632 1489.59747482119
0.692 -12.4277456647399 1477.16972915645
0.683 -10.688140556369 1466.48158860008
0.698 -10.6017191977077 1455.87986940237
0.671 -6.70640834575261 1449.17346105662
0.641 -7.02028081123245 1442.15318024539
0.685 -11.5328467153285 1430.62033353006
0.716 -9.77653631284916 1420.84379721721
0.682 -9.3841642228739 1411.45963299433
0.654 -10.7033639143731 1400.75626907996
0.682 -15.8357771260997 1384.92049195386
0.705 -8.36879432624113 1376.55169762762
0.684 -6.4327485380117 1370.11894908961
0.667 -8.24587706146927 1361.87307202814
0.634 -10.410094637224 1351.46297739092
0.682 -5.86510263929619 1345.59787475162
0.688 -11.9186046511628 1333.67927010046
0.686 -9.62099125364431 1324.05827884681
0.66 -10.6060606060606 1313.45221824075
0.648 -7.71604938271605 1305.73616885804
0.672 -9.52380952380952 1296.21235933423
0.673 -17.3848439821694 1278.82751535206
0.672 -11.0119047619048 1267.81561059015
0.68 -7.64705882352941 1260.16855176662
0.669 -6.12855007473842 1254.04000169188
0.683 -8.63836017569546 1245.40164151619
0.625 -5.28 1240.12164151619
0.612 -6.5359477124183 1233.58569380377
0.684 -12.280701754386 1221.30499204938
0.653 -16.0796324655436 1205.22535958384
0.644 -11.8012422360248 1193.42411734782
0.625 -4.96 1188.46411734782
0.66 -12.7272727272727 1175.73684462054
0.661 -8.32072617246596 1167.41611844808
0.673 -20.3566121842496 1147.05950626383
0.63 -15.5555555555556 1131.50395070827
0.643 -6.37636080870918 1125.12758989956
0.662 -12.3867069486405 1112.74088295092
0.666 -3.6036036036036 1109.13727934732
0.658 -9.11854103343465 1100.01873831388
0.66 -7.27272727272727 1092.74601104116
0.678 -9.14454277286136 1083.6014682683
0.67 -13.7313432835821 1069.87012498471
0.654 -10.7033639143731 1059.16676107034
0.655 -16.030534351145 1043.1362267192
0.659 -9.25644916540212 1033.87977755379
0.679 -3.97643593519882 1029.90334161859
0.691 -7.95947901591896 1021.94386260268
0.699 -10.7296137339056 1011.21424886877
0.689 -9.72423802612482 1001.49001084265
0.714 -0.280112044817927 1001.20989879783
0.654 -7.3394495412844 993.870449256543
0.664 -9.03614457831325 984.83430467823
0.685 -9.48905109489051 975.345253583339
0.67 -7.16417910447761 968.181074478862
0.66 -8.18181818181818 959.999256297043
0.7 2.57142857142857 962.570684868472
0.719 -9.59666203059805 952.974022837874
0.704 -8.52272727272727 944.451295565147
0.68 -8.23529411764706 936.2160014475
0.671 -3.725782414307 932.490219033193
0.69 -6.08695652173913 926.403262511453
0.663 -9.50226244343891 916.901000068015
0.685 -8.02919708029197 908.871802987723
0.677 -11.3737075332349 897.498095454488
0.664 -11.4457831325301 886.052312321958
0.701 -15.2639087018545 870.788403620103
0.668 -4.79041916167665 865.997984458426
0.686 -10.7871720116618 855.210812446765
0.696 -10.632183908046 844.578628538719
0.694 -8.93371757925072 835.644910959468
0.686 -9.91253644314869 825.732374516319
0.653 -13.6294027565084 812.102971759811
0.623 -9.47030497592295 802.632666783888
0.64 -11.5625 791.070166783888
0.676 -13.3136094674556 777.756557316432
0.68 -13.2352941176471 764.521263198785
0.689 -9.43396226415094 755.087300934634
0.659 -9.55993930197269 745.527361632662
0.681 -20.1174743024963 725.409887330165
0.628 -7.32484076433121 718.085046565834
0.661 -3.47957639939486 714.605470166439
0.637 -11.4599686028257 703.145501563613
0.638 -7.52351097178683 695.621990591827
0.655 -6.25954198473282 689.362448607094
0.701 -6.70470756062767 682.657741046466
0.675 -2.51851851851852 680.139222527948
0.604 -7.6158940397351 672.523328488213
0.682 -16.1290322580645 656.394296230148
0.669 -10.3139013452915 646.080394884856
0.671 -9.38897168405365 636.691423200803
0.704 -3.97727272727273 632.71415047353
0.711 -10.5485232067511 622.165627266779
0.686 -6.41399416909621 615.751633097683
0.675 -8.14814814814815 607.603484949535
0.668 -7.18562874251497 600.41785620702
0.689 -10.8853410740203 589.532515132999
0.683 -6.29575402635432 583.236761106645
0.664 -3.6144578313253 579.62230327532
0.67 -6.56716417910448 573.055139096215
0.641 -4.83619344773791 568.218945648477
0.671 -11.4754098360656 556.743535812412
0.667 -13.9430284857571 542.800507326655
0.683 -7.17423133235725 535.626275994297
0.698 -15.1862464183381 520.440029575959
0.692 -4.91329479768786 515.526734778271
0.683 -2.78184480234261 512.744889975929
0.674 -16.0237388724036 496.721151103525
0.664 -23.4939759036145 473.227175199911
0.652 -12.2699386503067 460.957236549604
0.666 -3.6036036036036 457.353632946001
0.667 -13.0434782608696 444.310154685131
0.722 -13.2963988919668 431.013755793164
0.698 -8.59598853868195 422.417767254482
0.704 -11.9318181818182 410.485949072664
0.697 -12.4820659971306 398.003883075534
0.645 -9.76744186046512 388.236441215068
0.674 -12.7596439169139 375.476797298154
0.677 -4.87444608567208 370.602351212482
0.697 -10.1865136298422 360.41583758264
0.665 -15.187969924812 345.227867657828
0.679 -10.4565537555228 334.771313902305
0.684 -9.64912280701754 325.122191095288
0.676 -10.6508875739645 314.471303521323
0.675 -14.962962962963 299.50834055836
0.676 -16.8639053254438 282.644435232917
0.648 -7.71604938271605 274.9283858502
0.66 -11.2121212121212 263.716264638079
0.663 -10.4072398190045 253.309024819075
0.641 -15.4446177847114 237.864407034363
0.645 -5.42635658914729 232.438050445216
0.658 -5.77507598784195 226.662974457374
0.636 -2.83018867924528 223.832785778129
0.654 -12.5382262996942 211.294559478435
0.69 -13.6231884057971 197.671371072638
0.697 -13.3428981348637 184.328472937774
0.693 -9.66810966810967 174.660363269664
0.708 -11.2994350282486 163.360928241416
0.68 -10.8823529411765 152.478575300239
0.701 -16.1198288159772 136.358746484262
0.661 -9.22844175491679 127.130304729345
0.688 -11.9186046511628 115.211700078182
0.688 -7.26744186046512 107.944258217717
0.715 -6.57342657342657 101.370831644291
0.679 -16.0530191458027 85.317812498488
0.654 -9.48012232415902 75.837690174329
0.671 -14.4560357675112 61.3816544068178
0.72 -10.5555555555556 50.8260988512623
0.657 -15.3729071537291 35.4531916975332
0.705 -12.3404255319149 23.1127661656183
0.727 -10.041265474553 13.0715006910653
0.682 -13.4897360703812 -0.418235379315894
0.668 -17.3652694610778 -17.7835048403937
0.655 -18.7786259541985 -36.5621307945922
0.644 -14.5962732919255 -51.1584040865177
0.67 -8.35820895522388 -59.5166130417416
0.698 -12.6074498567335 -72.1240628984751
0.71 -8.16901408450704 -80.2930769829821
0.659 -18.0576631259484 -98.3507401089305
0.686 -13.4110787172012 -111.761818826132
0.695 -17.9856115107914 -129.747430336923
0.638 -12.2257053291536 -141.973135666077
0.683 -21.5226939970717 -163.495829663148
0.695 -10.5035971223022 -173.999426785451
0.682 -12.0234604105572 -186.022887196008
0.649 -9.70724191063174 -195.730129106639
0.666 -11.7117117117117 -207.441840818351
0.682 -8.50439882697947 -215.946239645331
0.731 -13.8166894664843 -229.762929111815
0.663 -9.80392156862745 -239.566850680442
0.686 -11.9533527696793 -251.520203450122
0.661 -12.8593040847201 -264.379507534842
0.712 -9.26966292134832 -273.64917045619
0.688 -6.68604651162791 -280.335216967818
0.701 -15.8345221112696 -296.169739079088
0.699 -11.587982832618 -307.757721911706
0.694 -6.05187319884726 -313.809595110553
0.664 -16.8674698795181 -330.677064990071
0.675 -14.3703703703704 -345.047435360441
0.714 -9.52380952380952 -354.571244884251
0.733 -9.14051841746248 -363.711763301713
0.759 -18.3135704874835 -382.025333789197
0.701550387596899 -14.3646408839779 -396.389974673175
