gc_content gc_skew gc_culm
0.454 -1.76211453744493 -1.76211453744493
0.46 1.30434782608696 -0.457766711357977
0.443 12.4153498871332 11.9575831757752
0.481 7.69230769230769 19.6498908680829
0.478 15.8995815899582 35.5494724580411
0.412 13.5922330097087 49.1417054677498
0.428 5.60747663551402 54.7491821032638
0.448 8.92857142857143 63.6777535318352
0.441 10.2040816326531 73.8818351644883
0.469 10.4477611940299 84.3295963585182
0.432 8.7962962962963 93.1258926548145
0.465 13.9784946236559 107.10438727847
0.44 5 112.10438727847
0.412 16.504854368932 128.609241647402
0.432 11.5740740740741 140.183315721476
0.448 12.9464285714286 153.129744292905
0.446 21.0762331838565 174.205977476762
0.462 12.987012987013 187.192990463775
0.454 15.4185022026432 202.611492666418
0.428 14.9532710280374 217.564763694455
0.344 9.30232558139535 226.86708927585
0.39 -2.05128205128205 224.815807224568
0.417 -2.6378896882494 222.177917536319
0.41 14.6341463414634 236.812063877782
0.386 6.21761658031088 243.029680458093
0.446 8.96860986547085 251.998290323564
0.497 -3.01810865191147 248.980181671653
0.501 18.1636726546906 267.143854326343
0.45 4 271.143854326343
0.448 1.33928571428571 272.483140040629
0.478 2.09205020920502 274.575190249834
0.42 3.80952380952381 278.384714059358
0.452 2.21238938053097 280.597103439889
0.455 3.2967032967033 283.893806736592
0.45 -5.77777777777778 278.116028958814
0.455 -4.61538461538461 273.50064434343
0.498 -4.01606425702811 269.484580086402
0.387 9.56072351421189 279.045303600613
0.444 -4.5045045045045 274.540799096109
0.477 11.5303983228512 286.07119741896
0.446 5.82959641255605 291.900793831516
0.466 -0.429184549356223 291.47160928216
0.47 11.063829787234 302.535439069394
0.428 7.47663551401869 310.012074583413
0.431 3.48027842227378 313.492353005686
0.41 6.82926829268293 320.321621298369
0.45 1.77777777777778 322.099399076147
0.458 1.31004366812227 323.409442744269
0.462 -4.32900432900433 319.080438415265
0.385 0.779220779220779 319.859659194486
0.476 2.52100840336134 322.380667597847
0.421 0.712589073634204 323.093256671481
0.435 -3.90804597701149 319.18521069447
0.465 -11.8279569892473 307.357253705223
0.442 4.52488687782805 311.882140583051
0.429 7.69230769230769 319.574448275358
0.452 11.9469026548673 331.521350930226
0.471 -3.60934182590234 327.912009104323
0.489 9.20245398773006 337.114463092053
0.404 5.94059405940594 343.055057151459
0.445 -5.61797752808989 337.437079623369
0.407 8.5995085995086 346.036588222878
0.438 0.91324200913242 346.94983023201
0.43 11.6279069767442 358.577737208755
0.438 -14.1552511415525 344.422486067202
0.429 -8.62470862470862 335.797777442493
0.447 -1.56599552572707 334.231781916766
0.428 -5.14018691588785 329.091595000879
0.452 -5.75221238938053 323.339382611498
0.461 -6.29067245119306 317.048710160305
0.496 -11.2903225806452 305.75838757966
0.489 -10.4294478527607 295.328939726899
0.484 -2.89256198347107 292.436377743428
0.426 -0.938967136150235 291.497410607278
0.421 -8.78859857482185 282.708812032456
0.459 -1.08932461873638 281.61948741372
0.539 -5.75139146567718 275.868095948042
0.452 0.442477876106195 276.310573824149
0.489 1.43149284253579 277.742066666684
0.458 -9.17030567685589 268.571760989828
0.434 -13.8248847926267 254.746876197202
0.455 -6.37362637362637 248.373249823575
0.446 12.1076233183857 260.480873141961
0.391 -8.43989769820972 252.040975443751
0.449 -7.34966592427617 244.691309519475
0.404 -1.98019801980198 242.711111499673
0.394 -13.7055837563452 229.005527743328
0.471 -12.5265392781316 216.478988465196
0.458 -0.873362445414847 215.605626019781
0.468 -7.26495726495726 208.340668754824
0.44 -9.54545454545454 198.79521420937
0.443 -9.25507900677201 189.540135202598
0.476 -0.420168067226891 189.119967135371
0.463 -6.26349892008639 182.856468215284
0.47 -6.38297872340426 176.47348949188
0.446 -5.82959641255605 170.643893079324
0.423 2.60047281323877 173.244365892563
0.487 1.43737166324435 174.681737555807
0.466 -7.72532188841202 166.956415667395
0.465 -11.8279569892473 155.128458678148
0.476 -7.56302521008403 147.565433468064
0.459 -5.01089324618736 142.554540221876
0.476 -13.4453781512605 129.109162070616
0.448 -7.58928571428571 121.51987635633
0.5 6.4 127.91987635633
0.453 3.3112582781457 131.231134634476
0.476 3.36134453781513 134.592479172291
0.465 -4.94623655913978 129.646242613151
0.481 8.10810810810811 137.754350721259
0.461 -12.3644251626898 125.38992555857
0.445 -6.06741573033708 119.322509828232
0.46 -9.1304347826087 110.192075045624
0.494 -4.45344129554656 105.738633750077
0.537 13.9664804469274 119.705114197005
0.536 14.1791044776119 133.884218674617
0.539 12.430426716141 146.314645390758
0.494 8.50202429149798 154.816669682256
0.451 0.221729490022173 155.038399172278
0.463 2.80777537796976 157.846174550247
0.51 0.784313725490196 158.630488275738
0.459 -9.80392156862745 148.82656670711
0.481 0.623700623700624 149.450267330811
0.509 2.16110019646365 151.611367527274
0.449 -4.67706013363029 146.934307393644
0.485 0.618556701030928 147.552864094675
0.489 -8.79345603271984 138.759408061955
0.48 -5 133.759408061955
0.43 -5.11627906976744 128.643128992188
0.457 -8.53391684901532 120.109212143173
0.492 -6.91056910569106 113.198643037481
0.444 -3.6036036036036 109.595039433878
0.458 -6.11353711790393 103.481502315974
0.452 -10.6194690265487 92.8620332894253
0.423 10.1654846335697 103.027517922995
0.482 -7.46887966804979 95.5586382549452
0.41 -9.75609756097561 85.8025406939696
0.455 -5.93406593406593 79.8684747599037
0.455 -12.0879120879121 67.7805626719916
0.447 -15.4362416107383 52.3443210612533
0.469 -12.5799573560768 39.7643637051766
0.456 -8.7719298245614 30.9924338806152
0.471 -11.2526539278132 19.739779952802
0.513 -13.4502923976608 6.28948755514119
0.493 -3.85395537525355 2.43553217988764
0.428 9.34579439252336 11.781326572411
0.422 -17.5355450236967 -5.75421845128568
0.456 -1.75438596491228 -7.50860441619796
0.474 -9.70464135021097 -17.2132457664089
0.44 -2.27272727272727 -19.4859730391362
0.389 -11.0539845758355 -30.5399576149717
0.381 14.9606299212598 -15.5793276937118
0.458 -7.86026200873362 -23.4395897024455
0.511 -0.978473581213307 -24.4180632836588
0.447 4.25055928411633 -20.1675039995424
0.416 -4.32692307692308 -24.4944270764655
0.448 -8.03571428571429 -32.5301413621798
0.424 -3.77358490566038 -36.3037262678402
0.409 -10.0244498777506 -46.3281761455908
0.419 -5.48926014319809 -51.8174362887889
0.444 -5.40540540540541 -57.2228416941943
0.449 -10.022271714922 -67.2451134091163
0.382 1.57068062827225 -65.6744327808441
0.42 -10.952380952381 -76.626813733225
0.44 -17.2727272727273 -93.8995410059523
0.444 -22.0720720720721 -115.971613078024
0.397 -14.3576826196474 -130.329295697672
0.435 -20 -150.329295697672
0.417 -15.1079136690647 -165.437209366736
0.375 -5.6 -171.037209366736
0.393 -2.79898218829517 -173.836191555032
0.483 -13.0434782608696 -186.879669815901
0.454 -14.0969162995595 -200.976586115461
0.475 -7.78947368421053 -208.766059799671
0.411 -13.38199513382 -222.148054933491
0.464 -7.32758620689655 -229.475641140388
0.406 -7.38916256157635 -236.864803701964
0.436 -13.302752293578 -250.167555995542
0.453 -15.673289183223 -265.840845178765
0.481 -13.5135135135135 -279.354358692279
0.476 -9.66386554621849 -289.018224238497
0.472 -4.66101694915254 -293.67924118765
0.459 -3.7037037037037 -297.382944891353
0.478 -19.2468619246862 -316.629806816039
0.466 -3.00429184549356 -319.634098661533
0.473 -13.3192389006343 -332.953337562167
0.439 -16.1731207289294 -349.126458291097
0.392 -21.9387755102041 -371.065233801301
0.435 -11.264367816092 -382.329601617393
0.477 -7.33752620545073 -389.667127822843
0.483 -7.2463768115942 -396.913504634438
0.507 -3.74753451676529 -400.661039151203
0.47 -11.063829787234 -411.724868938437
0.432 -5.09259259259259 -416.81746153103
0.415 -7.46987951807229 -424.287341049102
0.418 -6.2200956937799 -430.507436742882
0.425 -9.64705882352941 -440.154495566411
0.5 -8 -448.154495566411
0.492 -12.6016260162602 -460.756121582671
0.467 0.214132762312634 -460.541988820359
0.476 6.30252100840336 -454.239467811955
0.448 -13.3928571428571 -467.632324954812
0.473 -7.39957716701903 -475.031902121831
0.461 -14.9674620390456 -489.999364160877
0.469 -9.16844349680171 -499.167807657679
0.469 -16.8443496801706 -516.012157337849
0.458 -12.6637554585153 -528.675912796365
0.48 -5.41666666666667 -534.092579463031
0.47 -12.7659574468085 -546.85853690984
0.466 -12.4463519313305 -559.30488884117
0.488 -11.8852459016393 -571.19013474281
0.492 -13.0081300813008 -584.19826482411
0.451 -5.09977827050998 -589.29804309462
0.436 5.04587155963303 -584.252171534987
0.422 -18.957345971564 -603.209517506551
0.407 -6.63390663390663 -609.843424140458
0.411 4.62287104622871 -605.220553094229
0.404 -1.98019801980198 -607.200751114031
0.481 3.53430353430353 -603.666447579728
0.472 -8.05084745762712 -611.717295037355
0.473 -8.66807610993657 -620.385371147291
0.5 -8 -628.385371147291
0.493 -13.9959432048682 -642.38131435216
0.432 -11.5740740740741 -653.955388426234
0.456 -11.8421052631579 -665.797493689392
0.477 -7.33752620545073 -673.135019894842
0.474 -9.70464135021097 -682.839661245053
0.468 -5.98290598290598 -688.822567227959
0.483 0.62111801242236 -688.201449215537
0.487 -2.25872689938398 -690.460176114921
0.446 -18.3856502242152 -708.845826339136
0.474 -8.86075949367089 -717.706585832807
0.437 -1.1441647597254 -718.850750592532
0.439 -13.4396355353075 -732.29038612784
0.413 -4.11622276029056 -736.40660888813
0.47 -16.1702127659574 -752.576821654088
0.468 -16.2393162393162 -768.816137893404
0.437 -5.720823798627 -774.536961692031
0.423 -17.25768321513 -791.794644907161
0.452 -5.75221238938053 -797.546857296542
0.475 -4 -801.546857296542
0.452 -7.9646017699115 -809.511459066453
0.466 -9.01287553648069 -818.524334602934
0.451 -15.7427937915743 -834.267128394508
0.467 -2.78372591006424 -837.050854304572
0.485 -14.639175257732 -851.690029562304
0.458 -6.55021834061135 -858.240247902916
0.465 -1.93548387096774 -860.175731773883
0.48 -4.58333333333333 -864.759065107217
0.414 -14.4927536231884 -879.251818730405
0.487 -10.4722792607803 -889.724097991185
0.49 -5.71428571428571 -895.438383705471
0.484 -0.413223140495868 -895.851606845967
0.466 -6.00858369098712 -901.860190536954
0.452 -5.75221238938053 -907.612402926335
0.43 -14.8837209302326 -922.496123856567
0.44 -14.0909090909091 -936.587032947476
0.448 -17.8571428571429 -954.444175804619
0.466 -5.5793991416309 -960.02357494625
0.451 -11.7516629711752 -971.775237917425
0.485 -3.50515463917526 -975.280392556601
0.46 -3.91304347826087 -979.193436034861
0.439 -12.5284738041002 -991.721909838962
0.441 -11.5646258503401 -1003.2865356893
0.463 -12.3110151187905 -1015.59755080809
0.444 -7.65765765765766 -1023.25520846575
0.453 -8.60927152317881 -1031.86447998893
0.483 -17.184265010352 -1049.04874499928
0.469 -17.6972281449893 -1066.74597314427
0.431 -14.15313225058 -1080.89910539485
0.471 -18.0467091295117 -1098.94581452436
0.473 -7.39957716701903 -1106.34539169138
0.469 -10.4477611940299 -1116.79315288541
0.414 -4.83091787439614 -1121.62407075981
0.445 6.06741573033708 -1115.55665502947
0.51 -13.7254901960784 -1129.28214522555
0.476 -11.7647058823529 -1141.0468511079
0.421 -11.1638954869359 -1152.21074659484
0.514 11.284046692607 -1140.92669990223
0.504 9.12698412698413 -1131.79971577525
0.493 3.85395537525355 -1127.94576039999
0.464 0.431034482758621 -1127.51472591723
0.451 -6.87361419068736 -1134.38834010792
0.484 1.2396694214876 -1133.14867068643
0.473 -4.86257928118393 -1138.01124996762
0.464 -10.3448275862069 -1148.35607755382
0.466 -11.1587982832618 -1159.51487583709
0.483 -6.00414078674948 -1165.51901662384
0.503 -10.934393638171 -1176.45341026201
0.474 -14.3459915611814 -1190.79940182319
0.476 -15.546218487395 -1206.34562031058
0.444 -0.45045045045045 -1206.79607076103
0.442 -6.78733031674208 -1213.58340107778
0.517 -4.83558994197292 -1218.41899101975
0.497 -17.102615694165 -1235.52160671391
0.46 -9.1304347826087 -1244.65204149652
0.48 -10.8333333333333 -1255.48537482986
0.451 -12.1951219512195 -1267.68049678107
0.476 -4.6218487394958 -1272.30234552057
0.424 -4.24528301886792 -1276.54762853944
0.425 3.05882352941176 -1273.48880501003
0.438 5.02283105022831 -1268.4659739598
0.481 -8.93970893970894 -1277.40568289951
0.459 -4.13943355119826 -1281.54511645071
0.465 -1.50537634408602 -1283.05049279479
0.426 -7.04225352112676 -1290.09274631592
0.469 -18.1236673773987 -1308.21641369332
0.406 -16.7487684729064 -1324.96518216622
0.467 -11.3490364025696 -1336.31421856879
0.426 -9.85915492957746 -1346.17337349837
0.454 -8.37004405286344 -1354.54341755123
0.446 -14.7982062780269 -1369.34162382926
0.396 6.06060606060606 -1363.28101776865
0.442 -9.04977375565611 -1372.33079152431
0.435 -15.8620689655172 -1388.19286048983
0.402 -10.9452736318408 -1399.13813412167
0.364 10.989010989011 -1388.14912313266
0.409 -5.13447432762836 -1393.28359746029
0.381 -13.9107611548556 -1407.19435861514
0.429 -15.6177156177156 -1422.81207423286
0.428 -23.3644859813084 -1446.17656021417
0.409 -1.22249388753056 -1447.3990541017
0.397 -10.3274559193955 -1457.72651002109
0.38 -10.5263157894737 -1468.25282581057
0.387 -16.2790697674419 -1484.53189557801
0.365 -23.2876712328767 -1507.81956681088
0.36 -17.2222222222222 -1525.04178903311
0.372 -9.13978494623656 -1534.18157397934
0.424 0 -1534.18157397934
0.453 -3.3112582781457 -1537.49283225749
0.494 5.26315789473684 -1532.22967436275
0.451 -8.2039911308204 -1540.43366549357
0.503 -16.10337972167 -1556.53704521524
0.479 -8.1419624217119 -1564.67900763695
0.466 -7.29613733905579 -1571.97514497601
0.422 -3.3175355450237 -1575.29268052103
0.477 -3.9832285115304 -1579.27590903256
0.519 6.74373795761079 -1572.53217107495
0.451 -1.99556541019956 -1574.52773648515
0.494 1.21457489878543 -1573.31316158637
0.492 -2.4390243902439 -1575.75218597661
0.44 -10.9090909090909 -1586.6612768857
0.435 -14.9425287356322 -1601.60380562133
0.447 -9.17225950782998 -1610.77606512916
0.453 -7.72626931567329 -1618.50233444484
0.445 -14.6067415730337 -1633.10907601787
0.464 -4.74137931034483 -1637.85045532822
0.398 -13.5678391959799 -1651.4182945242
0.469 1.06609808102345 -1650.35219644317
0.463 -4.96760259179266 -1655.31979903497
0.45 -15.1111111111111 -1670.43091014608
0.442 -6.33484162895928 -1676.76575177504
0.438 -14.1552511415525 -1690.92100291659
0.449 -8.24053452115813 -1699.16153743775
0.412 -9.22330097087379 -1708.38483840862
0.477 -11.9496855345912 -1720.33452394321
0.487 -4.31211498973306 -1724.64663893294
0.487 -6.77618069815195 -1731.4228196311
0.443 -12.4153498871332 -1743.83816951823
0.436 -19.2660550458716 -1763.1042245641
0.425 -9.64705882352941 -1772.75128338763
0.453 -5.96026490066225 -1778.71154828829
0.426 -8.92018779342723 -1787.63173608172
0.457 -13.7855579868709 -1801.41729406859
0.413 -2.17917675544794 -1803.59647082404
0.453 -6.40176600441501 -1809.99823682845
0.403 -10.1736972704715 -1820.17193409893
0.482 -1.2448132780083 -1821.41674737693
0.436 -11.9266055045872 -1833.34335288152
0.445 -8.31460674157303 -1841.65795962309
0.436 -5.04587155963303 -1846.70383118273
0.462 -5.19480519480519 -1851.89863637753
0.457 -0.656455142231947 -1852.55509151976
0.467 -11.3490364025696 -1863.90412792233
0.46 -13.4782608695652 -1877.3823887919
0.489 1.84049079754601 -1875.54189799435
0.446 -9.86547085201794 -1885.40736884637
0.438 -7.76255707762557 -1893.169925924
0.476 -5.04201680672269 -1898.21194273072
0.44 -1.81818181818182 -1900.0301245489
0.445 -7.86516853932584 -1907.89529308823
0.47 -5.1063829787234 -1913.00167606695
0.445 -3.82022471910112 -1916.82190078605
0.46 -15.6521739130435 -1932.47407469909
0.446 -1.79372197309417 -1934.26779667219
0.415 -13.2530120481928 -1947.52080872038
0.465 -7.95698924731183 -1955.47779796769
0.441 2.04081632653061 -1953.43698164116
0.429 -10.02331002331 -1963.46029166447
0.457 -1.09409190371991 -1964.55438356819
0.48 -2.5 -1967.05438356819
0.474 -4.21940928270042 -1971.27379285089
0.442 -12.6696832579186 -1983.94347610881
0.436 -0.458715596330275 -1984.40219170514
0.504 1.58730158730159 -1982.81489011784
0.469 -6.18336886993603 -1988.99825898778
0.46 -15.2173913043478 -2004.21565029212
0.488 -2.45901639344262 -2006.67466668557
0.462 -2.5974025974026 -2009.27206928297
0.447 -0.671140939597315 -2009.94321022257
0.491 -3.05498981670061 -2012.99820003927
0.496 3.2258064516129 -2009.77239358765
0.471 -2.33545647558386 -2012.10785006324
0.454 -1.3215859030837 -2013.42943596632
0.489 5.93047034764826 -2007.49896561867
0.46 -0.434782608695652 -2007.93374822737
0.505 -5.74257425742574 -2013.6763224848
0.465 -4.08602150537634 -2017.76234399017
0.438 -7.30593607305936 -2025.06828006323
0.429 -15.1515151515152 -2040.21979521475
0.451 -9.53436807095344 -2049.7541632857
0.459 -11.5468409586057 -2061.30100424431
0.456 -14.9122807017544 -2076.21328494606
0.526 -1.90114068441065 -2078.11442563047
0.515 -14.9514563106796 -2093.06588194115
0.473 -8.24524312896406 -2101.31112507011
0.452 -17.2566371681416 -2118.56776223826
0.442 -4.52488687782805 -2123.09264911608
0.457 -13.7855579868709 -2136.87820710295
0.455 -21.7582417582418 -2158.6364488612
0.493 -18.4584178498986 -2177.09486671109
0.478 -13.8075313807531 -2190.90239809185
0.487 -3.08008213552361 -2193.98248022737
0.531 7.72128060263653 -2186.26119962474
0.538 1.11524163568773 -2185.14595798905
0.475 2.73684210526316 -2182.40911588378
0.466 -7.29613733905579 -2189.70525322284
0.492 4.8780487804878 -2184.82720444235
0.409 -20.2933985330073 -2205.12060297536
0.488 -14.7540983606557 -2219.87470133602
0.462 -0.865800865800866 -2220.74050220182
0.504 -1.98412698412698 -2222.72462918594
0.467 -1.9271948608137 -2224.65182404676
0.476 -5.46218487394958 -2230.11400892071
0.439 -6.60592255125285 -2236.71993147196
0.469 -7.88912579957356 -2244.60905727153
0.448 -1.33928571428571 -2245.94834298582
0.425 -9.64705882352941 -2255.59540180935
0.471 -6.15711252653928 -2261.75251433589
0.444 -8.10810810810811 -2269.860622444
0.461 -8.89370932754881 -2278.75433177154
0.464 -15.0862068965517 -2293.8405386681
0.47 -15.7446808510638 -2309.58521951916
0.477 -9.43396226415094 -2319.01918178331
0.488 -15.1639344262295 -2334.18311620954
0.456 -4.3859649122807 -2338.56908112182
0.478 -12.1338912133891 -2350.70297233521
0.5 -12.8 -2363.50297233521
0.481 -12.2661122661123 -2375.76908460132
0.475 -8.21052631578947 -2383.97961091711
0.441 -7.93650793650794 -2391.91611885362
0.457 -8.53391684901532 -2400.45003570263
0.472 -15.2542372881356 -2415.70427299077
0.442 -14.4796380090498 -2430.18391099982
0.432 -3.7037037037037 -2433.88761470352
0.478 -2.09205020920502 -2435.97966491273
0.45 -7.55555555555556 -2443.53522046828
0.462 -11.6883116883117 -2455.2235321566
0.49 -17.1428571428571 -2472.36638929945
0.498 -12.85140562249 -2485.21779492194
0.469 -1.49253731343284 -2486.71033223538
0.48 -8.33333333333333 -2495.04366556871
0.478 -11.7154811715481 -2506.75914674026
0.496 -12.5 -2519.25914674026
0.45 -2.66666666666667 -2521.92581340692
0.475 -9.89473684210526 -2531.82055024903
0.492 4.0650406504065 -2527.75550959862
0.468 -4.27350427350427 -2532.02901387213
0.506 -0.790513833992095 -2532.81952770612
0.472 -5.08474576271186 -2537.90427346883
0.48 -4.58333333333333 -2542.48760680216
0.533 -11.0694183864916 -2553.55702518866
0.51 -9.80392156862745 -2563.36094675728
0.461 -1.95227765726681 -2565.31322441455
0.486 -2.88065843621399 -2568.19388285076
0.453 -2.86975717439294 -2571.06364002516
0.388 7.21649484536082 -2563.8471451798
0.494 3.64372469635628 -2560.20342048344
0.472 11.0169491525424 -2549.1864713309
0.417 -4.55635491606715 -2553.74282624697
0.372 9.67741935483871 -2544.06540689213
0.417 14.6282973621103 -2529.43710953002
0.42 7.61904761904762 -2521.81806191097
0.432 -1.38888888888889 -2523.20695079986
0.434 -5.06912442396313 -2528.27607522382
0.426 -0.469483568075117 -2528.7455587919
0.438 -9.1324200913242 -2537.87797888322
0.406 0.985221674876847 -2536.89275720834
0.406 6.40394088669951 -2530.48881632164
0.427 -0.234192037470726 -2530.72300835911
0.337 -11.5727002967359 -2542.29570865585
0.306 -16.3398692810458 -2558.6355779369
0.316 -6.9620253164557 -2565.59760325335
0.375 -8.8 -2574.39760325335
0.459 -3.26797385620915 -2577.66557710956
0.407 -19.4103194103194 -2597.07589651988
0.429 -13.7529137529138 -2610.82881027279
0.498 7.63052208835341 -2603.19828818444
0.447 -7.82997762863535 -2611.02826581308
0.41 -0.48780487804878 -2611.51607069112
0.456 -1.31578947368421 -2612.83186016481
0.448 -10.7142857142857 -2623.54614587909
0.487 -1.84804928131417 -2625.39419516041
0.486 -2.05761316872428 -2627.45180832913
0.461 -9.76138828633406 -2637.21319661547
0.419 -5.96658711217184 -2643.17978372764
0.468 -18.8034188034188 -2661.98320253106
0.432 -5.55555555555556 -2667.53875808661
0.506 1.58102766798419 -2665.95773041863
0.484 0 -2665.95773041863
0.463 -4.1036717062635 -2670.06140212489
0.485 -3.91752577319588 -2673.97892789809
0.451 -5.98669623059867 -2679.96562412869
0.462 -15.1515151515152 -2695.1171392802
0.457 -4.15754923413567 -2699.27468851434
0.49 -11.4285714285714 -2710.70325994291
0.448 -13.8392857142857 -2724.54254565719
0.466 -1.28755364806867 -2725.83009930526
0.451 -10.8647450110865 -2736.69484431635
0.444 -11.2612612612613 -2747.95610557761
0.467 -8.77944325481799 -2756.73554883243
0.457 -13.7855579868709 -2770.5211068193
0.49 -4.48979591836735 -2775.01090273767
0.428 -7.94392523364486 -2782.95482797131
0.482 -12.448132780083 -2795.4029607514
0.445 -6.96629213483146 -2802.36925288623
0.517 0.193423597678917 -2802.17582928855
0.505 4.15841584158416 -2798.01741344696
0.444 -14.8648648648649 -2812.88227831183
0.398 -13.5678391959799 -2826.45011750781
0.42 -7.61904761904762 -2834.06916512686
0.448 -4.01785714285714 -2838.08702226971
0.421 -12.1140142517815 -2850.20103652149
0.387 -22.4806201550388 -2872.68165667653
0.419 -5.96658711217184 -2878.64824378871
0.445 -13.7078651685393 -2892.35610895724
0.479 -12.3173277661795 -2904.67343672342
0.481 -1.87110187110187 -2906.54453859453
0.45 -0.888888888888889 -2907.43342748342
0.406 -17.2413793103448 -2924.67480679376
0.372 -11.8279569892473 -2936.50276378301
0.409 -16.3814180929095 -2952.88418187592
0.492 -0.40650406504065 -2953.29068594096
0.474 -5.48523206751055 -2958.77591800847
0.435 -5.28735632183908 -2964.06327433031
0.481 -6.44490644490644 -2970.50818077521
0.443 0.225733634311512 -2970.2824471409
0.487 0.616016427104723 -2969.6664307138
0.452 -9.73451327433628 -2979.40094398813
0.496 -10.8870967741935 -2990.28804076233
0.503 2.18687872763419 -2988.10116203469
0.475 -6.52631578947368 -2994.62747782417
0.445 -8.76404494382022 -3003.39152276799
0.437 -3.89016018306636 -3007.28168295105
0.451 -17.960088691796 -3025.24177164285
0.471 -4.45859872611465 -3029.70037036896
0.476 -1.68067226890756 -3031.38104263787
0.515 -7.18446601941748 -3038.56550865729
0.467 -1.49892933618844 -3040.06443799348
0.47 -2.97872340425532 -3043.04316139773
0.433 -2.07852193995381 -3045.12168333769
0.429 -1.16550116550117 -3046.28718450319
0.473 10.3594080338266 -3035.92777646936
0.493 5.47667342799189 -3030.45110304137
0.483 0.62111801242236 -3029.82998502895
0.514 -2.72373540856031 -3032.55372043751
0.494 -8.09716599190283 -3040.65088642941
0.462 -9.09090909090909 -3049.74179552032
0.53 -14.7169811320755 -3064.45877665239
0.472 -13.135593220339 -3077.59436987273
0.471 -3.18471337579618 -3080.77908324853
0.408 6.86274509803922 -3073.91633815049
0.399 2.25563909774436 -3071.66069905275
0.445 -4.26966292134831 -3075.93036197409
0.474 -9.70464135021097 -3085.63500332431
0.5 -11.6 -3097.23500332431
0.492 0.813008130081301 -3096.42199519422
0.399 -17.7944862155388 -3114.21648140976
0.43 -9.76744186046512 -3123.98392327023
0.488 -2.45901639344262 -3126.44293966367
0.49 -8.57142857142857 -3135.0143682351
0.47 -5.53191489361702 -3140.54628312872
0.472 -7.6271186440678 -3148.17340177278
0.488 -7.37704918032787 -3155.55045095311
0.476 -5.46218487394958 -3161.01263582706
0.424 3.30188679245283 -3157.71074903461
0.467 -9.20770877944326 -3166.91845781405
0.467 -1.07066381156317 -3167.98912162562
0.44 -5.45454545454545 -3173.44366708016
0.456 -16.2280701754386 -3189.6717372556
0.444 6.30630630630631 -3183.36543094929
0.431 1.16009280742459 -3182.20533814187
0.467 -9.20770877944326 -3191.41304692131
0.433 -11.3163972286374 -3202.72944414995
0.419 -5.01193317422434 -3207.74137732417
0.47 5.1063829787234 -3202.63499434545
0.437 -2.97482837528604 -3205.60982272074
0.453 -7.72626931567329 -3213.33609203641
0.465 9.24731182795699 -3204.08878020845
0.495 4.24242424242424 -3199.84635596603
0.477 0.628930817610063 -3199.21742514842
0.43 -8.37209302325581 -3207.58951817167
0.45 -17.7777777777778 -3225.36729594945
0.415 -4.09638554216868 -3229.46368149162
0.394 -4.56852791878173 -3234.0322094104
0.465 -8.38709677419355 -3242.4193061846
0.467 0.642398286937901 -3241.77690789766
0.45 -4 -3245.77690789766
0.465 -10.1075268817204 -3255.88443477938
0.449 -14.4766146993318 -3270.36104947871
0.482 -7.46887966804979 -3277.82992914676
0.429 -6.29370629370629 -3284.12363544047
0.451 -9.09090909090909 -3293.21454453137
0.442 -9.50226244343891 -3302.71680697481
0.421 -14.9643705463183 -3317.68117752113
0.408 -2.94117647058824 -3320.62235399172
0.433 -9.00692840646651 -3329.62928239819
0.455 -4.17582417582418 -3333.80510657401
0.399 -3.7593984962406 -3337.56450507025
0.412 -6.79611650485437 -3344.36062157511
0.441 -7.48299319727891 -3351.84361477239
0.442 -3.61990950226244 -3355.46352427465
0.472 -1.27118644067797 -3356.73471071533
0.467 8.77944325481799 -3347.95526746051
0.425 -10.1176470588235 -3358.07291451933
0.436 -9.1743119266055 -3367.24722644594
0.431 -0.696055684454756 -3367.94328213039
0.492 -4.0650406504065 -3372.0083227808
0.449 -8.24053452115813 -3380.24885730196
0.451 -9.97782705099778 -3390.22668435295
0.498 -16.4658634538153 -3406.69254780677
0.451 -1.10864745011086 -3407.80119525688
0.43 -2.7906976744186 -3410.5918929313
0.471 -12.1019108280255 -3422.69380375932
0.486 -8.23045267489712 -3430.92425643422
0.388 -4.12371134020619 -3435.04796777443
0.438 -5.02283105022831 -3440.07079882466
0.426 -2.34741784037559 -3442.41821666503
0.455 5.93406593406593 -3436.48415073096
0.471 -4.88322717622081 -3441.36737790719
0.474 -1.26582278481013 -3442.633200692
0.457 4.59518599562363 -3438.03801469637
0.45 1.77777777777778 -3436.26023691859
0.54 -8.51851851851852 -3444.77875543711
0.439 0.227790432801822 -3444.55096500431
0.424 0.471698113207547 -3444.0792668911
0.47 -11.4893617021277 -3455.56862859323
0.437 0.22883295194508 -3455.33979564129
0.533 12.9455909943715 -3442.39420464691
0.454 8.37004405286344 -3434.02416059405
0.441 2.49433106575964 -3431.52982952829
0.443 -5.64334085778781 -3437.17317038608
0.468 -3.41880341880342 -3440.59197380488
0.468 -1.28205128205128 -3441.87402508693
0.437 -2.97482837528604 -3444.84885346222
0.478 -4.18410041841004 -3449.03295388063
0.482 2.9045643153527 -3446.12838956528
0.438 5.93607305936073 -3440.19231650592
0.477 3.56394129979036 -3436.62837520613
0.459 3.26797385620915 -3433.36040134992
0.485 -7.62886597938144 -3440.9892673293
0.439 -2.50569476082005 -3443.49496209012
0.452 1.76991150442478 -3441.72505058569
0.436 -5.04587155963303 -3446.77092214533
0.499 0.601202404809619 -3446.16971974052
0.504 -7.53968253968254 -3453.7094022802
0.474 -7.59493670886076 -3461.30433898906
0.472 -2.11864406779661 -3463.42298305686
0.453 0.22075055187638 -3463.20223250498
0.458 -4.80349344978166 -3468.00572595476
0.476 -1.26050420168067 -3469.26623015644
0.483 -5.175983436853 -3474.4422135933
0.504 8.33333333333333 -3466.10888025996
0.488 5.73770491803279 -3460.37117534193
0.48 0 -3460.37117534193
0.501 2.9940119760479 -3457.37716336588
0.432 0 -3457.37716336588
0.515 -2.52427184466019 -3459.90143521054
0.46 -7.82608695652174 -3467.72752216706
0.492 -1.6260162601626 -3469.35353842723
0.446 -1.34529147982063 -3470.69882990705
0.449 0.66815144766147 -3470.03067845939
0.39 -1.53846153846154 -3471.56913999785
0.44 3.63636363636364 -3467.93277636148
0.445 -2.02247191011236 -3469.9552482716
0.455 1.53846153846154 -3468.41678673313
0.438 0 -3468.41678673313
0.487 0.205338809034908 -3468.2114479241
0.443 5.19187358916479 -3463.01957433493
0.476 14.7058823529412 -3448.31369198199
0.5 8.8 -3439.51369198199
0.466 4.72103004291846 -3434.79266193908
0.481 5.1975051975052 -3429.59515674157
0.458 -2.18340611353712 -3431.77856285511
0.466 -0.858369098712446 -3432.63693195382
0.485 16.2886597938144 -3416.34827216001
0.443 2.48306997742664 -3413.86520218258
0.475 5.68421052631579 -3408.18099165626
0.478 0.836820083682008 -3407.34417157258
0.434 -5.52995391705069 -3412.87412548963
0.431 -1.16009280742459 -3414.03421829706
0.466 3.00429184549356 -3411.02992645156
0.434 3.2258064516129 -3407.80411999995
0.501 6.58682634730539 -3401.21729365264
0.448 6.25 -3394.96729365264
0.445 -1.57303370786517 -3396.54032736051
0.46 10.8695652173913 -3385.67076214312
0.492 -1.21951219512195 -3386.89027433824
0.488 14.7540983606557 -3372.13617597758
0.442 5.42986425339367 -3366.70631172419
0.471 4.45859872611465 -3362.24771299808
0.473 -2.32558139534884 -3364.57329439342
0.477 1.88679245283019 -3362.68650194059
0.48 10 -3352.68650194059
0.453 3.3112582781457 -3349.37524366245
0.451 1.99556541019956 -3347.37967825225
0.548 -8.75912408759124 -3356.13880233984
0.49 0.408163265306122 -3355.73063907453
0.479 0.626304801670146 -3355.10433427286
0.489 5.52147239263804 -3349.58286188023
0.488 6.55737704918033 -3343.02548483105
0.336 13.6904761904762 -3329.33500864057
0.472 10.5932203389831 -3318.74178830159
0.495 4.64646464646465 -3314.09532365512
0.373 -1.34048257372654 -3315.43580622885
0.512 -1.5625 -3316.99830622885
0.483 9.3167701863354 -3307.68153604251
0.413 1.21065375302663 -3306.47088228949
0.481 -1.03950103950104 -3307.51038332899
0.48 -1.66666666666667 -3309.17704999565
0.425 13.8823529411765 -3295.29469705448
0.454 10.5726872246696 -3284.72200982981
0.47 17.4468085106383 -3267.27520131917
0.487 8.0082135523614 -3259.26698776681
0.44 12.7272727272727 -3246.53971503954
0.43 5.11627906976744 -3241.42343596977
0.453 17.439293598234 -3223.98414237153
0.455 15.6043956043956 -3208.37974676714
0.408 10.2941176470588 -3198.08562912008
0.417 7.9136690647482 -3190.17196005533
0.409 6.60146699266504 -3183.57049306267
0.457 4.15754923413567 -3179.41294382853
0.409 4.15647921760391 -3175.25646461093
0.434 3.68663594470046 -3171.56982866623
0.466 12.8755364806867 -3158.69429218554
0.455 8.57142857142857 -3150.12286361411
0.446 14.7982062780269 -3135.32465733608
0.464 8.18965517241379 -3127.13500216367
0.466 19.7424892703863 -3107.39251289328
0.431 4.87238979118329 -3102.5201231021
0.448 15.625 -3086.8951231021
0.44 5 -3081.8951231021
0.452 6.63716814159292 -3075.25795496051
0.487 16.2217659137577 -3059.03618904675
0.51 10.1960784313725 -3048.84011061538
0.52 12.3076923076923 -3036.53241830769
0.496 16.5322580645161 -3020.00016024317
0.484 14.0495867768595 -3005.95057346631
0.463 3.23974082073434 -3002.71083264558
0.476 -0.420168067226891 -3003.1310007128
0.484 5.37190082644628 -2997.75909988636
0.486 -2.05761316872428 -2999.81671305508
0.463 2.80777537796976 -2997.00893767711
0.465 0.645161290322581 -2996.36377638679
0.48 5.41666666666667 -2990.94710972012
0.469 -3.62473347547974 -2994.5718431956
0.465 5.80645161290323 -2988.7653915827
0.451 16.1862527716186 -2972.57913881108
0.468 12.3931623931624 -2960.18597641792
0.499 -1.40280561122244 -2961.58878202914
0.462 15.1515151515152 -2946.43726687762
0.435 9.88505747126437 -2936.55220940636
0.452 5.75221238938053 -2930.79999701698
0.465 10.1075268817204 -2920.69247013526
0.487 10.0616016427105 -2910.63086849255
0.476 3.36134453781513 -2907.26952395473
0.446 -6.2780269058296 -2913.54755086056
0.403 13.151364764268 -2900.39618609629
0.365 25.4794520547945 -2874.9167340415
0.402 21.8905472636816 -2853.02618677782
0.426 18.3098591549296 -2834.71632762289
0.356 12.3595505617978 -2822.35677706109
0.399 21.8045112781955 -2800.5522657829
0.401 22.1945137157107 -2778.35775206719
0.404 11.8811881188119 -2766.47656394837
0.448 22.3214285714286 -2744.15513537695
0.489 6.33946830265849 -2737.81566707429
0.506 6.71936758893281 -2731.09629948535
0.465 -1.50537634408602 -2732.60167582944
0.444 20.2702702702703 -2712.33140555917
0.435 14.0229885057471 -2698.30841705342
0.471 15.4989384288747 -2682.80947862455
0.439 -0.683371298405467 -2683.49284992295
0.481 -0.207900207900208 -2683.70075013085
0.452 -2.21238938053097 -2685.91313951138
0.477 1.46750524109015 -2684.44563427029
0.452 4.86725663716814 -2679.57837763313
0.431 11.8329466357309 -2667.7454309974
0.52 3.84615384615385 -2663.89927715124
0.526 4.56273764258555 -2659.33653950866
0.475 3.57894736842105 -2655.75759214023
0.439 3.87243735763098 -2651.8851547826
0.47 15.7446808510638 -2636.14047393154
0.454 -0.440528634361233 -2636.5810025659
0.461 9.32754880694143 -2627.25345375896
0.455 3.2967032967033 -2623.95675046226
0.461 3.68763557483731 -2620.26911488742
0.464 3.44827586206897 -2616.82083902535
0.446 12.5560538116592 -2604.26478521369
0.471 18.895966029724 -2585.36881918397
0.477 7.75681341719078 -2577.61200576678
0.439 14.3507972665148 -2563.26120850026
0.432 6.01851851851852 -2557.24268998174
0.462 11.2554112554113 -2545.98727872633
0.443 4.28893905191874 -2541.69833967441
0.483 9.73084886128364 -2531.96749081313
0.448 3.57142857142857 -2528.3960622417
0.437 3.4324942791762 -2524.96356796252
0.414 24.1545893719807 -2500.80897859054
0.446 8.96860986547085 -2491.84036872507
0.422 10.9004739336493 -2480.93989479142
0.483 15.1138716356108 -2465.82602315581
0.462 6.06060606060606 -2459.76541709521
0.436 15.1376146788991 -2444.62780241631
0.447 5.14541387024609 -2439.48238854606
0.452 18.141592920354 -2421.34079562571
0.44 4.54545454545455 -2416.79534108025
0.404 15.8415841584158 -2400.95375692184
0.486 23.8683127572016 -2377.08544416464
0.502 12.7490039840637 -2364.33644018057
0.465 12.6881720430108 -2351.64826813756
0.426 15.4929577464789 -2336.15531039108
0.485 9.69072164948454 -2326.4645887416
0.468 11.5384615384615 -2314.92612720314
0.443 14.2212189616253 -2300.70490824151
0.458 13.9737991266376 -2286.73110911487
0.489 6.33946830265849 -2280.39164081221
0.466 8.15450643776824 -2272.23713437445
0.462 -1.73160173160173 -2273.96873610605
0.464 7.75862068965517 -2266.21011541639
0.451 8.2039911308204 -2258.00612428557
0.459 7.18954248366013 -2250.81658180191
0.46 7.39130434782609 -2243.42527745409
0.444 18.4684684684685 -2224.95680898562
0.464 18.1034482758621 -2206.85336070976
0.52 9.23076923076923 -2197.62259147899
0.495 13.1313131313131 -2184.49127834767
0.45 10.2222222222222 -2174.26905612545
0.467 6.20985010706638 -2168.05920601838
0.441 7.93650793650794 -2160.12269808188
0.457 1.09409190371991 -2159.02860617816
0.483 6.00414078674948 -2153.02446539141
0.437 11.2128146453089 -2141.8116507461
0.451 1.99556541019956 -2139.8160853359
0.465 7.52688172043011 -2132.28920361547
0.462 5.62770562770563 -2126.66149798776
0.448 6.25 -2120.41149798776
0.43 7.44186046511628 -2112.96963752265
0.461 5.85683297180043 -2107.11280455085
0.453 5.51876379690949 -2101.59404075394
0.479 8.55949895615866 -2093.03454179778
0.448 6.69642857142857 -2086.33811322635
0.515 11.0679611650485 -2075.2701520613
0.449 2.00445434298441 -2073.26569771832
0.433 1.61662817551963 -2071.6490695428
0.44 0.454545454545455 -2071.19452408825
0.494 19.4331983805668 -2051.76132570769
0.463 7.12742980561555 -2044.63389590207
0.447 5.14541387024609 -2039.48848203182
0.448 1.78571428571429 -2037.70276774611
0.466 -5.15021459227468 -2042.85298233838
0.506 -7.11462450592885 -2049.96760684431
0.468 9.4017094017094 -2040.5658974426
0.496 14.1129032258065 -2026.4529942168
0.486 17.6954732510288 -2008.75752096577
0.432 -5.55555555555556 -2014.31307652132
0.488 10.655737704918 -2003.65733881641
0.487 2.25872689938398 -2001.39861191702
0.484 7.43801652892562 -1993.9605953881
0.456 10.0877192982456 -1983.87287608985
0.442 2.26244343891403 -1981.61043265094
0.476 2.94117647058824 -1978.66925618035
0.448 2.23214285714286 -1976.43711332321
0.473 10.3594080338266 -1966.07770528938
0.437 5.720823798627 -1960.35688149075
0.453 9.05077262693157 -1951.30610886382
0.502 7.17131474103586 -1944.13479412278
0.496 9.2741935483871 -1934.8606005744
0.483 12.6293995859213 -1922.23120098848
0.493 10.3448275862069 -1911.88637340227
0.476 -1.26050420168067 -1913.14687760395
0.479 -0.208768267223382 -1913.35564587117
0.46 -0.434782608695652 -1913.79042847987
0.464 7.32758620689655 -1906.46284227297
0.479 2.2964509394572 -1904.16639133351
0.469 7.88912579957356 -1896.27726553394
0.466 -7.29613733905579 -1903.573402873
0.463 3.23974082073434 -1900.33366205226
0.462 -1.73160173160173 -1902.06526378386
0.439 -9.79498861047836 -1911.86025239434
0.413 7.50605326876513 -1904.35419912558
0.377 6.63129973474801 -1897.72289939083
0.39 -8.71794871794872 -1906.44084810878
0.4 5 -1901.44084810878
0.41 -5.85365853658537 -1907.29450664536
0.428 4.20560747663551 -1903.08889916873
0.47 -7.23404255319149 -1910.32294172192
0.485 7.21649484536082 -1903.10644687656
0.488 13.1147540983607 -1889.9916927782
0.465 3.2258064516129 -1886.76588632659
0.444 7.20720720720721 -1879.55867911938
0.471 4.45859872611465 -1875.10008039326
0.463 8.42332613390929 -1866.67675425935
0.518 9.65250965250965 -1857.02424460684
0.451 -1.99556541019956 -1859.01981001704
0.473 5.70824524312896 -1853.31156477392
0.459 7.18954248366013 -1846.12202229026
0.514 -2.72373540856031 -1848.84575769882
0.475 10.7368421052632 -1838.10891559355
0.455 1.0989010989011 -1837.01001449465
0.488 0.819672131147541 -1836.1903423635
0.445 4.26966292134831 -1831.92067944216
0.44 15 -1816.92067944216
0.462 4.76190476190476 -1812.15877468025
0.503 3.77733598409543 -1808.38143869616
0.464 7.75862068965517 -1800.6228180065
0.465 6.66666666666667 -1793.95615133983
0.469 9.16844349680171 -1784.78770784303
0.456 8.7719298245614 -1776.01577801847
0.448 3.57142857142857 -1772.44434944704
0.47 -2.5531914893617 -1774.9975409364
0.477 9.0146750524109 -1765.98286588399
0.484 2.89256198347107 -1763.09030390052
0.453 0.662251655629139 -1762.42805224489
0.457 -3.7199124726477 -1766.14796471754
0.454 7.9295154185022 -1758.21844929904
0.46 4.78260869565217 -1753.43584060339
0.529 7.75047258979206 -1745.68536801359
0.471 13.8004246284501 -1731.88494338514
0.499 7.01402805611222 -1724.87091532903
0.47 -2.12765957446809 -1726.9985749035
0.458 1.74672489082969 -1725.25185001267
0.485 -7.21649484536082 -1732.46834485803
0.469 -2.3454157782516 -1734.81376063628
0.425 -7.76470588235294 -1742.57846651863
0.348 -0.574712643678161 -1743.15317916231
0.429 -10.955710955711 -1754.10889011802
0.409 6.11246943765281 -1747.99642068037
0.44 -1.81818181818182 -1749.81460249855
0.42 10 -1739.81460249855
0.415 0.240963855421687 -1739.57363864313
0.392 1.53061224489796 -1738.04302639823
0.444 -0.900900900900901 -1738.94392729913
0.417 0.239808153477218 -1738.70411914566
0.406 -2.95566502463054 -1741.65978417029
0.421 5.46318289786223 -1736.19660127243
0.425 2.11764705882353 -1734.0789542136
0.49 11.8367346938776 -1722.24221951972
0.542 12.9151291512915 -1709.32709036843
0.485 10.9278350515464 -1698.39925531689
0.441 7.02947845804989 -1691.36977685884
0.468 5.55555555555556 -1685.81422130328
0.474 12.2362869198312 -1673.57793438345
0.429 -1.16550116550117 -1674.74343554895
0.436 5.5045871559633 -1669.23884839299
0.48 3.33333333333333 -1665.90551505965
0.377 5.57029177718833 -1660.33522328247
0.484 -1.2396694214876 -1661.57489270395
0.464 -2.58620689655172 -1664.16109960051
0.515 8.7378640776699 -1655.42323552284
0.441 4.30839002267574 -1651.11484550016
0.448 12.9464285714286 -1638.16841692873
0.499 3.80761523046092 -1634.36080169827
0.479 -3.96659707724426 -1638.32739877551
0.475 -4 -1642.32739877551
0.522 -0.766283524904215 -1643.09368230042
0.506 -1.18577075098814 -1644.27945305141
0.436 11.0091743119266 -1633.27027873948
0.479 2.2964509394572 -1630.97382780002
0.464 9.48275862068965 -1621.49106917933
0.443 14.2212189616253 -1607.26985021771
0.467 1.49892933618844 -1605.77092088152
0.457 10.2844638949672 -1595.48645698655
0.454 1.3215859030837 -1594.16487108347
0.479 6.05427974947808 -1588.11059133399
0.414 4.83091787439614 -1583.27967345959
0.453 7.72626931567329 -1575.55340414392
0.469 1.91897654584222 -1573.63442759808
0.488 7.37704918032787 -1566.25737841775
0.454 2.6431718061674 -1563.61420661158
0.377 7.16180371352785 -1556.45240289806
0.377 7.69230769230769 -1548.76009520575
0.382 13.0890052356021 -1535.67108997015
0.385 -4.41558441558442 -1540.08667438573
0.423 2.60047281323877 -1537.48620157249
0.483 10.1449275362319 -1527.34127403626
0.481 8.10810810810811 -1519.23316592815
0.487 5.13347022587269 -1514.09969570228
0.421 7.83847980997625 -1506.2612158923
0.414 8.21256038647343 -1498.04865550583
0.38 1.05263157894737 -1496.99602392688
0.463 16.1987041036717 -1480.79731982321
0.476 11.7647058823529 -1469.03261394086
0.486 14.40329218107 -1454.62932175979
0.477 6.49895178197065 -1448.13036997782
0.453 1.54525386313466 -1446.58511611468
0.482 17.4273858921162 -1429.15773022257
0.436 2.29357798165138 -1426.86415224091
0.422 9.00473933649289 -1417.85941290442
0.438 15.5251141552511 -1402.33429874917
0.486 18.5185185185185 -1383.81578023065
0.513 11.8908382066277 -1371.92494202402
0.451 5.98669623059867 -1365.93824579343
0.447 3.35570469798658 -1362.58254109544
0.483 18.0124223602484 -1344.57011873519
0.499 5.81162324649299 -1338.7584954887
0.48 13.3333333333333 -1325.42516215536
0.421 16.3895486935867 -1309.03561346178
0.461 -5.85683297180043 -1314.89244643358
0.478 4.60251046025105 -1310.28993597333
0.469 13.8592750533049 -1296.43066092002
0.453 12.5827814569536 -1283.84787946307
0.431 -2.55220417633411 -1286.4000836394
0.486 -4.52674897119342 -1290.9268326106
0.499 -1.00200400801603 -1291.92883661861
0.46 -7.39130434782609 -1299.32014096644
0.454 4.40528634361233 -1294.91485462283
0.46 13.4782608695652 -1281.43659375326
0.465 1.93548387096774 -1279.50110988229
0.45 5.33333333333333 -1274.16777654896
0.456 8.7719298245614 -1265.3958467244
0.488 10.2459016393443 -1255.14994508505
0.467 3.21199143468951 -1251.93795365036
0.417 6.47482014388489 -1245.46313350648
0.48 8.75 -1236.71313350648
0.474 5.06329113924051 -1231.64984236724
0.469 6.60980810234542 -1225.04003426489
0.465 7.52688172043011 -1217.51315254446
0.44 3.18181818181818 -1214.33133436265
0.461 -1.51843817787419 -1215.84977254052
0.471 -7.00636942675159 -1222.85614196727
0.46 12.6086956521739 -1210.2474463151
0.447 12.751677852349 -1197.49576846275
0.5 -1.6 -1199.09576846275
0.502 -6.77290836653386 -1205.86867682928
0.484 0 -1205.86867682928
0.451 2.4390243902439 -1203.42965243904
0.476 -2.10084033613445 -1205.53049277517
0.507 -8.87573964497041 -1214.40623242014
0.531 -0.941619585687382 -1215.34785200583
0.451 2.88248337028825 -1212.46536863554
0.477 11.1111111111111 -1201.35425752443
0.476 -0.840336134453782 -1202.19459365888
0.459 -0.65359477124183 -1202.84818843013
0.445 20.4494382022472 -1182.39875022788
0.45 2.66666666666667 -1179.73208356121
0.457 5.47045951859956 -1174.26162404261
0.48 5 -1169.26162404261
0.445 6.96629213483146 -1162.29533190778
0.422 8.53080568720379 -1153.76452622058
0.461 4.98915401301518 -1148.77537220756
0.443 6.09480812641084 -1142.68056408115
0.433 -4.84988452655889 -1147.53044860771
0.398 10.0502512562814 -1137.48019735143
0.439 9.79498861047836 -1127.68520874095
0.409 14.4254278728606 -1113.25978086809
0.507 13.2149901380671 -1100.04479073002
0.431 4.87238979118329 -1095.17240093884
0.469 9.16844349680171 -1086.00395744204
0.477 -0.628930817610063 -1086.63288825965
0.452 4.86725663716814 -1081.76563162248
0.407 21.3759213759214 -1060.38971024656
0.47 17.4468085106383 -1042.94290173592
0.448 4.46428571428571 -1038.47861602163
0.454 7.9295154185022 -1030.54910060313
0.443 6.99774266365688 -1023.55135793948
0.467 3.64025695931478 -1019.91110098016
0.472 7.6271186440678 -1012.28398233609
0.462 8.22510822510823 -1004.05887411098
0.465 4.08602150537634 -999.972852605608
0.45 5.33333333333333 -994.639519272275
0.45 12 -982.639519272275
0.487 -1.43737166324435 -984.076890935519
0.471 -0.636942675159236 -984.713833610679
0.479 -15.6576200417537 -1000.37145365243
0.459 1.52505446623094 -998.846399186201
0.48 -5.83333333333333 -1004.67973251953
0.537 3.53817504655493 -1001.14155747298
0.47 -4.25531914893617 -1005.39687662192
0.445 16.8539325842697 -988.542944037646
0.457 12.035010940919 -976.507933096727
0.458 15.2838427947598 -961.224090301967
0.451 13.5254988913525 -947.698591410615
0.46 4.78260869565217 -942.915982714963
0.48 8.33333333333333 -934.582649381629
0.354 17.5141242937853 -917.068525087844
0.469 6.18336886993603 -910.885156217908
0.458 10.9170305676856 -899.968125650222
0.453 9.49227373068433 -890.475851919538
0.421 8.78859857482185 -881.687253344716
0.465408805031447 10.8108108108108 -870.876442533905
