gc_content gc_skew gc_culm
0.526 6.08365019011407 6.08365019011407
0.471 5.73248407643312 11.8161342665472
0.554 -2.52707581227437 9.28905845427282
0.544 1.10294117647059 10.3919996307434
0.572 -1.04895104895105 9.34304858179236
0.565 -3.36283185840708 5.98021672338528
0.533 5.44090056285178 11.4211172862371
0.586 0.341296928327645 11.7624142145647
0.529 7.75047258979206 19.5128868043568
0.517 4.44874274661509 23.9616295509719
0.56 -6.07142857142857 17.8902009795433
0.564 10.6382978723404 28.5284988518837
0.531 9.6045197740113 38.133018625895
0.56 7.5 45.633018625895
0.581 4.99139414802065 50.6244127739157
0.5 -0.8 49.8244127739157
0.537 1.30353817504655 51.1279509489622
0.565 -5.13274336283186 45.9952075861304
0.507 2.56410256410256 48.5593101502329
0.547 6.39853747714808 54.957847627381
0.607 -6.75453047775947 48.2033171496215
0.556 -7.19424460431655 41.009072545305
0.589 2.88624787775891 43.8953204230639
0.58 5.86206896551724 49.7573893885811
0.576 10.7638888888889 60.52127827747
0.589 4.24448217317487 64.7657604506449
0.553 -3.07414104882459 61.6916194018203
0.578 8.30449826989619 69.9961176717165
0.554 -6.49819494584838 63.4979227258681
0.567 0.17636684303351 63.6742895689016
0.609 4.10509031198686 67.7793798808885
0.553 -7.41410488245931 60.3652749984292
0.54 3.33333333333333 63.6986083317625
0.561 -6.95187165775401 56.7467366740085
0.548 -5.83941605839416 50.9073206156143
0.568 4.22535211267606 55.1326727282904
0.591 7.27580372250423 62.4084764507946
0.574 3.48432055749129 65.8927970082859
0.57 -2.80701754385965 63.0857794644263
0.579 -3.62694300518135 59.4588364592449
0.553 3.43580470162749 62.8946411608724
0.558 11.1111111111111 74.0057522719835
0.602 0.996677740863787 75.0024300128473
0.575 -5.73913043478261 69.2632995780647
0.594 -1.68350168350168 67.579797894563
0.582 -5.84192439862543 61.7378734959376
0.595 -3.86554621848739 57.8723272774502
0.476 6.30252100840336 64.1748482858536
0.529 0.189035916824197 64.3638842026778
0.562 13.5231316725979 77.8870158752756
0.583 16.6380789022298 94.5250947775055
0.571 13.4851138353765 108.010208612882
0.44 9.09090909090909 117.101117703791
0.497 10.6639839034205 127.765101607212
0.391 -8.95140664961637 118.813694957595
0.457 4.15754923413567 122.971244191731
0.429 -6.75990675990676 116.211337431824
0.5 1.2 117.411337431824
0.572 1.74825174825175 119.159589180076
0.541 -3.51201478743068 115.647574392645
0.544 6.25 121.897574392645
0.514 -3.11284046692607 118.784733925719
0.537 -1.67597765363128 117.108756272088
0.584 1.36986301369863 118.478619285786
0.541 6.46950092421442 124.948120210001
0.576 -1.73611111111111 123.21200909889
0.562 -1.06761565836299 122.144393440527
0.547 5.30164533820841 127.446038778735
0.59 9.49152542372881 136.937564202464
0.522 7.27969348659004 144.217257689054
0.403 4.71464019851117 148.931897887565
0.416 -0.961538461538462 147.970359426027
0.384 14.5833333333333 162.55369275936
0.368 1.6304347826087 164.184127541969
0.359 -6.4066852367688 157.7774423052
0.415 -6.50602409638554 151.271418208814
0.428 -5.14018691588785 146.131231292927
0.375 -2.4 143.731231292927
0.42 2.38095238095238 146.112183673879
0.356 7.86516853932584 153.977352213205
0.361 -3.04709141274238 150.930260800462
0.398 7.53768844221106 158.467949242674
0.546 -2.93040293040293 155.537546312271
0.569 8.6115992970123 164.149145609283
0.561 -1.96078431372549 162.188361295557
0.531 7.34463276836158 169.532994063919
0.544 0.367647058823529 169.900641122742
0.518 9.65250965250965 179.553150775252
0.485 6.80412371134021 186.357274486592
0.569 7.90861159929701 194.265886085889
0.575 7.82608695652174 202.091973042411
0.56 6.78571428571429 208.877687328125
0.552 -2.53623188405797 206.341455444067
0.557 1.61579892280072 207.957254366868
0.554 8.30324909747292 216.260503464341
0.56 13.9285714285714 230.189074892912
0.536 9.70149253731343 239.890567430226
0.55 16.3636363636364 256.254203793862
0.586 8.87372013651877 265.127923930381
0.527 7.77988614800759 272.907810078389
0.54 7.40740740740741 280.315217485796
0.619 8.56219709208401 288.87741457788
0.547 0.548446069469835 289.42586064735
0.581 8.77796901893287 298.203829666283
0.52 -2.30769230769231 295.89613735859
0.551 9.25589836660617 305.152035725197
0.468 7.26495726495726 312.416992990154
0.506 9.88142292490119 322.298415915055
0.484 14.8760330578512 337.174448972906
0.52 10.3846153846154 347.559064357522
0.479 1.46137787056367 349.020442228085
0.52 3.46153846153846 352.481980689624
0.502 9.16334661354582 361.64532730317
0.527 7.77988614800759 369.425213451177
0.535 -0.186915887850467 369.238297563327
0.526 0.760456273764259 369.998753837091
0.535 -1.68224299065421 368.316510846437
0.531 13.7476459510358 382.064156797473
0.531 12.6177024482109 394.681859245684
0.461 1.95227765726681 396.63413690295
0.522 5.3639846743295 401.99812157728
0.54 8.14814814814815 410.146269725428
0.581 10.8433734939759 420.989643219404
0.577 6.06585788561525 427.055501105019
0.588 9.86394557823129 436.91944668325
0.555 8.10810810810811 445.027554791359
0.576 11.4583333333333 456.485888124692
0.586 17.7474402730375 474.233328397729
0.599 15.1919866444073 489.425315042137
0.568 10.5633802816901 499.988695323827
0.547 8.95795246800731 508.946647791834
0.597 10.5527638190955 519.49941161093
0.491 7.53564154786151 527.035053158791
0.572 1.74825174825175 528.783304907043
0.554 3.24909747292419 532.032402379967
0.556 8.27338129496403 540.305783674931
0.548 3.28467153284672 543.590455207778
0.546 0.732600732600733 544.323055940379
0.565 5.13274336283186 549.45579930321
0.535 1.68224299065421 551.138042293865
0.567 -2.99823633156966 548.139805962295
0.505 7.32673267326733 555.466538635562
0.593 2.52951096121417 557.996049596777
0.561 -4.45632798573975 553.539721611037
0.608 1.97368421052632 555.513405821563
0.567 0.17636684303351 555.689772664597
0.513 5.65302144249513 561.342794107092
0.548 1.45985401459854 562.80264812169
0.57 3.15789473684211 565.960542858532
0.572 3.84615384615385 569.806696704686
0.582 4.12371134020619 573.930408044892
0.61 9.18032786885246 583.110735913745
0.551 15.426497277677 598.537233191422
0.544 15.0735294117647 613.610762603187
0.524 8.3969465648855 622.007709168072
0.534 11.2359550561798 633.243664224252
0.59 7.11864406779661 640.362308292048
0.54 10 650.362308292048
0.587 7.66609880749574 658.028407099544
0.553 7.77576853526221 665.804175634806
0.561 11.9429590017825 677.747134636589
0.572 7.69230769230769 685.439442328897
0.573 -2.61780104712042 682.821641281776
0.536 7.08955223880597 689.911193520582
0.589 15.4499151103565 705.361108630939
0.561 17.2905525846702 722.651661215609
0.577 7.79896013864818 730.450621354257
0.555 16.036036036036 746.486657390293
0.497 9.05432595573441 755.540983346027
0.526 7.60456273764259 763.14554608367
0.535 8.41121495327103 771.556761036941
0.534 0 771.556761036941
0.535 5.79439252336449 777.351153560306
0.581 4.99139414802065 782.342547708326
0.522 1.14942528735632 783.491972995683
0.52 0.384615384615385 783.876588380298
0.551 -0.544464609800363 783.332123770498
0.564 -4.25531914893617 779.076804621561
0.536 -7.83582089552239 771.240983726039
0.546 -2.56410256410256 768.676881161937
0.431 3.48027842227378 772.15715958421
0.464 3.01724137931034 775.174400963521
0.562 -5.69395017793594 769.480450785585
0.552 10.8695652173913 780.350016002976
0.574 -5.92334494773519 774.426671055241
0.578 -8.30449826989619 766.122172785345
0.624 -5.44871794871795 760.673454836627
0.554 0.36101083032491 761.034465666952
0.556 4.31654676258993 765.351012429541
0.495 1.01010101010101 766.361113439643
0.489 2.24948875255624 768.610602192199
0.578 -1.03806228373702 767.572539908462
0.652 -10.1226993865031 757.449840521959
0.577 -1.21317157712305 756.236668944836
0.561 5.16934046345811 761.406009408294
0.55 -7.27272727272727 754.133282135566
0.565 -8.67256637168142 745.460715763885
0.572 -4.89510489510489 740.56561086878
0.553 -7.05244122965642 733.513169639124
0.608 -0.657894736842105 732.855274902282
0.57 -1.40350877192982 731.451766130352
0.552 5.07246376811594 736.524229898468
0.569 -2.28471001757469 734.239519880893
0.564 -0.709219858156028 733.530300022737
0.534 -0.749063670411985 732.781236352325
0.534 0.374531835205993 733.155768187531
0.555 -2.7027027027027 730.453065484828
0.594 5.05050505050505 735.503570535333
0.583 -0.171526586620926 735.332043948712
0.607 0.164744645799012 735.496788594511
0.531 8.85122410546139 744.348012699973
0.53 0 744.348012699973
0.512 3.125 747.473012699973
0.576 -4.86111111111111 742.611901588862
0.57 -4.21052631578947 738.401375273072
0.594 -12.4579124579125 725.94346281516
0.555 -7.02702702702703 718.916435788133
0.581 4.64716006884682 723.56359585698
0.595 6.89075630252101 730.454352159501
0.515 16.1165048543689 746.570857013869
0.593 -6.23946037099494 740.331396642875
0.554 -9.74729241877256 730.584104224102
0.531 -3.57815442561205 727.00594979849
0.568 -7.74647887323944 719.259470925251
0.563 -5.86145648312611 713.398014442124
0.49 -5.30612244897959 708.091891993145
0.548 2.18978102189781 710.281673015043
0.562 1.06761565836299 711.349288673406
0.494 4.45344129554656 715.802729968952
0.544 -2.57352941176471 713.229200557187
0.499 8.61723446893788 721.846435026125
0.531 4.33145009416196 726.177885120287
0.598 -5.35117056856187 720.826714551725
0.573 -1.91972076788831 718.906993783837
0.582 -2.74914089347079 716.157852890366
0.619 -0.161550888529887 715.996302001836
0.548 -7.2992700729927 708.697031928844
0.573 -5.41012216404887 703.286909764795
0.567 -10.7583774250441 692.528532339751
0.573 1.91972076788831 694.448253107639
0.559 -3.7567084078712 690.691544699768
0.583 -3.2590051457976 687.43253955397
0.552 -2.89855072463768 684.533988829333
0.498 -2.40963855421687 682.124350275116
0.59 -2.03389830508475 680.090451970031
0.598 -7.69230769230769 672.398144277723
0.575 -11.304347826087 661.093796451636
0.568 -2.11267605633803 658.981120395298
0.561 -3.74331550802139 655.237804887277
0.549 -10.0182149362477 645.219589951029
0.592 -20.2702702702703 624.949319680759
0.54 -4.44444444444444 620.504875236315
0.555 0.18018018018018 620.685055416495
0.59 -6.44067796610169 614.244377450393
0.536 -2.98507462686567 611.259302823527
0.577 -1.55979202772964 609.699510795798
0.545 -4.22018348623853 605.479327309559
0.563 -3.73001776198934 601.74930954757
0.578 -15.2249134948097 586.52439605276
0.59 -10.1694915254237 576.354904527336
0.556 1.43884892086331 577.7937534482
0.619 3.39256865912763 581.186322107327
0.551 3.81125226860254 584.99757437593
0.536 1.86567164179104 586.863246017721
0.551 0.907441016333938 587.770687034055
0.539 5.38033395176252 593.151020985817
0.518 11.969111969112 605.120132954929
0.587 2.55536626916525 607.675499224095
0.578 0 607.675499224095
0.556 -4.67625899280576 602.999240231289
0.566 -4.59363957597173 598.405600655317
0.585 0.512820512820513 598.918421168138
0.574 -3.48432055749129 595.434100610646
0.558 3.9426523297491 599.376752940395
0.503 7.3558648111332 606.732617751529
0.541 3.88170055452865 610.614318306057
0.587 1.53321976149915 612.147538067556
0.597 4.85762144053601 617.005159508092
0.583 -2.91595197255575 614.089207535537
0.558 -1.7921146953405 612.297092840196
0.553 6.69077757685353 618.98787041705
0.577 2.59965337954939 621.587523796599
0.529 -3.96975425330813 617.617769543291
0.53 1.13207547169811 618.749845014989
0.491 7.53564154786151 626.285486562851
0.564 2.83687943262411 629.122365995475
0.527 -0.569259962049336 628.553106033425
0.534 -2.99625468164794 625.556851351777
0.483 7.2463768115942 632.803228163372
0.519 9.44123314065511 642.244461304027
0.509 -8.05500982318271 634.189451480844
0.58 3.79310344827586 637.98255492912
0.538 12.639405204461 650.621960133581
0.521 -3.26295585412668 647.359004279454
0.549 6.01092896174863 653.369933241203
0.476 7.14285714285714 660.51279038406
0.559 6.61896243291592 667.131752816976
0.53 6.79245283018868 673.924205647165
0.579 10.5354058721934 684.459611519358
0.545 3.85321100917431 688.312822528532
0.574 19.5121951219512 707.825017650484
0.541 10.5360443622921 718.361062012776
0.616 8.11688311688312 726.477945129659
0.484 -0.413223140495868 726.064721989163
0.602 6.31229235880399 732.377014347967
0.57 12.6315789473684 745.008593295335
0.633 9.95260663507109 754.961199930406
0.548 9.85401459854015 764.815214528947
0.521 0.959692898272553 765.774907427219
0.488 9.01639344262295 774.791300869842
0.568 3.52112676056338 778.312427630405
0.554 1.80505415162455 780.11748178203
0.602 12.624584717608 792.742066499638
0.608 3.61842105263158 796.360487552269
0.607 10.3789126853377 806.739400237607
0.563 3.01953818827709 809.758938425884
0.58 3.79310344827586 813.55204187416
0.58 -3.10344827586207 810.448593598298
0.553 8.86075949367089 819.309353091969
0.558 16.1290322580645 835.438385350034
0.557 14.1831238779174 849.621509227951
0.592 8.10810810810811 857.729617336059
0.604 12.5827814569536 870.312398793013
0.584 18.8356164383562 889.148015231369
0.589 14.0916808149406 903.239696046309
0.604 10.5960264900662 913.835722536376
0.553 13.9240506329114 927.759773169287
0.6 13 940.759773169287
0.554 15.1624548736462 955.922228042933
0.567 11.4638447971781 967.386072840111
0.589 12.3938879456706 979.779960785782
0.604 16.887417218543 996.667378004325
0.51 3.13725490196078 999.804632906286
0.54 4.44444444444444 1004.24907735073
0.567 -0.881834215167548 1003.36724313556
0.595 -3.86554621848739 999.501696917075
0.539 9.09090909090909 1008.59260600798
0.495 -4.24242424242424 1004.35018176556
0.585 5.98290598290598 1010.33308774847
0.565 -1.94690265486726 1008.3861850936
0.612 -7.51633986928105 1000.86984522432
0.549 -4.91803278688525 995.951812437433
0.582 -5.84192439862543 990.109888038807
0.545 -7.52293577981651 982.586952258991
0.551 -6.71506352087114 975.87188873812
0.443 4.28893905191874 980.160827790038
0.521 -6.33397312859885 973.826854661439
0.578 0.346020761245675 974.172875422685
0.577 -5.37261698440208 968.800258438283
0.564 -3.90070921985816 964.899549218425
0.553 5.60578661844485 970.50533583687
0.554 1.80505415162455 972.310389988494
0.577 2.25303292894281 974.563422917437
0.521 -2.49520153550864 972.068221381928
0.565 3.71681415929204 975.78503554122
0.578 -5.5363321799308 970.24870336129
0.567 5.82010582010582 976.068809181395
0.566 8.12720848056537 984.196017661961
0.57 -1.05263157894737 983.143386083013
0.557 -1.97486535008977 981.168520732924
0.579 3.97236614853195 985.140886881456
0.528 6.43939393939394 991.58028082085
0.503 6.16302186878728 997.743302689637
0.556 6.11510791366906 1003.85841060331
0.522 1.91570881226054 1005.77411941557
0.587 -6.98466780238501 998.789451613181
0.587 -13.1175468483816 985.6719047648
0.599 -13.8564273789649 971.815477385835
0.569 -10.0175746924429 961.797902693392
0.564 -5.31914893617021 956.478753757222
0.546 -6.59340659340659 949.885347163815
0.492 -3.65853658536585 946.226810578449
0.57 -3.15789473684211 943.068915841607
0.578 -10.0346020761246 933.034313765483
0.555 0.540540540540541 933.574854306023
0.565 -2.30088495575221 931.273969350271
0.552 -5.07246376811594 926.201505582155
0.483 -1.44927536231884 924.752230219836
0.486 -4.52674897119342 920.225481248643
0.573 -2.61780104712042 917.607680201522
0.532 0 917.607680201522
0.535 0.560747663551402 918.168427865074
0.562 1.77935943060498 919.947787295679
0.502 3.58565737051793 923.533444666197
0.589 -4.24448217317487 919.288962493022
0.552 -2.17391304347826 917.115049449544
0.525 10.4761904761905 927.591239925734
0.563 0.88809946714032 928.479339392874
0.572 0.699300699300699 929.178640092175
0.598 5.35117056856187 934.529810660737
0.578 -2.42214532871972 932.107665332017
0.559 11.6279069767442 943.735572308761
0.601 -0.166389351081531 943.56918295768
0.603 5.4726368159204 949.0418197736
0.58 1.72413793103448 950.765957704635
0.572 5.59440559440559 956.36036329904
0.59 6.10169491525424 962.462058214295
0.565 3.00884955752212 965.470907771817
0.589 12.7334465195246 978.204354291341
0.594 -3.03030303030303 975.174051261038
0.573 -3.31588132635253 971.858169934686
0.585 -7.00854700854701 964.849622926139
0.564 -4.25531914893617 960.594303777203
0.541 -1.66358595194085 958.930717825262
0.558 2.5089605734767 961.439678398738
0.543 5.34069981583794 966.780378214576
0.583 6.34648370497427 973.126861919551
0.569 8.96309314586995 982.089955065421
0.555 16.036036036036 998.125991101457
0.519 6.74373795761079 1004.86972905907
0.537 1.67597765363128 1006.5457067127
0.55 4.36363636363636 1010.90934307634
0.556 4.67625899280576 1015.58560206914
0.584 -7.19178082191781 1008.39382124722
0.607 2.47116968698517 1010.86499093421
0.564 4.60992907801418 1015.47492001222
0.502 -1.19521912350598 1014.27970088872
0.584 4.45205479452055 1018.73175568324
0.485 -1.85567010309278 1016.87608558014
0.492 -0.813008130081301 1016.06307745006
0.505 -3.36633663366337 1012.6967408164
0.552 9.78260869565217 1022.47934951205
0.591 -1.1844331641286 1021.29491634792
0.527 -2.46679316888046 1018.82812317904
0.493 -0.202839756592292 1018.62528342245
0.556 1.43884892086331 1020.06413234331
0.569 -1.23022847100176 1018.83390387231
0.585 -6.32478632478632 1012.50911754753
0.547 -0.548446069469835 1011.96067147806
0.526 7.60456273764259 1019.5652342157
0.542 -4.7970479704797 1014.76818624522
0.533 -8.81801125703565 1005.95017498818
0.582 -5.49828178694158 1000.45189320124
0.486 -9.05349794238683 991.398395258855
0.558 3.2258064516129 994.624201710467
0.52 4.61538461538461 999.239586325852
0.504 -5.95238095238095 993.287205373471
0.452 3.53982300884956 996.827028382321
0.539 0.927643784786642 997.754672167107
0.56 -4.64285714285714 993.11181502425
0.532 0.37593984962406 993.487754873874
0.479 -8.55949895615866 984.928255917716
0.516 0.775193798449612 985.703449716165
0.564 0.709219858156028 986.412669574321
0.578 1.73010380622837 988.14277338055
0.581 0.860585197934596 989.003358578484
0.549 -1.63934426229508 987.364014316189
0.561 -4.81283422459893 982.55118009159
0.476 6.30252100840336 988.853701099993
0.556 9.35251798561151 998.206219085605
0.555 10.2702702702703 1008.47648935588
0.554 -1.44404332129964 1007.03244603458
0.538 0.371747211895911 1007.40419324647
0.559 3.7567084078712 1011.16090165434
0.555 6.30630630630631 1017.46720796065
0.562 -2.84697508896797 1014.62023287168
0.591 -3.21489001692047 1011.40534285476
0.554 -3.24909747292419 1008.15624538184
0.527 0.94876660341556 1009.10501198525
0.538 4.83271375464684 1013.9377257399
0.524 4.58015267175572 1018.51787841165
0.54 -0.37037037037037 1018.14750804128
0.576 3.47222222222222 1021.61973026351
0.545 2.38532110091743 1024.00505136442
0.486 2.46913580246914 1026.47418716689
0.508 0.393700787401575 1026.86788795429
0.566 -1.76678445229682 1025.101103502
0.576 -9.02777777777778 1016.07332572422
0.562 1.42348754448399 1017.4968132687
0.561 -1.96078431372549 1015.53602895498
0.535 2.42990654205607 1017.96593549703
0.573 3.66492146596859 1021.630856963
0.546 -0.366300366300366 1021.2645565967
0.54 9.62962962962963 1030.89418622633
0.584 13.6986301369863 1044.59281636332
0.589 5.60271646859083 1050.19553283191
0.576 0 1050.19553283191
0.519 -5.97302504816956 1044.22250778374
0.566 8.12720848056537 1052.34971626431
0.549 5.64663023679417 1057.9963465011
0.591 3.8917089678511 1061.88805546895
0.582 3.78006872852234 1065.66812419747
0.572 2.0979020979021 1067.76602629538
0.443 7.44920993227991 1075.21523622765
0.563 9.05861456483126 1084.27385079249
0.496 -4.03225806451613 1080.24159272797
0.571 2.97723292469352 1083.21882565266
0.509 0.982318271119843 1084.20114392378
0.558 0.3584229390681 1084.55956686285
0.538 -2.60223048327138 1081.95733637958
0.575 -5.04347826086957 1076.91385811871
0.583 -0.857632933104631 1076.05622518561
0.571 1.22591943957968 1077.28214462519
0.575 2.26086956521739 1079.5430141904
0.572 -1.04895104895105 1078.49406314145
0.564 2.12765957446809 1080.62172271592
0.563 1.24333925399645 1081.86506196992
0.563 6.92717584369449 1088.79223781361
0.545 1.28440366972477 1090.07664148334
0.487 -1.43737166324435 1088.63926982009
0.587 0.170357751277683 1088.80962757137
0.508 -0.78740157480315 1088.02222599657
0.51 8.23529411764706 1096.25752011421
0.575 -5.04347826086957 1091.21404185334
0.52 4.61538461538461 1095.82942646873
0.575 8.8695652173913 1104.69899168612
0.567 6.17283950617284 1110.87183119229
0.554 3.24909747292419 1114.12092866522
0.565 5.48672566371681 1119.60765432893
0.595 -10.5882352941176 1109.01941903482
0.567 -6.52557319223986 1102.49384584258
0.47 -2.97872340425532 1099.51512243832
0.568 -2.46478873239437 1097.05033370593
0.566 -1.76678445229682 1095.28354925363
0.568 -9.15492957746479 1086.12861967616
0.563 1.59857904085258 1087.72719871702
0.539 -9.09090909090909 1078.63628962611
0.596 -0.671140939597315 1077.96514868651
0.536 4.85074626865672 1082.81589495517
0.627 6.85805422647528 1089.67394918164
0.591 8.62944162436548 1098.30339080601
0.556 6.47482014388489 1104.77821094989
0.554 4.33212996389892 1109.11034091379
0.486 -3.7037037037037 1105.40663721009
0.588 1.70068027210884 1107.1073174822
0.475 6.52631578947368 1113.63363327167
0.558 2.5089605734767 1116.14259384515
0.563 8.34813499111901 1124.49072883627
0.538 0 1124.49072883627
0.474 -1.26582278481013 1123.22490605146
0.53 7.92452830188679 1131.14943435334
0.562 4.27046263345196 1135.4198969868
0.47 6.38297872340426 1141.8028757102
0.573 7.85340314136126 1149.65627885156
0.589 -1.86757215619694 1147.78870669536
0.551 4.53720508166969 1152.32591177703
0.6 6.33333333333333 1158.65924511037
0.578 11.4186851211073 1170.07793023147
0.561 5.52584670231729 1175.60377693379
0.568 -0.704225352112676 1174.89955158168
0.529 2.07939508506616 1176.97894666674
0.538 5.94795539033457 1182.92690205708
0.601 11.4808652246256 1194.4077672817
0.569 8.6115992970123 1203.01936657872
0.555 -1.26126126126126 1201.75810531746
0.598 9.36454849498328 1211.12265381244
0.564 6.02836879432624 1217.15102260677
0.533 5.81613508442777 1222.96715769119
0.532 -2.25563909774436 1220.71151859345
0.554 -17.6895306859206 1203.02198790753
0.613 -10.6035889070147 1192.41839900051
0.543 -11.2338858195212 1181.18451318099
0.588 -0.340136054421769 1180.84437712657
0.597 -2.84757118927973 1177.99680593729
0.531 2.07156308851224 1180.0683690258
0.544 -2.57352941176471 1177.49483961404
0.578 -4.1522491349481 1173.34259047909
0.56 -9.64285714285714 1163.69973333623
0.589 -5.60271646859083 1158.09701686764
0.553 -7.77576853526221 1150.32124833238
0.547 -1.27970749542962 1149.04154083695
0.56 -4.64285714285714 1144.39868369409
0.602 -2.6578073089701 1141.74087638512
0.568 -12.6760563380282 1129.0648200471
0.606 -4.95049504950495 1124.11432499759
0.585 -1.88034188034188 1122.23398311725
0.567 -2.29276895943563 1119.94121415781
0.583 -9.7770154373928 1110.16419872042
0.583 -7.37564322469983 1102.78855549572
0.591 -3.55329949238579 1099.23525600333
0.565 -5.84070796460177 1093.39454803873
0.495 -5.45454545454545 1087.94000258419
0.576 -14.5833333333333 1073.35666925085
0.559 -5.90339892665474 1067.4532703242
0.563 -4.79573712255773 1062.65753320164
0.551 -4.90018148820327 1057.75735171344
0.593 -10.6239460370995 1047.13340567634
0.556 0.359712230215827 1047.49311790655
0.489 -9.61145194274029 1037.88166596381
0.527 0.569259962049336 1038.45092592586
0.537 3.53817504655493 1041.98910097242
0.556 -1.43884892086331 1040.55025205155
0.576 -1.04166666666667 1039.50858538489
0.567 1.94003527336861 1041.44862065826
0.561 13.0124777183601 1054.46109837662
0.578 4.49826989619377 1058.95936827281
0.593 3.54131534569983 1062.50068361851
0.549 -0.546448087431694 1061.95423553108
0.57 3.50877192982456 1065.4630074609
0.557 -10.2333931777379 1055.22961428317
0.559 -7.3345259391771 1047.89508834399
0.542 0 1047.89508834399
0.589 -0.509337860780985 1047.38575048321
0.559 1.96779964221825 1049.35355012543
0.596 0.335570469798658 1049.68912059522
0.587 1.19250425894378 1050.88162485417
0.56 4.64285714285714 1055.52448199703
0.586 -2.04778156996587 1053.47670042706
0.57 -4.91228070175439 1048.56441972531
0.559 -4.47227191413238 1044.09214781117
0.539 -2.78293135435993 1041.30921645681
0.571 -3.67775831873905 1037.63145813807
0.573 -4.01396160558464 1033.61749653249
0.61 -4.26229508196721 1029.35520145052
0.621 -10.1449275362319 1019.21027391429
0.506 4.34782608695652 1023.55810000125
0.562 0 1023.55810000125
0.587 7.66609880749574 1031.22419880874
0.595 -0.504201680672269 1030.71999712807
0.556 0 1030.71999712807
0.584 -5.13698630136986 1025.5830108267
0.463 0.647948164146868 1026.23095899085
0.554 -0.36101083032491 1025.86994816052
0.495 -0.202020202020202 1025.6679279585
0.491 -8.75763747454175 1016.91029048396
0.572 -6.99300699300699 1009.91728349095
0.557 -10.5924596050269 999.324823885926
0.598 -2.67558528428094 996.649238601645
0.528 7.1969696969697 1003.84620829861
0.584 5.82191780821918 1009.66812610683
0.551 -1.63339382940109 1008.03473227743
0.542 -0.3690036900369 1007.6657285874
0.559 -8.76565295169946 998.900075635697
0.584 -3.42465753424658 995.47541810145
0.559 -6.61896243291592 988.856455668534
0.551 -7.07803992740472 981.778415741129
0.359 6.96378830083565 988.742204041965
0.375 8.8 997.542204041965
0.55 -4 993.542204041965
0.581 -5.67986230636833 987.862341735597
0.58 -7.58620689655172 980.276134839045
0.57 -5.96491228070175 974.311222558343
0.544 -3.67647058823529 970.634751970108
0.567 -13.2275132275132 957.407238742595
0.59 -4.74576271186441 952.66147603073
0.58 -9.6551724137931 943.006303616937
0.523 -4.01529636711281 938.991007249824
0.548 2.55474452554745 941.545751775372
0.547 3.83912248628885 945.384874261661
0.545 -2.01834862385321 943.366525637808
0.601 5.49084858569052 948.857374223498
0.574 6.96864111498258 955.826015338481
0.566 3.18021201413428 959.006227352615
0.557 -0.179533213644524 958.82669413897
0.49 -0.816326530612245 958.010367608358
0.572 6.64335664335664 964.653724251715
0.559 -2.32558139534884 962.328142856366
0.566 3.886925795053 966.215068651419
0.617 10.8589951377634 977.074063789182
0.559 6.61896243291592 983.693026222098
0.503 -6.16302186878728 977.530004353311
0.554 4.69314079422383 982.223145147535
0.563 6.92717584369449 989.150320991229
0.548 9.85401459854015 999.004335589769
0.53 1.13207547169811 1000.13641106147
0.522 -2.29885057471264 997.837560486755
0.589 11.0356536502547 1008.87321413701
0.567 10.7583774250441 1019.63159156205
0.574 6.27177700348432 1025.90336856554
0.58 11.0344827586207 1036.93785132416
0.56 5.71428571428571 1042.65213703844
0.562 12.0996441281139 1054.75178116656
0.576 10.7638888888889 1065.51567005545
0.588 5.78231292517007 1071.29798298062
0.577 2.25303292894281 1073.55101590956
0.569 6.50263620386643 1080.05365211343
0.573 13.0890052356021 1093.14265734903
0.588 7.14285714285714 1100.28551449189
0.561 4.45632798573975 1104.74184247763
0.528 11.3636363636364 1116.10547884126
0.616 -15.5844155844156 1100.52106325685
0.601 -4.49251247920133 1096.02855077764
0.616 -12.987012987013 1083.04153779063
0.534 -16.1048689138577 1066.93666887677
0.58 -14.1379310344828 1052.79873784229
0.542 -8.11808118081181 1044.68065666148
0.536 -9.32835820895522 1035.35229845252
0.585 -8.71794871794872 1026.63434973458
0.576 -18.75 1007.88434973458
0.556 -22.3021582733813 985.582191461194
0.63 -14.9206349206349 970.661556540559
0.528 -11.3636363636364 959.297920176923
0.583 -10.4631217838765 948.834798393047
0.539 -6.86456400742115 941.970234385626
0.587 -0.170357751277683 941.799876634348
0.576 -3.47222222222222 938.327654412126
0.584 -0.342465753424658 937.985188658701
0.584 0 937.985188658701
0.602 0.996677740863787 938.981866399565
0.596 0 938.981866399565
0.59 -14.5762711864407 924.405595213124
0.556 -6.11510791366906 918.290487299455
0.582 -9.96563573883162 908.324851560623
0.581 -6.71256454388984 901.612287016733
0.571 -11.0332749562172 890.579012060516
0.59 -8.13559322033898 882.443418840177
0.578 -2.07612456747405 880.367294272703
0.565 -0.884955752212389 879.482338520491
0.567 4.40917107583774 883.891509596329
0.542 -6.64206642066421 877.249443175665
0.594 -5.05050505050505 872.198938125159
0.569 -4.39367311072056 867.805265014439
0.561 -8.02139037433155 859.783874640107
0.563 0.88809946714032 860.671974107248
0.62 -11.9354838709677 848.73649023628
0.615 0.16260162601626 848.899091862296
0.537 -6.51769087523277 842.381400987063
0.57 -9.82456140350877 832.556839583555
0.583 -6.68953687821612 825.867302705338
0.597 -1.84254606365159 824.024756641687
0.6 -1.66666666666667 822.35808997502
0.545 -7.15596330275229 815.202126672268
0.548 -2.91970802919708 812.282418643071
0.563 -6.21669626998224 806.065722373089
0.548 -1.82481751824818 804.24090485484
0.574 -5.22648083623693 799.014424018603
0.593 -0.505902192242833 798.508521826361
0.568 -6.69014084507042 791.81838098129
0.514 -3.11284046692607 788.705540514364
0.473 -5.70824524312896 782.997295271235
0.56 -7.14285714285714 775.854438128378
0.571 -5.07880910683012 770.775629021548
0.605 -2.8099173553719 767.965711666176
0.6 -1 766.965711666176
0.522 -6.13026819923372 760.835443466942
0.549 -0.546448087431694 760.288995379511
0.53 -5.28301886792453 755.005976511586
0.578 0 755.005976511586
0.545 -2.38532110091743 752.620655410669
0.537 -4.65549348230912 747.96516192836
0.542 -4.7970479704797 743.16811395788
0.557 -1.25673249551167 741.911381462368
0.534 -2.62172284644195 739.289658615926
0.531 -7.34463276836158 731.945025847565
0.538 -4.46096654275093 727.484059304814
0.548 -2.18978102189781 725.294278282916
0.539 -3.8961038961039 721.398174386812
0.514 -1.55642023346304 719.841754153349
0.58 -2.06896551724138 717.772788636108
0.537 1.30353817504655 719.076326811154
0.566 -4.24028268551237 714.836044125642
0.589 3.56536502546689 718.401409151109
0.594 4.71380471380471 723.115213864913
0.557 -0.897666068222621 722.217547796691
0.544 -0.367647058823529 721.849900737867
0.607 0.823723228995058 722.673623966862
0.58 -1.72413793103448 720.949486035828
0.577 -12.998266897747 707.951219138081
0.534 -2.24719101123596 705.704028126845
0.592 -3.37837837837838 702.325649748467
0.582 -4.12371134020619 698.20193840826
0.596 -2.3489932885906 695.85294511967
0.596 -2.3489932885906 693.503951831079
0.595 -0.168067226890756 693.335884604188
0.567 4.05643738977072 697.392321993959
0.544 -6.61764705882353 690.774674935136
0.589 -1.18845500848896 689.586219926647
0.601 -1.49750415973378 688.088715766913
0.53 4.52830188679245 692.617017653705
0.549 -0.182149362477231 692.434868291228
0.511 5.67514677103718 698.110015062265
0.569 0.527240773286467 698.637255835552
0.54 1.48148148148148 700.118737317033
0.578 12.1107266435986 712.229463960632
0.455 -1.0989010989011 711.130562861731
0.572 6.99300699300699 718.123569854738
0.456 1.75438596491228 719.87795581965
0.565 4.7787610619469 724.656716881597
0.544 6.98529411764706 731.642010999244
0.516 7.75193798449612 739.39394898374
0.578 1.03806228373702 740.432011267477
0.573 6.45724258289703 746.889253850374
0.472 6.35593220338983 753.245186053764
0.51 0.392156862745098 753.637342916509
0.556 8.63309352517986 762.270436441689
0.492 3.2520325203252 765.522468962014
0.556 2.15827338129496 767.680742343309
0.529 6.99432892249527 774.675071265804
0.564 3.54609929078014 778.221170556584
0.574 0.696864111498258 778.918034668083
0.55 1.81818181818182 780.736216486265
0.537 3.1657355679702 783.901952054235
0.566 9.18727915194346 793.089231206178
0.557 6.6427289048474 799.731960111026
0.55 -2.18181818181818 797.550141929207
0.561 -7.66488413547237 789.885257793735
0.551 -5.62613430127042 784.259123492465
0.607 -10.3789126853377 773.880210807127
0.66 -18.1818181818182 755.698392625309
0.563 -7.99289520426288 747.705497421046
0.545 -7.88990825688073 739.815589164165
0.59 2.03389830508475 741.84948746925
0.582 -7.21649484536082 734.632992623889
0.58 -6.55172413793103 728.081268485958
0.57 -6.31578947368421 721.765479012274
0.548 5.10948905109489 726.874968063369
0.562 9.25266903914591 736.127637102515
0.568 10.9154929577465 747.043130060261
0.492 8.94308943089431 755.986219491155
0.505 11.2871287128713 767.273348204027
0.526 4.18250950570342 771.45585770973
0.581 6.36833046471601 777.824188174446
0.546 10.2564102564103 788.080598430856
0.533 12.5703564727955 800.650954903652
0.57 15.4385964912281 816.08955139488
0.554 8.30324909747292 824.392800492353
0.471 1.06157112526539 825.454371617618
0.514 1.16731517509728 826.621686792716
0.554 -3.24909747292419 823.372589319791
0.517 -5.99613152804642 817.376457791745
0.485 -5.15463917525773 812.221818616487
0.574 -6.27177700348432 805.950041613003
0.568 -4.57746478873239 801.37257682427
0.576 -12.1527777777778 789.219799046493
0.575 -8.17391304347826 781.045886003014
0.585 -6.32478632478632 774.721099678228
0.577 -5.71923743500867 769.001862243219
0.593 -3.87858347386172 765.123278769358
0.567 -7.93650793650794 757.18677083285
0.468 -14.5299145299145 742.656856302935
0.541 -9.79667282809612 732.860183474839
0.5 -8.8 724.060183474839
0.584 -8.21917808219178 715.841005392647
0.552 -5.43478260869565 710.406222783952
0.499 -15.8316633266533 694.574559457298
0.58 -2.75862068965517 691.815938767643
0.603 4.14593698175788 695.961875749401
0.564 -9.9290780141844 686.032797735217
0.564 -14.8936170212766 671.13918071394
0.542 -18.8191881918819 652.319992522058
0.562 -3.91459074733096 648.405401774727
0.559 -0.178890876565295 648.226510898162
0.509 2.94695481335953 651.173465711521
0.561 4.45632798573975 655.629793697261
0.561 8.37789661319073 664.007690310452
0.575 -0.173913043478261 663.833777266974
0.594 -3.03030303030303 660.803474236671
0.544 -3.30882352941176 657.494650707259
0.546 0 657.494650707259
0.582 3.09278350515464 660.587434212414
0.58 3.79310344827586 664.380537660689
0.556 -2.51798561151079 661.862552049179
0.542 -2.5830258302583 659.27952621892
0.554 3.24909747292419 662.528623691844
0.54 -2.22222222222222 660.306401469622
0.583 1.88679245283019 662.193193922452
0.575 7.1304347826087 669.323628705061
0.558 10.3942652329749 679.717893938036
0.556 1.79856115107914 681.516455089115
0.577 13.3448873483536 694.861342437469
0.556 7.19424460431655 702.055587041785
0.542 0.738007380073801 702.793594421859
0.589 -0.848896434634975 701.944697987224
0.57 8.42105263157895 710.365750618803
0.56 8.57142857142857 718.937179190232
0.516 -5.03875968992248 713.898419500309
0.588 4.76190476190476 718.660324262214
0.549 -4.55373406193078 714.106590200283
0.565 -7.9646017699115 706.141988430372
0.564 -4.25531914893617 701.886669281435
0.535 7.28971962616822 709.176388907604
0.479 -3.54906054279749 705.627328364806
0.501 -6.187624750499 699.439703614307
0.606 -6.6006600660066 692.839043548301
0.528 3.03030303030303 695.869346578604
0.588 6.80272108843537 702.672067667039
0.523 4.39770554493308 707.069773211972
0.44 3.18181818181818 710.25159139379
0.536 -0.373134328358209 709.878457065432
0.526 4.18250950570342 714.060966571135
0.478 -5.02092050209205 709.040046069043
0.549 -3.4608378870674 705.579208181976
0.538 5.94795539033457 711.527163572311
0.556 -0.719424460431655 710.807739111879
0.592 -2.02702702702703 708.780712084852
0.537 1.67597765363128 710.456689738483
0.516 -2.32558139534884 708.131108343134
0.5 -6 702.131108343134
0.514 -12.0622568093385 690.068851533796
0.605 -1.48760330578512 688.581248228011
0.503 0.99403578528827 689.575284013299
0.568 -15.8450704225352 673.730213590764
0.516 0 673.730213590764
0.535 -5.42056074766355 668.3096528431
0.55 1.45454545454545 669.764198297646
0.52 -3.46153846153846 666.302659836107
0.543 -6.81399631675875 659.488663519348
0.55 12.3636363636364 671.852299882985
0.56 3.92857142857143 675.780871311556
0.567 7.58377425044092 683.364645561997
0.577 10.5719237435009 693.936569305498
0.611 4.09165302782324 698.028222333321
0.59 8.47457627118644 706.502798604508
0.554 13.3574007220217 719.860199326529
0.566 10.6007067137809 730.46090604031
0.58 15.1724137931034 745.633319833414
0.451 -1.99556541019956 743.637754423214
0.572 1.04895104895105 744.686705472165
0.587 1.53321976149915 746.219925233664
0.59 -1.69491525423729 744.525009979427
0.542 4.0590405904059 748.584050569833
0.51 -3.52941176470588 745.054638805127
0.599 -1.1686143572621 743.886024447865
0.589 4.58404074702886 748.470065194894
0.57 -1.40350877192982 747.066556422964
0.578 -5.88235294117647 741.184203481788
0.574 -6.62020905923345 734.563994422554
0.549 -2.73224043715847 731.831753985396
0.573 3.31588132635253 735.147635311748
0.537 4.28305400372439 739.430689315473
0.591 3.21489001692047 742.645579332393
0.557 6.6427289048474 749.28830823724
0.575 3.30434782608696 752.592656063327
0.623 -6.90208667736758 745.69056938596
0.627 -10.3668261562998 735.32374322966
0.559 -6.61896243291592 728.704780796744
0.562 12.4555160142349 741.160296810979
0.542 4.0590405904059 745.219337401385
0.56 12.8571428571429 758.076480258528
0.559 0.536672629695885 758.613152888224
0.56 7.85714285714286 766.470295745366
0.543 10.4972375690608 776.967533314427
0.574 2.4390243902439 779.406557704671
0.588 9.86394557823129 789.270503282902
0.581 10.8433734939759 800.113876776878
0.494 2.02429149797571 802.138168274854
0.615 8.61788617886179 810.756054453716
0.599 10.1836393989983 820.939693852714
0.572 8.04195804195804 828.981651894672
0.493 -0.608519269776876 828.373132624895
0.564 4.25531914893617 832.628451773831
0.558 10.0358422939068 842.664294067738
0.513 10.3313840155945 852.995678083333
0.52 8.46153846153846 861.457216544871
0.539 1.66975881261596 863.126975357487
0.549 1.63934426229508 864.766319619782
0.559 -0.178890876565295 864.587428743217
0.609 0.821018062397373 865.408446805614
0.573 -2.26876090750436 863.13968589811
0.531 -4.70809792843691 858.431587969673
0.595 -9.2436974789916 849.187890490682
0.573 -9.94764397905759 839.240246511624
0.591 -4.56852791878173 834.671718592842
0.55 -6.54545454545455 828.126264047388
0.577 -3.63951473136915 824.486749316019
0.543 4.97237569060773 829.459125006626
0.571 -0.525394045534151 828.933730961092
0.608 -8.88157894736842 820.052152013724
0.507 -5.32544378698225 814.726708226741
0.597 2.17755443886097 816.904262665602
0.552 3.26086956521739 820.16513223082
0.575 -8.52173913043478 811.643393100385
0.505 -11.2871287128713 800.356264387514
0.577 -6.06585788561525 794.290406501898
0.61 -7.21311475409836 787.0772917478
0.569 3.69068541300527 790.767977160805
0.614 -3.90879478827362 786.859182372532
0.57 -5.6140350877193 781.245147284812
0.612 -9.80392156862745 771.441225716185
0.601 -12.8119800332779 758.629245682907
0.535 -1.68224299065421 756.947002692253
0.571 -7.18038528896673 749.766617403286
0.578 -10.0346020761246 739.732015327162
0.589 -4.24448217317487 735.487533153987
0.518 -4.24710424710425 731.240428906883
0.532 -7.14285714285714 724.097571764025
0.506 -3.16205533596838 720.935516428057
0.566 -6.71378091872791 714.221735509329
0.559 -9.83899821109123 704.382737298238
0.546 -6.22710622710623 698.155631071132
0.54 -4.44444444444444 693.711186626687
0.521 -0.191938579654511 693.519248047033
0.546 -10.2564102564103 683.262837790622
0.518 0 683.262837790622
0.5 6 689.262837790622
0.543 -4.97237569060773 684.290462100015
0.587 1.19250425894378 685.482966358958
0.577 -2.59965337954939 682.883312979409
0.549 -2.00364298724954 680.87966999216
0.542 -7.74907749077491 673.130592501385
0.456 5.70175438596491 678.83234688735
0.464 -2.1551724137931 676.677174473556
0.569 -1.93321616871705 674.743958304839
0.558 -1.4336917562724 673.310266548567
0.565 7.25663716814159 680.566903716709
0.565 -1.94690265486726 678.620001061841
0.583 0.171526586620926 678.791527648462
0.569 -4.74516695957821 674.046360688884
0.552 1.08695652173913 675.133317210623
0.541 0.184842883548983 675.318160094172
0.553 -0.904159132007233 674.414000962165
0.573 4.3630017452007 678.777002707366
0.53 1.50943396226415 680.28643666963
0.538 1.85873605947955 682.145172729109
0.589 6.6213921901528 688.766564919262
0.532 1.12781954887218 689.894384468134
0.546 -0.366300366300366 689.528084101834
0.534 -3.74531835205992 685.782765749774
0.56 -6.42857142857143 679.354194321203
0.545 -3.11926605504587 676.234928266157
0.614 9.44625407166124 685.681182337818
0.585 3.58974358974359 689.270925927562
0.606 -6.93069306930693 682.340232858255
0.517 -0.58027079303675 681.759962065218
0.571 -12.4343257443082 669.32563632091
0.506 0 669.32563632091
0.612 3.92156862745098 673.247204948361
0.577 7.45233968804159 680.699544636402
0.563 6.21669626998224 686.916240906384
0.561 -1.96078431372549 684.955456592659
0.545 3.85321100917431 688.808667601833
0.588 7.14285714285714 695.95152474469
0.614 5.86319218241042 701.814716927101
0.575 10.2608695652174 712.075586492318
0.588 6.46258503401361 718.538171526332
0.598 5.01672240802676 723.554893934359
0.583 1.20068610634648 724.755580040705
0.586 5.11945392491468 729.87503396562
0.548 5.10948905109489 734.984523016715
0.556 4.67625899280576 739.66078200952
0.595 3.19327731092437 742.854059320445
0.58 2.41379310344828 745.267852423893
0.55 6.90909090909091 752.176943332984
0.57 10.8771929824561 763.05413631544
0.551 -1.99637023593466 761.057766079505
0.565 12.5663716814159 773.624137760921
0.511 2.15264187866928 775.776779639591
0.582 4.46735395189003 780.244133591481
0.588 10.5442176870748 790.788351278556
0.621 8.21256038647343 799.000911665029
0.547 6.03290676416819 805.033818429197
0.562 1.42348754448399 806.457305973681
0.577 11.6117850953206 818.069091069002
0.59 6.77966101694915 824.848752085951
0.582 4.46735395189003 829.316106037841
0.58 2.06896551724138 831.385071555082
0.614 7.81758957654723 839.202661131629
0.605 10.7438016528926 849.946462784522
0.563 2.66429840142096 852.610761185943
0.522 6.13026819923372 858.741029385177
0.488 2.86885245901639 861.609881844193
0.566 10.2473498233216 871.857231667515
0.547 6.39853747714808 878.255769144663
0.533 12.5703564727955 890.826125617458
0.575 17.5652173913043 908.391343008763
0.582 17.1821305841924 925.573473592955
0.614 15.3094462540717 940.882919847027
0.57 6.31578947368421 947.198709320711
0.587 11.4139693356048 958.612678656316
0.593 15.6829679595278 974.295646615844
0.524 6.10687022900763 980.402516844851
0.529 7.75047258979206 988.152989434643
0.503 3.77733598409543 991.930325418739
0.546 3.2967032967033 995.227028715442
0.537 5.77281191806332 1000.99984063351
0.571 9.28196147110333 1010.28180210461
0.455 4.61538461538461 1014.89718671999
0.574 10.1045296167247 1025.00171633672
0.621 4.99194847020934 1029.99366480693
0.525 1.71428571428571 1031.70795052121
0.506 0.395256916996047 1032.10320743821
0.534 -0.374531835205993 1031.728675603
0.535 2.80373831775701 1034.53241392076
0.519 8.67052023121387 1043.20293415197
0.581 11.5318416523236 1054.7347758043
0.615 12.8455284552846 1067.58030425958
0.556 1.79856115107914 1069.37886541066
0.553 -11.3924050632911 1057.98646034737
0.588 -0.680272108843537 1057.30618823853
0.511 -0.587084148727984 1056.7191040898
0.474 -5.90717299578059 1050.81193109402
0.583 -8.74785591766724 1042.06407517635
0.538 -0.371747211895911 1041.69232796445
0.555 -6.30630630630631 1035.38602165815
0.608 -12.1710526315789 1023.21496902657
0.552 -16.304347826087 1006.91062120048
0.57 -4.91228070175439 1001.99834049873
0.567 -8.64197530864197 993.356365190086
0.57 -13.6842105263158 979.67215466377
0.58 -7.58620689655172 972.085947767219
0.539 -11.317254174397 960.768693592822
0.558 -5.73476702508961 955.033926567732
0.489 -1.84049079754601 953.193435770186
0.55 -12.7272727272727 940.466163042913
0.573 -17.9755671902269 922.490595852687
0.608 -20.7236842105263 901.76691164216
0.607 -12.3558484349259 889.411063207234
0.633 -18.4834123222749 870.927650884959
0.615 -16.4227642276423 854.504886657317
0.576 -12.1527777777778 842.352108879539
0.615 -10.5691056910569 831.783003188482
0.603 -9.78441127694859 821.998591911534
0.581 -10.4991394148021 811.499452496732
0.605 0.826446280991736 812.325898777724
0.551 -0.907441016333938 811.41845776139
0.594 -3.7037037037037 807.714754057686
0.605 -7.76859504132231 799.946159016364
0.502 -1.19521912350598 798.750939892858
0.614 -12.7035830618893 786.047356830968
0.522 -6.89655172413793 779.15080510683
0.549 -11.1111111111111 768.039693995719
0.607 -9.06095551894563 758.978738476774
0.538 -4.46096654275093 754.517771934023
0.532 -0.75187969924812 753.765892234775
0.492 -2.4390243902439 751.326867844531
0.459 -3.26797385620915 748.058893988322
0.535 -0.934579439252336 747.124314549069
0.561 -10.5169340463458 736.607380502723
0.584 -6.50684931506849 730.100531187655
0.601 -9.81697171381032 720.283559473845
0.565 -6.90265486725664 713.380904606588
0.56 0.357142857142857 713.738047463731
0.615 -5.69105691056911 708.046990553162
0.573 -7.85340314136126 700.1935874118
0.506 4.34782608695652 704.541413498757
0.532 -5.6390977443609 698.902315754396
0.535 1.30841121495327 700.210726969349
0.479 -12.3173277661795 687.89339920317
0.521 -9.40499040307102 678.488408800099
0.425 4 682.488408800099
0.411 5.10948905109489 687.597897851194
0.531 -5.08474576271186 682.513152088482
0.56 -7.14285714285714 675.370294945625
0.47 -8.51063829787234 666.859656647752
0.518 -7.72200772200772 659.137648925745
0.551 -5.26315789473684 653.874491031008
0.568 -6.69014084507042 647.184350185937
0.591 -8.62944162436548 638.554908561572
0.576 -17.7083333333333 620.846575228239
0.565 -4.7787610619469 616.067814166292
0.565 -5.13274336283186 610.93507080346
0.539 -7.97773654916512 602.957334254295
0.533 -9.9437148217636 593.013619432531
0.621 -9.50080515297907 583.512814279552
0.595 -6.21848739495798 577.294326884594
0.608 -12.1710526315789 565.123274253015
0.574 -3.83275261324042 561.290521639775
0.54 -8.51851851851852 552.772003121256
0.575 0.173913043478261 552.945916164734
0.553 -10.3074141048825 542.638502059852
0.581 -6.71256454388984 535.925937515962
0.558 -4.6594982078853 531.266439308077
0.588 -4.08163265306122 527.184806655016
0.55 0 527.184806655016
0.514 -7.00389105058366 520.180915604432
0.551 9.25589836660617 529.436813971038
0.547 -3.10786106032907 526.328952910709
0.575 -3.65217391304348 522.676778997666
0.579 -15.3713298791019 507.305449118564
0.535 -15.1401869158879 492.165262202676
0.557 1.25673249551167 493.421994698187
0.566 0.706713780918728 494.128708479106
0.526 -3.80228136882129 490.326427110285
0.601 -0.166389351081531 490.160037759203
0.571 -0.875656742556918 489.284381016646
0.557 -9.15619389587074 480.128187120776
0.591 2.87648054145516 483.004667662231
0.554 -8.30324909747292 474.701418564758
0.531 4.70809792843691 479.409516493195
0.445 -7.86516853932584 471.544347953869
0.542 -3.690036900369 467.8543110535
0.565 -3.71681415929204 464.137496894208
0.538 -3.3457249070632 460.791771987145
0.524 1.90839694656489 462.70016893371
0.56 -3.92857142857143 458.771597505138
0.57 -4.91228070175439 453.859316803384
0.539 2.41187384044527 456.271190643829
0.537 3.53817504655493 459.809365690384
0.532 7.14285714285714 466.952222833241
0.511 -7.6320939334638 459.320128899777
0.523 -3.25047801147228 456.069650888305
0.558 -10.0358422939068 446.033808594398
0.576 -2.43055555555556 443.603253038843
0.537 1.67597765363128 445.279230692474
0.546 4.76190476190476 450.041135454379
0.53 -3.0188679245283 447.02226752985
0.549 -3.4608378870674 443.561429642783
0.49 2.85714285714286 446.418572499926
0.563 3.01953818827709 449.438110688203
0.578 7.61245674740484 457.050567435608
0.584 7.19178082191781 464.242348257526
0.568 2.8169014084507 467.059249665976
0.561 4.45632798573975 471.515577651716
0.591 -3.21489001692047 468.300687634796
0.507 2.56410256410256 470.864790198898
0.502 7.96812749003984 478.832917688938
0.578 6.9204152249135 485.753332913852
0.547 4.57038391224863 490.3237168261
0.552 -5.43478260869565 484.888934217405
0.505 -10.4950495049505 474.393884712454
0.545 -2.75229357798165 471.641591134472
0.538 -3.71747211895911 467.924119015513
0.579 -3.62694300518135 464.297176010332
0.544 7.35294117647059 471.650117186803
0.572 -2.44755244755245 469.20256473925
0.576 -6.25 462.95256473925
0.558 -6.09318996415771 456.859374775092
0.513 -0.584795321637427 456.274579453455
0.462 0 456.274579453455
0.533 1.68855534709193 457.963134800547
0.585 2.56410256410256 460.527237364649
0.553 2.7124773960217 463.239714760671
0.575 -2.60869565217391 460.631019108497
0.568 -2.8169014084507 457.814117700046
0.564 3.19148936170213 461.005607061749
0.567 -2.64550264550265 458.360104416246
0.561 1.60427807486631 459.964382491112
0.577 2.94627383015598 462.910656321268
0.591 -6.93739424703892 455.973262074229
0.604 -0.993377483443709 454.979884590786
0.572 -1.04895104895105 453.930933541835
0.604 0.33112582781457 454.262059369649
0.543 -0.920810313075506 453.341249056574
0.58 0 453.341249056574
0.568 -6.33802816901408 447.00322088756
0.579 -3.97236614853195 443.030854739028
0.558 -0.3584229390681 442.67243179996
0.575 -5.39130434782609 437.281127452133
0.593 -4.89038785834739 432.390739593786
0.435 -0.229885057471264 432.160854536315
0.526 -8.74524714828897 423.415607388026
0.573 -5.41012216404887 418.005485223977
0.558 1.7921146953405 419.797599919317
0.541 -7.94824399260628 411.849355926711
0.49 0 411.849355926711
0.632 -3.48101265822785 408.368343268483
0.574 -1.74216027874564 406.626182989738
0.55 -2.18181818181818 404.444364807919
0.451 -9.53436807095344 394.909996736966
0.495 -3.03030303030303 391.879693706663
0.485 1.44329896907216 393.322992675735
0.533 -8.06754221388368 385.255450461852
0.56 -5 380.255450461852
0.508 -5.11811023622047 375.137340225631
0.494 -4.8582995951417 370.279040630489
0.604 -4.96688741721854 365.312153213271
0.565 -8.31858407079646 356.993569142474
0.524 -5.34351145038168 351.650057692093
0.6 2 353.650057692093
0.561 -2.31729055258467 351.332767139508
0.534 -3.37078651685393 347.961980622654
0.547 -0.182815356489945 347.779165266164
0.572 1.3986013986014 349.177766664765
0.514 2.33463035019455 351.51239701496
0.508 -3.1496062992126 348.362790715748
0.562 -2.13523131672598 346.227559399022
0.557 4.12926391382406 350.356823312846
0.496 -5.64516129032258 344.711662022523
0.482 -7.05394190871369 337.657720113809
0.565 -3.36283185840708 334.294888255402
0.564 -0.354609929078014 333.940278326324
0.535 2.05607476635514 335.996353092679
0.569 2.28471001757469 338.281063110254
0.561 -0.17825311942959 338.102809990824
0.578 10.7266435986159 348.82945358944
0.538 -7.0631970260223 341.766256563418
0.551 2.35934664246824 344.125603205886
0.588 -6.12244897959184 338.003154226294
0.543 -6.07734806629834 331.925806159996
0.515 -0.58252427184466 331.343281888151
0.594 -1.34680134680135 329.99648054135
0.589 8.31918505942275 338.315665600773
0.519 1.73410404624277 340.049769647016
0.548 -2.55474452554745 337.495025121468
0.593 3.87858347386172 341.37360859533
0.576 6.59722222222222 347.970830817552
0.569 0.175746924428823 348.146577741981
0.557 14.5421903052065 362.688768047187
0.576 2.43055555555556 365.119323602743
0.556 5.75539568345324 370.874719286196
0.59 6.44067796610169 377.315397252298
0.496 0.403225806451613 377.71862305875
0.509 2.16110019646365 379.879723255213
0.551 -3.44827586206897 376.431447393144
0.561 7.30837789661319 383.739825289757
0.558 9.67741935483871 393.417244644596
0.58 9.6551724137931 403.072417058389
0.552 6.52173913043478 409.594156188824
0.522 -0.766283524904215 408.82787266392
0.525 3.61904761904762 412.446920282967
0.53 0 412.446920282967
0.535 -1.30841121495327 411.138509068014
0.526 -6.4638783269962 404.674630741018
0.551 -0.181488203266788 404.493142537751
0.536 0 404.493142537751
0.494 0 404.493142537751
0.54 2.59259259259259 407.085735130344
0.542 -1.1070110701107 405.978724060233
0.565 7.25663716814159 413.235361228375
0.586 -7.50853242320819 405.726828805166
0.508 -4.7244094488189 401.002419356348
0.572 -9.44055944055944 391.561859915788
0.552 -13.768115942029 377.793743973759
0.574 0 377.793743973759
0.585 -8.71794871794872 369.07579525581
0.541 -12.3844731977819 356.691322058029
0.512 4.6875 361.378822058029
0.584 -3.42465753424658 357.954164523782
0.538 -7.80669144981413 350.147473073968
0.531 3.95480225988701 354.102275333855
0.524 -2.29007633587786 351.812198997977
0.469 -3.19829424307036 348.613904754907
0.52 -7.69230769230769 340.921597062599
0.506 -4.34782608695652 336.573770975642
0.507 -5.71992110453649 330.853849871106
0.529 -3.59168241965974 327.262167451446
0.48 -8.33333333333333 318.928834118113
0.552 0.72463768115942 319.653471799272
0.482 -2.4896265560166 317.163845243256
0.529 -3.21361058601134 313.950234657244
0.532 -1.12781954887218 312.822415108372
0.556 -12.589928057554 300.232487050818
0.559 -18.4257602862254 281.806726764593
0.566 0 281.806726764593
0.562 11.0320284697509 292.838755234344
0.56 1.78571428571429 294.624469520058
0.557 -1.25673249551167 293.367737024546
0.538 -8.92193308550186 284.445803939044
0.528 -3.78787878787879 280.657925151166
0.527 -4.7438330170778 275.914092134088
0.502 -4.7808764940239 271.133215640064
0.489 -4.29447852760736 266.838737112457
0.541 3.88170055452865 270.720437666985
0.518 0.772200772200772 271.492638439186
0.466 -7.29613733905579 264.19650110013
0.502 -0.398406374501992 263.798094725628
0.549 -3.4608378870674 260.337256838561
0.498 -1.20481927710843 259.132437561452
0.513 6.4327485380117 265.565186099464
0.555 7.38738738738739 272.952573486851
0.534 4.49438202247191 277.446955509323
0.491 -7.53564154786151 269.911313961462
0.566 -3.53356890459364 266.377745056868
0.515 -5.63106796116505 260.746677095703
0.422 -7.10900473933649 253.637672356367
0.523 0.191204588910134 253.828876945277
0.574 -5.22648083623693 248.60239610904
0.526 -6.4638783269962 242.138517782044
0.509 8.05500982318271 250.193527605226
0.561 0.53475935828877 250.728286963515
0.569 -0.878734622144112 249.849552341371
0.585 -2.90598290598291 246.943569435388
0.572 -0.699300699300699 246.244268736087
0.509 3.33988212180747 249.584150857895
0.576 10.0694444444444 259.653595302339
0.533 12.1951219512195 271.848717253559
0.55 7.63636363636364 279.485080889922
0.561 6.95187165775401 286.436952547676
0.558 5.73476702508961 292.171719572766
0.544 3.30882352941176 295.480543102178
0.569 -1.93321616871705 293.547326933461
0.51 1.17647058823529 294.723797521696
0.55 -2.54545454545455 292.178342976242
0.566 -6.71378091872791 285.464562057514
0.597 3.18257956448911 288.647141622003
0.575 -7.1304347826087 281.516706839394
0.559 6.97674418604651 288.493451025441
0.537 -0.931098696461825 287.562352328979
0.527 4.7438330170778 292.306185346057
0.554 -7.94223826714801 284.363947078909
0.538 -7.0631970260223 277.300750052886
0.564 -1.06382978723404 276.236920265652
0.53 2.26415094339623 278.501071209048
0.521 11.3243761996161 289.825447408665
0.543 3.13075506445672 292.956202473121
0.527 -0.189753320683112 292.766449152438
0.566 8.12720848056537 300.893657633003
0.51 9.01960784313725 309.913265476141
0.516 4.26356589147287 314.176831367614
0.578 9.34256055363322 323.519391921247
0.516 8.52713178294574 332.046523704193
0.549 0.182149362477231 332.22867306667
0.557 -5.2064631956912 327.022209870979
0.545 -0.55045871559633 326.471751155382
0.577 3.63951473136915 330.111265886751
0.595 -2.52100840336134 327.59025748339
0.563 -4.08525754884547 323.504999934545
0.535 -4.67289719626168 318.832102738283
0.514 1.94552529182879 320.777628030112
0.568 6.33802816901408 327.115656199126
0.595 8.90756302521008 336.023219224336
0.507 8.48126232741617 344.504481551752
0.538 8.55018587360595 353.054667425358
0.542 2.2140221402214 355.268689565579
0.583 2.57289879931389 357.841588364893
0.538 7.0631970260223 364.904785390916
0.52 0.769230769230769 365.674016160146
0.551 2.72232304900181 368.396339209148
0.554 4.69314079422383 373.089480003372
0.552 5.79710144927536 378.886581452647
0.553 15.0090415913201 393.895623043967
0.573 18.3246073298429 412.22023037381
0.599 4.17362270450751 416.393853078318
0.566 10.9540636042403 427.347916682558
0.565 10.4424778761062 437.790394558664
0.465 0.21505376344086 438.005448322105
0.507 11.6370808678501 449.642529189955
0.546 7.69230769230769 457.334836882263
0.556 3.23741007194245 460.572246954205
0.557 5.56552962298025 466.137776577186
0.569 -8.26010544815466 457.877671129031
0.54 -2.22222222222222 455.655448906809
0.556 3.23741007194245 458.892858978751
0.53 4.52830188679245 463.421160865544
0.445 13.2584269662921 476.679587831836
0.574 -2.09059233449477 474.588995497341
0.562 -3.20284697508897 471.386148522252
0.571 -0.175131348511384 471.211017173741
0.483 -2.69151138716356 468.519505786577
0.574 -2.09059233449477 466.428913452082
0.517 -0.193423597678917 466.235489854404
0.526 -0.760456273764259 465.475033580639
0.465 -2.79569892473118 462.679334655908
0.459 -3.7037037037037 458.975630952204
0.509 -4.12573673870334 454.849894213501
0.517 -6.76982591876209 448.080068294739
0.505 -0.99009900990099 447.089969284838
0.54 -4.81481481481481 442.275154470023
0.466 -2.57510729613734 439.700047173886
0.535 -12.8971962616822 426.802850912204
0.552 -0.36231884057971 426.440532071624
0.541 -4.25138632162662 422.189145749997
0.546 -1.83150183150183 420.357643918495
0.51 -5.88235294117647 414.475290977319
0.524 -6.48854961832061 407.986741358998
0.564 -1.41843971631206 406.568301642686
0.564 -5.67375886524823 400.894542777438
0.513 -10.3313840155945 390.563158761844
0.514 5.05836575875486 395.621524520598
0.555 -0.900900900900901 394.720623619697
0.543 9.02394106813996 403.744564687837
0.574 -1.04529616724739 402.69926852059
0.567 3.7037037037037 406.402972224294
0.519 -1.34874759152216 405.054224632772
0.518 4.24710424710425 409.301328879876
0.584 7.53424657534247 416.835575455218
0.552 -4.34782608695652 412.487749368262
0.542 -6.64206642066421 405.845682947598
0.528 -3.40909090909091 402.436592038507
0.551 -2.35934664246824 400.077245396038
0.533 6.56660412757974 406.643849523618
0.518 -0.386100386100386 406.257749137518
0.522 7.27969348659004 413.537442624108
0.559 8.05008944543828 421.587532069546
0.545 -3.48623853211009 418.101293537436
0.554 -1.08303249097473 417.018261046461
0.578 4.84429065743945 421.862551703901
0.592 6.41891891891892 428.28147062282
0.546 12.4542124542125 440.735683077032
0.581 8.0895008605852 448.825183937617
0.577 4.33275563258232 453.1579395702
0.536 0.746268656716418 453.904208226916
0.538 11.8959107806691 465.800119007585
0.559 3.39892665474061 469.199045662326
0.584 13.013698630137 482.212744292463
0.55 7.63636363636364 489.849107928826
0.549 14.7540983606557 504.603206289482
0.523 6.69216061185468 511.295366901337
0.515 2.13592233009709 513.431289231434
0.588 7.82312925170068 521.254418483135
0.541 4.62107208872458 525.875490571859
0.514 -3.89105058365759 521.984439988202
0.547 -4.93601462522852 517.048425362973
0.53 0.377358490566038 517.425783853539
0.537 9.12476722532588 526.550551078865
0.545 19.2660550458716 545.816606124736
0.511 5.28375733855186 551.100363463288
0.477 5.24109014675052 556.341453610039
0.567 16.0493827160494 572.390836326088
0.507 11.6370808678501 584.027917193938
0.474 1.68776371308017 585.715680907019
0.447 10.0671140939597 595.782795000978
0.493 1.82555780933063 597.608352810309
0.523 3.63288718929254 601.241239999601
0.463 -6.69546436285097 594.54577563675
0.537 -1.30353817504655 593.242237461704
0.504 1.58730158730159 594.829539049006
0.544 -2.94117647058824 591.888362578417
0.55 3.27272727272727 595.161089851145
0.562 -6.40569395017794 588.755395900967
0.558 -1.0752688172043 587.680127083762
0.555 4.5045045045045 592.184631588267
0.553 10.3074141048825 602.492045693149
0.567 7.93650793650794 610.428553629657
0.55 6.54545454545455 616.974008175112
0.547 1.27970749542962 618.253715670541
0.548 6.93430656934307 625.188022239885
0.466 3.86266094420601 629.050683184091
0.557 13.8240574506284 642.874740634719
0.536 8.2089552238806 651.083695858599
0.588 14.9659863945578 666.049682253157
0.557 4.84739676840215 670.897079021559
0.522 -5.74712643678161 665.149952584778
0.526 2.28136882129278 667.431321406071
0.507 3.74753451676529 671.178855922836
0.469 -2.3454157782516 668.833440144584
0.512 7.8125 676.645940144584
0.624 -2.24358974358974 674.402350400995
0.544 9.55882352941176 683.961173930406
0.547 5.30164533820841 689.262819268615
0.561 1.60427807486631 690.867097343481
0.543 11.2338858195212 702.100983163002
0.522 8.81226053639847 710.913243699401
0.557 7.71992818671454 718.633171886115
0.495 8.68686868686869 727.320040572984
0.534 11.9850187265918 739.305059299576
0.481 8.52390852390852 747.828967823484
0.542 1.4760147601476 749.304982583632
0.48 10 759.304982583632
0.521 5.95009596928983 765.255078552922
0.568 1.40845070422535 766.663529257147
0.552 14.1304347826087 780.793964039756
0.565 15.7522123893805 796.546176429136
0.592 17.2297297297297 813.775906158866
0.535 12.1495327102804 825.925438869146
0.551 8.16696914700544 834.092408016152
0.528 1.51515151515152 835.607559531303
0.507 12.0315581854043 847.639117716708
0.575 11.304347826087 858.943465542795
0.574 1.74216027874564 860.68562582154
0.596 1.00671140939597 861.692337230936
0.566 13.7809187279152 875.473255958851
0.58 8.62068965517241 884.093945614024
0.592 11.8243243243243 895.918269938348
0.573 0.174520069808028 896.092790008156
0.577 8.49220103986135 904.584991048018
0.554 14.0794223826715 918.664413430689
0.551 11.070780399274 929.735193829963
0.597 14.9078726968174 944.64306652678
0.566 5.30035335689046 949.943419883671
0.563 9.05861456483126 959.002034448502
0.605 11.7355371900826 970.737571638585
0.561 14.0819964349376 984.819568073522
0.579 9.49913644214162 994.318704515664
0.524 6.48854961832061 1000.80725413398
0.598 15.0501672240803 1015.85742135806
0.644 10.5590062111801 1026.41642756925
0.572 12.5874125874126 1039.00384015666
0.559 14.1323792486583 1053.13621940532
0.628 10.1910828025478 1063.32730220786
0.453 3.75275938189845 1067.08006158976
0.535 2.80373831775701 1069.88379990752
0.576 5.90277777777778 1075.7865776853
0.512 7.03125 1082.8178276853
0.562 9.9644128113879 1092.78224049668
0.587 14.1396933560477 1106.92193385273
0.506 11.0671936758893 1117.98912752862
0.622 22.1864951768489 1140.17562270547
0.531 11.1111111111111 1151.28673381658
0.515 11.8446601941748 1163.13139401076
0.531 9.98116760828625 1173.11256161904
0.565 7.9646017699115 1181.07716338895
0.553 13.2007233273056 1194.27788671626
0.585 3.93162393162393 1198.20951064788
0.56 15.3571428571429 1213.56665350503
0.605 13.0578512396694 1226.6245047447
0.59 19.3220338983051 1245.946538643
0.571 7.53064798598949 1253.47718662899
0.553 -1.62748643761302 1251.84970019138
0.51 5.49019607843137 1257.33989626981
0.512 7.03125 1264.37114626981
0.597 13.5678391959799 1277.93898546579
0.602 21.2624584717608 1299.20144393755
0.509 7.66208251473477 1306.86352645228
0.531 10.7344632768362 1317.59798972912
0.548 8.02919708029197 1325.62718680941
0.572 19.5804195804196 1345.20760638983
0.615 15.4471544715447 1360.65476086138
0.586 8.53242320819113 1369.18718406957
0.52 11.1538461538462 1380.34103022341
0.609 16.9129720853859 1397.2540023088
0.545 10.4587155963303 1407.71271790513
0.584 -4.10958904109589 1403.60312886403
0.563 -2.66429840142096 1400.93883046261
0.576 6.59722222222222 1407.53605268484
0.579 -2.93609671848014 1404.59995596636
0.579 7.7720207253886 1412.37197669174
0.597 9.54773869346734 1421.91971538521
0.604 4.96688741721854 1426.88660280243
0.593 2.52951096121417 1429.41611376364
0.579 -4.66321243523316 1424.75290132841
0.57 -3.50877192982456 1421.24412939859
0.624 -7.37179487179487 1413.87233452679
0.598 -3.01003344481605 1410.86230108198
0.591 -6.93739424703892 1403.92490683494
0.595 -9.2436974789916 1394.68120935595
0.601 -3.49417637271215 1391.18703298323
0.586 -10.580204778157 1380.60682820508
0.58 -6.55172413793103 1374.05510406715
0.574 2.09059233449477 1376.14569640164
0.553 -2.7124773960217 1373.43321900562
0.624 -5.12820512820513 1368.30501387741
0.572 -2.7972027972028 1365.50781108021
0.511 -0.195694716242661 1365.31211636397
0.472 0.423728813559322 1365.73584517753
0.599 2.83806343906511 1368.57390861659
0.564 -4.9645390070922 1363.6093696095
0.567 -6.87830687830688 1356.73106273119
0.594 -7.07070707070707 1349.66035566049
0.601 -8.81863560732113 1340.84172005316
0.598 -6.35451505016722 1334.487205003
0.62 1.29032258064516 1335.77752758364
0.466 6.43776824034335 1342.21529582399
0.566 -3.53356890459364 1338.68172691939
0.562 -2.84697508896797 1335.83475183042
0.595 -4.53781512605042 1331.29693670437
0.566 4.24028268551237 1335.53721938989
0.612 0 1335.53721938989
0.6 1.33333333333333 1336.87055272322
0.59 2.03389830508475 1338.9044510283
0.604 -0.662251655629139 1338.24219937268
0.616 5.19480519480519 1343.43700456748
0.61 0 1343.43700456748
0.527 3.2258064516129 1346.66281101909
0.573 8.20244328097731 1354.86525430007
0.551 8.8929219600726 1363.75817626014
0.577 3.63951473136915 1367.39769099151
0.566 4.59363957597173 1371.99133056748
0.521 3.6468330134357 1375.63816358092
0.551 4.53720508166969 1380.17536866259
0.523 1.33843212237094 1381.51380078496
0.559 3.04114490161002 1384.55494568657
0.585 -2.56410256410256 1381.99084312247
0.551 0.907441016333938 1382.8982841388
0.52 4.61538461538461 1387.51366875419
0.589 12.0543293718166 1399.567998126
0.551 0.907441016333938 1400.47543914234
0.489 3.88548057259714 1404.36091971493
0.509 3.33988212180747 1407.70080183674
0.439 -3.87243735763098 1403.82836447911
0.55 2.54545454545455 1406.37381902457
0.568 -4.57746478873239 1401.79635423583
0.566 -3.53356890459364 1398.26278533124
0.51 7.84313725490196 1406.10592258614
0.54 11.8518518518519 1417.95777443799
0.478 3.34728033472803 1421.30505477272
0.525 1.33333333333333 1422.63838810605
0.557 -1.25673249551167 1421.38165561054
0.582 -5.84192439862543 1415.53973121192
0.622 -2.2508038585209 1413.2889273534
0.619 -6.94668820678514 1406.34223914661
0.556 -5.03597122302158 1401.30626792359
0.575 1.21739130434783 1402.52365922794
0.595 2.85714285714286 1405.38080208508
0.577 8.14558058925477 1413.52638267434
0.587 4.59965928449744 1418.12604195883
0.533 6.94183864915572 1425.06788060799
0.589 3.56536502546689 1428.63324563346
0.575 0.173913043478261 1428.80715867693
0.563 1.24333925399645 1430.05049793093
0.532 0.75187969924812 1430.80237763018
0.556 -1.43884892086331 1429.36352870931
0.567 -1.23456790123457 1428.12896080808
0.576 1.38888888888889 1429.51784969697
0.592 2.02702702702703 1431.544876724
0.556 -3.9568345323741 1427.58804219162
0.581 -9.12220309810671 1418.46583909352
0.581 5.67986230636833 1424.14570139988
0.56 -2.5 1421.64570139988
0.545 -0.18348623853211 1421.46221516135
0.57 2.80701754385965 1424.26923270521
0.614 -1.30293159609121 1422.96630110912
0.582 7.21649484536082 1430.18279595448
0.561 0.17825311942959 1430.36104907391
0.571 2.62697022767075 1432.98801930158
0.579 4.31778929188256 1437.30580859346
0.489 6.33946830265849 1443.64527689612
0.537 2.04841713221601 1445.69369402834
0.567 1.94003527336861 1447.63372930171
0.498 -1.60642570281124 1446.0273035989
0.519 -1.73410404624277 1444.29319955265
0.542 -1.1070110701107 1443.18618848254
0.562 2.84697508896797 1446.03316357151
0.593 8.60033726812816 1454.63350083964
0.543 7.91896869244936 1462.55246953209
0.564 1.77304964539007 1464.32551917748
0.553 -4.15913200723327 1460.16638717024
0.556 -2.15827338129496 1458.00811378895
0.574 -0.696864111498258 1457.31124967745
0.567 4.40917107583774 1461.72042075329
0.591 -0.50761421319797 1461.21280654009
0.495 5.05050505050505 1466.2633115906
0.493 -1.01419878296146 1465.24911280763
0.525 3.23809523809524 1468.48720804573
0.583 10.4631217838765 1478.95032982961
0.562 6.76156583629893 1485.71189566591
0.6 15 1500.71189566591
0.603 12.106135986733 1512.81803165264
0.508 4.7244094488189 1517.54244110146
0.51 8.62745098039216 1526.16989208185
0.545 -3.48623853211009 1522.68365354974
0.529 11.531190926276 1534.21484447602
0.504 5.55555555555556 1539.77040003157
0.474 2.10970464135021 1541.88010467292
0.595 9.57983193277311 1551.45993660569
0.618 12.9449838187702 1564.40492042446
0.515 4.46601941747573 1568.87093984194
0.56 10 1578.87093984194
0.477 9.43396226415094 1588.30490210609
0.597 14.2378559463987 1602.54275805249
0.536 0 1602.54275805249
0.561 19.7860962566845 1622.32885430917
0.543 7.55064456721915 1629.87949887639
0.562 11.3879003558719 1641.26739923227
0.565 15.3982300884956 1656.66562932076
0.567 0.529100529100529 1657.19472984986
0.527 5.88235294117647 1663.07708279104
0.569 11.0720562390158 1674.14913903005
0.561 14.0819964349376 1688.23113546499
0.506 8.300395256917 1696.53153072191
0.44 9.54545454545454 1706.07698526736
0.546 5.49450549450549 1711.57149076187
0.538 7.0631970260223 1718.63468778789
0.553 6.69077757685353 1725.32546536474
0.569 12.4780316344464 1737.80349699919
0.591 9.30626057529611 1747.10975757449
0.607 15.3212520593081 1762.43100963379
0.6 19 1781.43100963379
0.591 12.3519458544839 1793.78295548828
0.643 11.353032659409 1805.13598814769
0.572 13.2867132867133 1818.4227014344
0.584 19.1780821917808 1837.60078362618
0.565 16.1061946902655 1853.70697831645
0.573 11.3438045375218 1865.05078285397
0.545 13.7614678899083 1878.81225074388
0.59 16.271186440678 1895.08343718455
0.58 19.6551724137931 1914.73860959835
0.504 6.34920634920635 1921.08781594755
0.56 12.8571428571429 1933.9449588047
0.589 20.2037351443124 1954.14869394901
0.508 6.69291338582677 1960.84160733484
0.607 14.99176276771 1975.83337010255
0.529 13.7996219281664 1989.63299203071
0.621 22.061191626409 2011.69418365712
0.624 14.4230769230769 2026.1172605802
0.56 3.57142857142857 2029.68868915163
0.528 -3.78787878787879 2025.90081036375
0.578 13.1487889273356 2039.04959929108
0.6 6 2045.04959929108
0.551 -1.27041742286751 2043.77918186822
0.555 1.26126126126126 2045.04044312948
0.501 1.79640718562874 2046.83685031511
0.551 7.44101633393829 2054.27786664904
0.504 -1.19047619047619 2053.08739045857
0.566 4.59363957597173 2057.68103003454
0.523 1.7208413001912 2059.40187133473
0.537 -2.42085661080074 2056.98101472393
0.494 -4.45344129554656 2052.52757342838
0.508 -0.393700787401575 2052.13387264098
0.53 10.188679245283 2062.32255188627
0.507 14.3984220907298 2076.720973977
0.486 16.8724279835391 2093.59340196053
0.536 1.86567164179104 2095.45907360233
0.543 2.02578268876611 2097.48485629109
0.483 -4.34782608695652 2093.13703020414
0.538 -3.71747211895911 2089.41955808518
0.553 -1.98915009041591 2087.43040799476
0.503 1.39165009940358 2088.82205809416
0.427 2.10772833723653 2090.9297864314
0.569 -4.74516695957821 2086.18461947182
0.634 -8.83280757097792 2077.35181190084
0.557 -0.897666068222621 2076.45414583262
0.602 -7.9734219269103 2068.48072390571
0.564 -3.54609929078014 2064.93462461493
0.604 -12.2516556291391 2052.68296898579
0.589 -11.0356536502547 2041.64731533554
0.564 -3.54609929078014 2038.10121604476
0.596 -14.0939597315436 2024.00725631321
0.568 -4.92957746478873 2019.07767884842
0.578 -7.95847750865052 2011.11920133977
0.535 -3.92523364485981 2007.19396769491
0.618 -10.0323624595469 1997.16160523537
0.579 -10.1899827288428 1986.97162250652
0.543 -4.23572744014733 1982.73589506638
0.555 -9.18918918918919 1973.54670587719
0.515 13.0097087378641 1986.55641461505
0.593 8.60033726812816 1995.15675188318
0.603 10.7794361525705 2005.93618803575
0.562 2.84697508896797 2008.78316312472
0.58 -2.06896551724138 2006.71419760748
0.489 4.70347648261759 2011.4176740901
0.592 -11.4864864864865 1999.93118760361
0.606 -8.58085808580858 1991.3503295178
0.592 -7.43243243243243 1983.91789708537
0.589 -5.94227504244482 1977.97562204292
0.596 -8.05369127516779 1969.92193076776
0.641 -7.33229329173167 1962.58963747602
0.502 8.36653386454183 1970.95617134057
0.548 8.02919708029197 1978.98536842086
0.59 2.03389830508475 1981.01926672594
0.604 1.98675496688742 1983.00602169283
0.602 2.6578073089701 1985.6638290018
0.602 0 1985.6638290018
0.589 1.18845500848896 1986.85228401029
0.497 4.62776659959759 1991.48005060989
0.544 2.57352941176471 1994.05358002165
0.583 -2.91595197255575 1991.1376280491
0.538 -1.11524163568773 1990.02238641341
0.58 -1.72413793103448 1988.29824848237
0.592 9.7972972972973 1998.09554577967
0.47 13.6170212765957 2011.71256705627
0.512 4.6875 2016.40006705627
0.558 5.73476702508961 2022.13483408136
0.56 9.64285714285714 2031.77769122421
0.583 9.09090909090909 2040.86860031512
0.568 3.52112676056338 2044.38972707569
0.602 7.64119601328904 2052.03092308897
0.61 4.26229508196721 2056.29321817094
0.535 2.05607476635514 2058.3492929373
0.563 1.59857904085258 2059.94787197815
0.583 -1.88679245283019 2058.06107952532
0.535 -1.30841121495327 2056.75266831037
0.48 8.75 2065.50266831037
0.503 10.1391650099404 2075.64183332031
0.556 -5.39568345323741 2070.24614986707
0.543 -0.184162062615101 2070.06198780445
0.562 6.04982206405694 2076.11180986851
0.523 5.92734225621415 2082.03915212472
0.563 9.05861456483126 2091.09776668956
0.523 8.60420650095602 2099.70197319051
0.479 -2.2964509394572 2097.40552225105
0.565 -4.7787610619469 2092.62676118911
0.517 11.7988394584139 2104.42560064752
0.575 6.43478260869565 2110.86038325622
0.545 5.32110091743119 2116.18148417365
0.512 6.25 2122.43148417365
0.597 -1.50753768844221 2120.92394648521
0.537 2.79329608938547 2123.71724257459
0.609 -3.77668308702791 2119.94055948756
0.58 6.20689655172414 2126.14745603929
0.566 3.886925795053 2130.03438183434
0.5 6 2136.03438183434
0.568 11.9718309859155 2148.00621282026
0.591 8.29103214890017 2156.29724496916
0.55 5.81818181818182 2162.11542678734
0.596 3.35570469798658 2165.47113148533
0.588 5.10204081632653 2170.57317230165
0.589 -2.88624787775891 2167.68692442389
0.577 10.5719237435009 2178.25884816739
0.618 18.1229773462783 2196.38182551367
0.6 16.3333333333333 2212.71515884701
0.62 15.8064516129032 2228.52161045991
0.603 6.46766169154229 2234.98927215145
0.64 10 2244.98927215145
0.592 0.337837837837838 2245.32710998929
0.559 6.61896243291592 2251.9460724222
0.552 7.2463768115942 2259.1924492338
0.555 -2.34234234234234 2256.85010689146
0.631 3.32805071315372 2260.17815760461
0.594 -3.36700336700337 2256.81115423761
0.459 -1.96078431372549 2254.85036992388
0.452 -8.4070796460177 2246.44329027786
0.436 6.88073394495413 2253.32402422282
0.505 7.72277227722772 2261.04679650005
0.499 -3.40681362725451 2257.63998287279
0.527 0.94876660341556 2258.58874947621
0.54 -3.33333333333333 2255.25541614287
0.57 -2.45614035087719 2252.799275792
0.552 -4.71014492753623 2248.08913086446
0.522 1.14942528735632 2249.23855615182
0.514 -1.55642023346304 2247.68213591835
0.485 -3.91752577319588 2243.76461014516
0.519 5.97302504816956 2249.73763519333
0.545 -4.58715596330275 2245.15047923002
0.556 5.39568345323741 2250.54616268326
0.561 -4.45632798573975 2246.08983469752
0.536 2.23880597014925 2248.32864066767
0.596 -6.04026845637584 2242.2883722113
0.592 -4.39189189189189 2237.8964803194
0.586 -3.07167235494881 2234.82480796445
0.57 -1.05263157894737 2233.77217638551
0.616 3.8961038961039 2237.66828028161
0.585 -1.1965811965812 2236.47169908503
0.568 -6.69014084507042 2229.78155823996
0.587 4.59965928449744 2234.38121752446
0.572 0.699300699300699 2235.08051822376
0.571 -5.07880910683012 2230.00170911693
0.566 -6.00706713780919 2223.99464197912
0.559 -3.39892665474061 2220.59571532438
0.581 -0.172117039586919 2220.42359828479
0.59 -6.77966101694915 2213.64393726784
0.549 -2.00364298724954 2211.64029428059
0.581 2.92598967297762 2214.56628395357
0.591 0.846023688663283 2215.41230764223
0.574 2.4390243902439 2217.85133203248
0.558 -2.8673835125448 2214.98394851993
0.544 -2.94117647058824 2212.04277204934
0.498 -1.20481927710843 2210.83795277223
0.516 11.2403100775194 2222.07826284975
0.562 -0.355871886120996 2221.72239096363
0.496 2.01612903225806 2223.73851999589
0.493 8.72210953346856 2232.46062952936
0.576 10.0694444444444 2242.5300739738
0.511 7.6320939334638 2250.16216790727
0.561 7.30837789661319 2257.47054580388
0.571 3.67775831873905 2261.14830412262
0.549 -0.546448087431694 2260.60185603519
0.532 0.37593984962406 2260.97779588481
0.523 -7.83938814531549 2253.1384077395
0.515 0.970873786407767 2254.10928152591
0.507 -4.93096646942801 2249.17831505648
0.539 2.41187384044527 2251.59018889692
0.537 -0.558659217877095 2251.03152967905
0.583 0.514579759862779 2251.54610943891
0.52 -2.69230769230769 2248.8538017466
0.561 1.96078431372549 2250.81458606033
0.569 6.50263620386643 2257.31722226419
0.562 10.3202846975089 2267.6375069617
0.529 -6.99432892249527 2260.64317803921
0.511 -3.71819960861057 2256.9249784306
0.495 1.81818181818182 2258.74316024878
0.482 7.46887966804979 2266.21203991683
0.496 6.04838709677419 2272.2604270136
0.484 4.54545454545455 2276.80588155906
0.564 0.709219858156028 2277.51510141721
0.507 -0.19723865877712 2277.31786275843
0.461 -3.25379609544469 2274.06406666299
0.506 -6.32411067193676 2267.73995599105
0.49 5.71428571428571 2273.45424170534
0.512 -0.390625 2273.06361670534
0.563 2.30905861456483 2275.3726753199
0.503 0.596421471172962 2275.96909679108
0.527 5.12333965844402 2281.09243644952
0.592 -2.02702702702703 2279.06540942249
0.557 12.7468581687612 2291.81226759126
0.55 12.3636363636364 2304.17590395489
0.554 3.6101083032491 2307.78601225814
0.571 2.97723292469352 2310.76324518283
0.61 18.6885245901639 2329.451769773
0.589 4.58404074702886 2334.03581052003
0.606 20.4620462046205 2354.49785672465
0.569 5.4481546572935 2359.94601138194
0.588 9.86394557823129 2369.80995696017
0.562 1.42348754448399 2371.23344450466
0.582 -5.49828178694158 2365.73516271771
0.544 -2.57352941176471 2363.16163330595
0.541 4.62107208872458 2367.78270539467
0.639 -3.91236306729264 2363.87034232738
0.6 -4.66666666666667 2359.20367566071
0.526 4.56273764258555 2363.7664133033
0.568 1.76056338028169 2365.52697668358
0.609 6.40394088669951 2371.93091757028
0.526 25.8555133079848 2397.78643087827
0.552 15.2173913043478 2413.00382218261
0.602 5.98006644518272 2418.9838886278
0.607 10.3789126853377 2429.36280131313
0.542 9.96309963099631 2439.32590094413
0.481 8.10810810810811 2447.43400905224
0.569 17.0474516695958 2464.48146072183
0.608 13.4868421052632 2477.9683028271
0.574 15.3310104529617 2493.29931328006
0.553 15.370705244123 2508.67001852418
0.6 17 2525.67001852418
0.597 18.5929648241206 2544.2629833483
0.588 10.8843537414966 2555.1473370898
0.571 11.3835376532399 2566.53087474304
0.584 -0.342465753424658 2566.18840898962
0.577 -3.29289428076257 2562.89551470885
0.465 -4.08602150537634 2558.80949320348
0.532 -6.39097744360902 2552.41851575987
0.583 -1.88679245283019 2550.53172330704
0.55 9.81818181818182 2560.34990512522
0.566 2.82685512367491 2563.17676024889
0.496 3.2258064516129 2566.40256670051
0.555 1.62162162162162 2568.02418832213
0.47 7.65957446808511 2575.68376279021
0.577 4.33275563258232 2580.0165184228
0.531 5.08474576271186 2585.10126418551
0.532 -0.75187969924812 2584.34938448626
0.565 0.176991150442478 2584.5263756367
0.587 3.91822827938671 2588.44460391609
0.568561872909699 8.23529411764706 2596.67989803374
