gc_content gc_skew gc_culm
0.397 -8.31234256926952 -8.31234256926952
0.431 -12.7610208816705 -21.0733634509401
0.387 -17.312661498708 -38.3860249496481
0.389 -17.7377892030848 -56.1238141527329
0.375 -14.1333333333333 -70.2571474860662
0.382 -12.0418848167539 -82.2990323028202
0.393 9.9236641221374 -72.3753681806828
0.404 -5.44554455445545 -77.8209127351382
0.436 -15.5963302752294 -93.4172430103676
0.397 1.7632241813602 -91.6540188290074
0.388 -9.27835051546392 -100.932369344471
0.365 -14.5205479452055 -115.452917289677
0.403 -16.1290322580645 -131.581949547741
0.401 -2.24438902743142 -133.826338575173
0.374 -6.41711229946524 -140.243450874638
0.393 -3.81679389312977 -144.060244767768
0.392 -3.06122448979592 -147.121469257564
0.402 1.49253731343284 -145.628931944131
0.391 -8.95140664961637 -154.580338593747
0.416 -15.8653846153846 -170.445723209132
0.359 -10.3064066852368 -180.752129894369
0.397 -8.31234256926952 -189.064472463638
0.432 -12.037037037037 -201.101509500675
0.366 -12.0218579234973 -213.123367424172
0.383 0.261096605744125 -212.862270818428
0.37 5.40540540540541 -207.456865413023
0.391 -4.34782608695652 -211.804691499979
0.359 -5.2924791086351 -217.097170608614
0.385 -11.6883116883117 -228.785482296926
0.42 -15.2380952380952 -244.023577535021
0.378 -14.2857142857143 -258.309291820736
0.393 0.254452926208651 -258.054838894527
0.39 -9.23076923076923 -267.285608125296
0.419 -12.1718377088305 -279.457445834127
0.392 -2.04081632653061 -281.498262160657
0.361 1.38504155124654 -280.113220609411
0.414 -4.34782608695652 -284.461046696367
0.413 -14.7699757869249 -299.231022483292
0.428 -6.07476635514019 -305.305788838433
0.392 1.02040816326531 -304.285380675167
0.365 -6.84931506849315 -311.13469574366
0.396 -18.1818181818182 -329.316513925479
0.366 -3.82513661202186 -333.1416505375
0.414 -15.9420289855072 -349.083679523008
0.412 -16.504854368932 -365.58853389194
0.383 -10.7049608355091 -376.293494727449
0.39 -16.9230769230769 -393.216571650526
0.389 -12.5964010282776 -405.812972678803
0.412 -11.1650485436893 -416.978021222493
0.381 -5.51181102362205 -422.489832246115
0.381 -7.08661417322835 -429.576446419343
0.397 -12.3425692695214 -441.919015688865
0.376 -7.97872340425532 -449.89773909312
0.409 -12.958435207824 -462.856174300944
0.363 -5.78512396694215 -468.641298267886
0.378 -16.9312169312169 -485.572515199103
0.374 -6.41711229946524 -491.989627498568
0.394 -12.1827411167513 -504.172368615319
0.408 -0.980392156862745 -505.152760772182
0.403 11.166253101737 -493.986507670445
0.393 18.0661577608142 -475.920349909631
0.389 5.91259640102828 -470.007753508603
0.356 5.0561797752809 -464.951573733322
0.407 -0.737100737100737 -465.688674470422
0.401 6.23441396508728 -459.454260505335
0.404 -8.91089108910891 -468.365151594444
0.364 -6.59340659340659 -474.958558187851
0.394 8.12182741116751 -466.836730776683
0.393 -3.30788804071247 -470.144618817396
0.396 -5.05050505050505 -475.195123867901
0.416 -14.9038461538462 -490.098970021747
0.394 -5.0761421319797 -495.175112153727
0.361 0.277008310249307 -494.898103843477
0.36 3.33333333333333 -491.564770510144
0.37 4.86486486486486 -486.699905645279
0.379 2.9023746701847 -483.797530975094
0.417 -8.87290167865707 -492.670432653751
0.421 -4.51306413301663 -497.183496786768
0.4 -2 -499.183496786768
0.367 -5.17711171662125 -504.360608503389
0.391 14.5780051150895 -489.7826033883
0.38 -0.526315789473684 -490.308919177773
0.359 -8.07799442896936 -498.386913606743
0.378 -1.58730158730159 -499.974215194044
0.382 1.04712041884817 -498.927094775196
0.392 0 -498.927094775196
0.395 9.36708860759494 -489.560006167601
0.36 5 -484.560006167601
0.355 10.4225352112676 -474.137470956334
0.395 9.87341772151899 -464.264053234815
0.389 0.77120822622108 -463.492845008594
0.411 16.7883211678832 -446.70452384071
0.378 3.7037037037037 -443.000820137007
0.364 3.2967032967033 -439.704116840303
0.384 10.9375 -428.766616840303
0.381 6.03674540682415 -422.729871433479
0.394 17.7664974619289 -404.96337397155
0.392 6.12244897959184 -398.840924991959
0.38 7.89473684210526 -390.946188149853
0.374 12.2994652406417 -378.646722909212
0.36 5.55555555555556 -373.091167353656
0.395 9.36708860759494 -363.724078746061
0.384 11.9791666666667 -351.744912079394
0.361 5.81717451523546 -345.927737564159
0.367 6.26702997275204 -339.660707591407
0.452 9.73451327433628 -329.926194317071
0.359 0.278551532033426 -329.647642785037
0.409 25.6723716381418 -303.975271146895
0.418 8.61244019138756 -295.362830955508
0.402 2.48756218905473 -292.875268766453
0.399 4.26065162907268 -288.61461713738
0.374 9.09090909090909 -279.523708046471
0.391 1.79028132992327 -277.733426716548
0.376 5.31914893617021 -272.414277780378
0.393 5.85241730279898 -266.561860477579
0.384 7.29166666666667 -259.270193810912
0.393 -4.83460559796438 -264.104799408877
0.397 -0.755667506297229 -264.860466915174
0.39 27.6923076923077 -237.168159222866
0.393 14.5038167938931 -222.664342428973
0.426 8.92018779342723 -213.744154635546
0.385 -1.2987012987013 -215.042855934247
0.352 -2.84090909090909 -217.883765025156
0.43 22.7906976744186 -195.093067350737
0.421 18.7648456057007 -176.328221745037
0.376 9.04255319148936 -167.285668553547
0.429 15.1515151515152 -152.134153402032
0.386 21.7616580310881 -130.372495370944
0.384 15.1041666666667 -115.268328704278
0.402 15.4228855721393 -99.8454431321382
0.384 18.75 -81.0954431321382
0.429 5.82750582750583 -75.2679373046324
0.39 -5.12820512820513 -80.3961424328375
0.38 16.8421052631579 -63.5540371696796
0.395 21.0126582278481 -42.5413789418315
0.407 9.58230958230958 -32.9590693595219
0.382 3.1413612565445 -29.8177081029774
0.416 0.480769230769231 -29.3369388722082
0.4 -5 -34.3369388722082
0.392 -9.69387755102041 -44.0308164232286
0.407 10.5651105651106 -33.465705858118
0.418 11.4832535885167 -21.9824522696013
0.393 19.5928753180662 -2.38957695153514
0.38 16.8421052631579 14.4525283116228
0.365 12.8767123287671 27.3292406403899
0.379 12.9287598944591 40.258000534849
0.41 7.31707317073171 47.5750737055807
0.401 16.2094763092269 63.7845500148076
0.376 20.7446808510638 84.5292308658715
0.374 13.903743315508 98.4329741813795
0.418 7.6555023923445 106.088476573724
0.388 14.9484536082474 121.036930181971
0.428 -0.934579439252336 120.102350742719
0.404 -14.8514851485149 105.250865594204
0.388 12.8865979381443 118.137463532349
0.381 17.5853018372703 135.722765369619
0.42 12.8571428571429 148.579908226762
0.391 16.1125319693095 164.692440196071
0.415 22.8915662650602 187.584006461131
0.393 7.37913486005089 194.963141321182
0.391 12.0204603580563 206.983601679239
0.425 4.94117647058824 211.924778149827
0.388 -0.515463917525773 211.409314232301
0.387 5.42635658914729 216.835670821448
0.409 -8.55745721271394 208.278213608734
0.4 4 212.278213608734
0.387 13.6950904392765 225.973304048011
0.376 2.65957446808511 228.632878516096
0.38 11.5789473684211 240.211825884517
0.379 8.70712401055409 248.918949895071
0.378 20.1058201058201 269.024770000891
0.408 5.3921568627451 274.416926863636
0.397 0.755667506297229 275.172594369934
0.39 -2.56410256410256 272.608491805831
0.408 3.43137254901961 276.039864354851
0.386 5.69948186528497 281.739346220136
0.422 10.9004739336493 292.639820153785
0.414 0.483091787439614 293.122911941225
0.388 7.21649484536082 300.339406786585
0.418 7.17703349282297 307.516440279408
0.398 4.02010050251256 311.536540781921
0.405 1.72839506172839 313.264935843649
0.396 11.6161616161616 324.881097459811
0.394 1.01522842639594 325.896325886207
0.402 1.49253731343284 327.38886319964
0.373 2.94906166219839 330.337924861838
0.351 12.2507122507123 342.58863711255
0.395 18.4810126582278 361.069649770778
0.41 10.2439024390244 371.313552209803
0.411 15.3284671532847 386.642019363087
0.377 14.5888594164456 401.230878779533
0.357 3.64145658263305 404.872335362166
0.378 20.1058201058201 424.978155467986
0.328 12.1951219512195 437.173277419205
0.377 5.03978779840849 442.213065217614
0.388 12.8865979381443 455.099663155758
0.377 2.91777188328912 458.017435039047
0.381 10.761154855643 468.77858989469
0.391 24.2966751918159 493.075265086506
0.401 13.216957605985 506.292222692491
0.387 5.94315245478036 512.235375147272
0.424 11.7924528301887 524.02782797746
0.395 11.3924050632911 535.420233040752
0.383 12.2715404699739 547.691773510725
0.366 9.2896174863388 556.981390997064
0.389 4.88431876606684 561.865709763131
0.429 8.62470862470862 570.49041838784
0.427 9.13348946135831 579.623907849198
0.39 -3.07692307692308 576.546984772275
0.404 1.98019801980198 578.527182792077
0.39 -5.12820512820513 573.398977663872
0.391 14.0664961636829 587.465473827555
0.416 20.1923076923077 607.657781519862
0.415 0.72289156626506 608.380673086127
0.393 2.79898218829517 611.179655274423
0.387 8.01033591731266 619.189991191735
0.373 0.804289544235925 619.994280735971
0.367 -3.54223433242507 616.452046403546
0.373 4.02144772117962 620.473494124726
0.382 12.565445026178 633.038939150904
0.364 10.4395604395604 643.478499590464
0.377 14.5888594164456 658.06735900691
0.384 8.85416666666667 666.921525673576
0.363 12.9476584022039 679.86918407578
0.434 11.0599078341014 690.929091909882
0.371 2.96495956873315 693.894051478615
0.385 22.5974025974026 716.491454076017
0.384 13.5416666666667 730.033120742684
0.386 11.9170984455959 741.95021918828
0.414 11.1111111111111 753.061330299391
0.376 14.3617021276596 767.423032427051
0.381 19.1601049868766 786.583137413927
0.413 7.02179176755448 793.604929181482
0.383 4.96083550913838 798.56576469062
0.388 2.06185567010309 800.627620360723
0.374 -1.60427807486631 799.023342285857
0.423 12.5295508274232 811.55289311328
0.428 -7.00934579439252 804.543547318888
0.412 -9.70873786407767 794.83480945481
0.402 -6.46766169154229 788.367147763268
0.381 9.71128608923885 798.078433852506
0.349 15.1862464183381 813.264680270845
0.385 7.01298701298701 820.277667283832
0.385 15.3246753246753 835.602342608507
0.381 13.9107611548556 849.513103763363
0.439 7.97266514806378 857.485768911426
0.373 -1.34048257372654 856.1452863377
0.37 10.2702702702703 866.41555660797
0.401 0.249376558603491 866.664933166574
0.406 13.7931034482759 880.458036614849
0.393 20.6106870229008 901.06872363775
0.391 18.6700767263427 919.738800364093
0.393 13.4860050890585 933.224805453151
0.402 5.4726368159204 938.697442269072
0.384 -5.72916666666667 932.968275602405
0.357 -0.280112044817927 932.688163557587
0.417 13.189448441247 945.877611998834
0.438 16.4383561643836 962.315968163218
0.403 4.21836228287841 966.534330446096
0.418 6.69856459330144 973.232895039398
0.394 7.10659898477157 980.339494024169
0.353 15.5807365439093 995.920230568079
0.395 10.8860759493671 1006.80630651745
0.404 0 1006.80630651745
0.379 -12.9287598944591 993.877546622987
0.387 -9.56072351421189 984.316823108775
0.384 6.77083333333333 991.087656442108
0.36 -4.44444444444444 986.643211997664
0.41 10.2439024390244 996.887114436688
0.361 9.14127423822715 1006.02838867492
0.4 1.5 1007.52838867492
0.369 0.813008130081301 1008.341396805
0.405 10.1234567901235 1018.46485359512
0.382 8.90052356020942 1027.36537715533
0.399 20.3007518796992 1047.66612903503
0.391 -0.255754475703325 1047.41037455933
0.366 17.4863387978142 1064.89671335714
0.402 25.3731343283582 1090.2698476855
0.388 2.06185567010309 1092.3317033556
0.386 12.4352331606218 1104.76693651622
0.412 11.6504854368932 1116.41742195312
0.395 -6.83544303797468 1109.58197891514
0.372 8.06451612903226 1117.64649504417
0.398 -5.52763819095477 1112.11885685322
0.377 11.4058355437666 1123.52469239699
0.39 11.2820512820513 1134.80674367904
0.404 14.3564356435644 1149.1631793226
0.404 17.8217821782178 1166.98496150082
0.411 10.9489051094891 1177.93386661031
0.379 18.7335092348285 1196.66737584514
0.376 16.4893617021277 1213.15673754726
0.403 12.1588089330025 1225.31554648027
0.394 11.6751269035533 1236.99067338382
0.366 -15.3005464480874 1221.69012693573
0.414 8.69565217391304 1230.38577910965
0.402 2.98507462686567 1233.37085373651
0.369 11.6531165311653 1245.02397026768
0.38 22.6315789473684 1267.65554921504
0.367 14.441416893733 1282.09696610878
0.434 6.45161290322581 1288.548579012
0.427 -7.25995316159251 1281.28862585041
0.397 6.80100755667506 1288.08963340709
0.415 11.8072289156626 1299.89686232275
0.384 12.5 1312.39686232275
0.359 16.991643454039 1329.38850577679
0.39 16.4102564102564 1345.79876218704
0.391 15.6010230179028 1361.39978520495
0.383 11.2271540469974 1372.62693925194
0.426 11.7370892018779 1384.36402845382
0.403 9.18114143920596 1393.54516989303
0.438 8.21917808219178 1401.76434797522
0.384 -0.520833333333333 1401.24351464189
0.37 -9.72972972972973 1391.51378491216
0.418 4.78468899521531 1396.29847390737
0.402 25.8706467661692 1422.16912067354
0.384 11.4583333333333 1433.62745400687
0.382 21.4659685863874 1455.09342259326
0.404 16.8316831683168 1471.92510576158
0.403 18.1141439205955 1490.03924968217
0.424 5.66037735849057 1495.69962704066
0.364 10.989010989011 1506.68863802968
0.391 16.1125319693095 1522.80116999899
0.388 3.60824742268041 1526.40941742167
0.389 12.5964010282776 1539.00581844994
0.374 10.6951871657754 1549.70100561572
0.39 13.8461538461538 1563.54715946187
0.398 13.0653266331658 1576.61248609504
0.4 10 1586.61248609504
0.372 26.3440860215054 1612.95657211654
0.404 6.93069306930693 1619.88726518585
0.356 10.1123595505618 1629.99962473641
0.369 14.3631436314363 1644.36276836785
0.376 23.936170212766 1668.29893858061
0.344 11.6279069767442 1679.92684555736
0.364 2.1978021978022 1682.12464775516
0.393 15.0127226463104 1697.13737040147
0.434 11.5207373271889 1708.65810772866
0.397 9.31989924433249 1717.97800697299
0.406 13.7931034482759 1731.77111042127
0.402 16.9154228855721 1748.68653330684
0.392 15.8163265306122 1764.50285983745
0.369 14.9051490514905 1779.40800888894
0.389 17.2236503856041 1796.63165927455
0.428 14.018691588785 1810.65035086333
0.414 -6.76328502415459 1803.88706583918
0.405 4.19753086419753 1808.08459670338
0.421 7.36342042755344 1815.44801713093
0.395 7.84810126582278 1823.29611839675
0.435 13.5632183908046 1836.85933678756
0.363 0.275482093663912 1837.13481888122
0.431 11.368909512761 1848.50372839398
0.419 7.39856801909308 1855.90229641307
0.437 2.97482837528604 1858.87712478836
0.383 16.9712793733681 1875.84840416173
0.374 17.6470588235294 1893.49546298526
0.384 18.2291666666667 1911.72462965192
0.416 13.4615384615385 1925.18616811346
0.414 -4.34782608695652 1920.83834202651
0.405 16.5432098765432 1937.38155190305
0.394 20.3045685279188 1957.68612043097
0.418 21.0526315789474 1978.73875200992
0.433 14.5496535796767 1993.28840558959
0.42 17.1428571428571 2010.43126273245
0.39 -4.61538461538461 2005.81587811707
0.391 8.43989769820972 2014.25577581528
0.399 16.7919799498747 2031.04775576515
0.413 9.44309927360775 2040.49085503876
0.411 16.7883211678832 2057.27917620664
0.421 15.4394299287411 2072.71860613538
0.399 4.76190476190476 2077.48051089729
0.395 10.8860759493671 2088.36658684665
0.401 7.73067331670823 2096.09726016336
0.377 3.44827586206897 2099.54553602543
0.367 4.08719346049046 2103.63272948592
0.421 10.6888361045131 2114.32156559043
0.378 7.40740740740741 2121.72897299784
0.378 4.23280423280423 2125.96177723065
0.395 17.9746835443038 2143.93646077495
0.451 9.09090909090909 2153.02736986586
0.366 7.65027322404372 2160.6776430899
0.397 2.26700251889169 2162.94464560879
0.395 0.253164556962025 2163.19781016576
0.388 0 2163.19781016576
0.413 13.8014527845036 2176.99926295026
0.391 11.5089514066496 2188.50821435691
0.417 -3.11750599520384 2185.39070836171
0.402 21.8905472636816 2207.28125562539
0.395 26.5822784810127 2233.8635341064
0.418 16.2679425837321 2250.13147669013
0.394 13.1979695431472 2263.32944623328
0.409 -4.15647921760391 2259.17296701568
0.433 2.07852193995381 2261.25148895563
0.401 3.74064837905237 2264.99213733468
0.415 -0.240963855421687 2264.75117347926
0.397 -3.27455919395466 2261.47661428531
0.386 -6.73575129533679 2254.74086298997
0.435 -0.689655172413793 2254.05120781755
0.406 6.89655172413793 2260.94775954169
0.393 5.34351145038168 2266.29127099207
0.394 18.2741116751269 2284.5653826672
0.415 15.1807228915663 2299.74610555877
0.427 11.943793911007 2311.68989946977
0.388 23.1958762886598 2334.88577575843
0.396 19.1919191919192 2354.07769495035
0.379 17.6781002638522 2371.75579521421
0.368 13.5869565217391 2385.34275173595
0.369 15.4471544715447 2400.78990620749
0.396 16.6666666666667 2417.45657287416
0.418 15.7894736842105 2433.24604655837
0.386 18.6528497409326 2451.8988962993
0.39 7.69230769230769 2459.59120399161
0.382 9.42408376963351 2469.01528776124
0.375 26.4 2495.41528776124
0.449 4.23162583518931 2499.64691359643
0.409 16.8704156479218 2516.51732924435
0.397 0.251889168765743 2516.76921841312
0.41 0 2516.76921841312
0.392 4.59183673469388 2521.36105514781
0.393 18.5750636132316 2539.93611876104
0.39 18.974358974359 2558.9104777354
0.395 29.1139240506329 2588.02440178604
0.363 20.1101928374656 2608.1345946235
0.408 15.6862745098039 2623.8208691333
0.386 9.84455958549223 2633.6654287188
0.446 9.86547085201794 2643.53089957081
0.406 15.7635467980296 2659.29444636884
0.409 13.4474327628362 2672.74187913168
0.377 9.28381962864722 2682.02569876033
0.414 19.3236714975845 2701.34937025791
0.377 11.9363395225464 2713.28570978046
0.384 11.4583333333333 2724.74404311379
0.369 24.6612466124661 2749.40528972626
0.407 13.5135135135135 2762.91880323977
0.439 4.78359908883827 2767.70240232861
0.346 -4.04624277456647 2763.65615955404
0.39 17.9487179487179 2781.60487750276
0.4 27.5 2809.10487750276
0.382 17.2774869109948 2826.38236441376
0.387 12.1447028423773 2838.52706725613
0.385 4.41558441558442 2842.94265167172
0.45 0 2842.94265167172
0.403 1.73697270471464 2844.67962437643
0.394 -4.56852791878173 2840.11109645765
0.413 -8.95883777239709 2831.15225868525
0.409 -1.71149144254279 2829.44076724271
0.377 5.03978779840849 2834.48055504112
0.377 12.9973474801061 2847.47790252123
0.391 -1.27877237851662 2846.19913014271
0.396 14.1414141414141 2860.34054428412
0.418 7.6555023923445 2867.99604667647
0.405 20.9876543209877 2888.98370099745
0.436 16.9724770642202 2905.95617806168
0.385 24.1558441558442 2930.11202221752
0.393 0.254452926208651 2930.36647514373
0.439 -11.1617312072893 2919.20474393644
0.4 1.5 2920.70474393644
0.447 14.0939597315436 2934.79870366798
0.382 3.1413612565445 2937.94006492453
0.406 8.86699507389163 2946.80705999842
0.401 3.74064837905237 2950.54770837747
0.441 -6.57596371882086 2943.97174465865
0.389 4.88431876606684 2948.85606342472
0.435 10.3448275862069 2959.20089101092
0.454 17.1806167400881 2976.38150775101
0.403 14.6401985111663 2991.02170626218
0.409 17.359413202934 3008.38111946511
0.416 12.9807692307692 3021.36188869588
0.42 14.2857142857143 3035.6476029816
0.419 8.83054892601432 3044.47815190761
0.383 2.87206266318538 3047.3502145708
0.383 25.3263707571802 3072.67658532798
0.4 23 3095.67658532798
0.37 20 3115.67658532798
0.404 0.495049504950495 3116.17163483293
0.383 24.8041775456919 3140.97581237862
0.424 8.0188679245283 3148.99468030315
0.374 17.6470588235294 3166.64173912668
0.384 14.5833333333333 3181.22507246001
0.4 3.5 3184.72507246001
0.422 7.10900473933649 3191.83407719935
0.378 -4.23280423280423 3187.60127296654
0.464 -0.862068965517241 3186.73920400102
0.407 -1.22850122850123 3185.51070277252
0.397 -0.251889168765743 3185.25881360376
0.36 8.33333333333333 3193.59214693709
0.376 15.4255319148936 3209.01767885198
0.375 9.33333333333333 3218.35101218532
0.398 -4.02010050251256 3214.3309116828
0.397 1.25944584382872 3215.59035752663
0.391 15.6010230179028 3231.19138054454
0.401 -5.7356608478803 3225.45571969666
0.38 -8.94736842105263 3216.5083512756
0.382 7.32984293193717 3223.83819420754
0.365 16.1643835616438 3240.00257776918
0.39 2.05128205128205 3242.05385982047
0.408 -7.35294117647059 3234.700918644
0.392 20.9183673469388 3255.61928599093
0.386 9.32642487046632 3264.9457108614
0.381 12.8608923884514 3277.80660324985
0.373 10.9919571045576 3288.79856035441
0.392 13.265306122449 3302.06386647686
0.402 10.4477611940299 3312.51162767089
0.382 9.94764397905759 3322.45927164995
0.418 18.1818181818182 3340.64108983176
0.385 13.2467532467532 3353.88784307852
0.384 7.8125 3361.70034307852
0.395 -1.26582278481013 3360.43452029371
0.373 17.9624664879357 3378.39698678164
0.372 13.9784946236559 3392.3754814053
0.371 14.2857142857143 3406.66119569101
0.416 21.1538461538462 3427.81504184486
0.401 11.7206982543641 3439.53574009922
0.367 17.1662125340599 3456.70195263328
0.395 17.4683544303797 3474.17030706366
0.376 2.65957446808511 3476.82988153175
0.397 20.4030226700252 3497.23290420177
0.394 7.61421319796954 3504.84711739974
0.367 13.3514986376022 3518.19861603735
0.409 9.04645476772616 3527.24507080507
0.436 13.302752293578 3540.54782309865
0.396 15.1515151515152 3555.69933825016
0.404 18.8118811881188 3574.51121943828
0.404 8.91089108910891 3583.42211052739
0.424 3.30188679245283 3586.72399731985
0.403 10.1736972704715 3596.89769459032
0.394 8.62944162436548 3605.52713621468
0.404 4.95049504950495 3610.47763126419
0.38 13.1578947368421 3623.63552600103
0.397 18.3879093198992 3642.02343532093
0.404 17.8217821782178 3659.84521749915
0.424 12.2641509433962 3672.10936844254
0.398 4.52261306532663 3676.63198150787
0.408 1.47058823529412 3678.10256974316
0.389 -6.94087403598972 3671.16169570717
0.38 6.84210526315789 3678.00380097033
0.4 9.5 3687.50380097033
0.356 13.4831460674157 3700.98694703775
0.371 15.3638814016173 3716.35082843936
0.412 12.621359223301 3728.97218766267
0.354 17.5141242937853 3746.48631195645
0.378 14.2857142857143 3760.77202624216
0.399 14.2857142857143 3775.05774052788
0.414 17.3913043478261 3792.44904487571
0.409 18.3374083129584 3810.78645318866
0.397 16.8765743073048 3827.66302749597
0.409 13.4474327628362 3841.1104602588
0.39 6.15384615384615 3847.26430641265
0.387 1.29198966408269 3848.55629607673
0.402 25.3731343283582 3873.92943040509
0.446 -18.8340807174888 3855.0953496876
0.359 3.06406685236769 3858.15941653997
0.378 15.8730158730159 3874.03243241299
0.372 7.52688172043011 3881.55931413342
0.408 18.6274509803922 3900.18676511381
0.382 13.6125654450262 3913.79933055883
0.393 24.6819338422392 3938.48126440107
0.413 6.05326876513317 3944.53453316621
0.398 -9.54773869346734 3934.98679447274
0.364 17.5824175824176 3952.56921205516
0.358 17.3184357541899 3969.88764780935
0.392 13.7755102040816 3983.66315801343
0.399 11.2781954887218 3994.94135350215
0.425 15.2941176470588 4010.23547114921
0.393 -0.254452926208651 4009.981018223
0.406 0.492610837438424 4010.47362906044
0.409 -0.733496332518337 4009.74013272792
0.425 -0.235294117647059 4009.50483861027
0.435 -2.98850574712644 4006.51633286315
0.398 14.572864321608 4021.08919718476
0.401 13.216957605985 4034.30615479074
0.435 11.264367816092 4045.57052260683
0.419 5.48926014319809 4051.05978275003
0.401 -2.24438902743142 4048.8153937226
0.414 -7.72946859903382 4041.08592512357
0.393 0.254452926208651 4041.34037804977
0.384 18.2291666666667 4059.56954471644
0.4 25 4084.56954471644
0.406 25.615763546798 4110.18530826324
0.434 7.37327188940092 4117.55858015264
0.465 9.67741935483871 4127.23599950748
0.375 -11.4666666666667 4115.76933284081
0.405 6.66666666666667 4122.43599950748
0.408 7.84313725490196 4130.27913676238
0.374 14.9732620320856 4145.25239879447
0.404 8.41584158415842 4153.66824037862
0.367 22.0708446866485 4175.73908506527
0.441 17.9138321995465 4193.65291726482
0.394 12.1827411167513 4205.83565838157
0.389 1.2853470437018 4207.12100542527
0.356 22.4719101123596 4229.59291553763
0.375 8.26666666666667 4237.8595822043
0.361 4.15512465373961 4242.01470685804
0.342 -2.33918128654971 4239.67552557149
0.439 14.3507972665148 4254.026322838
0.352 1.70454545454545 4255.73086829255
0.383 10.7049608355091 4266.43582912806
0.439 4.32801822323462 4270.76384735129
0.414 -2.41545893719807 4268.34838841409
0.398 0.50251256281407 4268.85090097691
0.386 -2.59067357512953 4266.26022740178
0.408 10.7843137254902 4277.04454112727
0.382 16.7539267015707 4293.79846782884
0.4 9 4302.79846782884
0.384 3.64583333333333 4306.44430116217
0.382 3.1413612565445 4309.58566241872
0.381 11.2860892388451 4320.87175165756
0.375 0.8 4321.67175165756
0.432 11.1111111111111 4332.78286276867
0.399 7.26817042606516 4340.05103319474
0.367 1.36239782016349 4341.4134310149
0.411 4.13625304136253 4345.54968405627
0.421 5.46318289786223 4351.01286695413
0.387 10.594315245478 4361.60718219961
0.42 7.14285714285714 4368.75003934246
0.396 15.1515151515152 4383.90155449398
0.422 17.5355450236967 4401.43709951767
0.416 5.28846153846154 4406.72556105614
0.45 14.2222222222222 4420.94778327836
0.391 5.88235294117647 4426.83013621953
0.337 -2.07715133531157 4424.75298488422
0.398 19.0954773869347 4443.84846227116
0.383 16.4490861618799 4460.29754843304
0.398 8.5427135678392 4468.84026200088
0.4 8 4476.84026200088
0.435 19.0804597701149 4495.92072177099
0.407 16.953316953317 4512.87403872431
0.408 8.82352941176471 4521.69756813607
0.419 15.035799522673 4536.73336765875
0.37 15.6756756756757 4552.40904333442
0.411 12.4087591240876 4564.81780245851
0.409 6.11246943765281 4570.93027189616
0.371 12.1293800539084 4583.05965195007
0.369 7.31707317073171 4590.3767251208
0.354 12.4293785310734 4602.80610365188
0.389 1.79948586118252 4604.60558951306
0.443 11.5124153498871 4616.11800486295
0.372 17.2043010752688 4633.32230593821
0.423 15.839243498818 4649.16154943703
0.425 21.8823529411765 4671.04390237821
0.366 12.0218579234973 4683.06576030171
0.376 6.91489361702128 4689.98065391873
0.418 -1.91387559808612 4688.06677832064
0.384 19.2708333333333 4707.33761165397
0.385 15.8441558441558 4723.18176749813
0.419 7.87589498806683 4731.0576624862
0.426 14.0845070422535 4745.14216952845
0.399 3.7593984962406 4748.90156802469
0.416 -6.25 4742.65156802469
0.394 -14.2131979695431 4728.43837005515
0.354 12.9943502824859 4741.43272033763
0.375 14.1333333333333 4755.56605367097
0.38 17.8947368421053 4773.46079051307
0.444 7.65765765765766 4781.11844817073
0.414 0 4781.11844817073
0.419 -6.44391408114558 4774.67453408958
0.379 7.65171503957784 4782.32624912916
0.384 2.60416666666667 4784.93041579583
0.397 3.77833753148615 4788.70875332732
0.407 14.004914004914 4802.71366733223
0.382 22.5130890052356 4825.22675633747
0.41 20 4845.22675633747
0.401 13.216957605985 4858.44371394345
0.369 19.7831978319783 4878.22691177543
0.375 22.6666666666667 4900.8935784421
0.412 11.6504854368932 4912.54406387899
0.418 7.6555023923445 4920.19956627133
0.405 -1.23456790123457 4918.9649983701
0.387 12.6614987080103 4931.62649707811
0.386 5.69948186528497 4937.32597894339
0.386 9.32642487046632 4946.65240381386
0.356 6.74157303370786 4953.39397684757
0.378 12.6984126984127 4966.09238954598
0.363 11.8457300275482 4977.93811957353
0.388 14.9484536082474 4992.88657318178
0.421 -0.712589073634204 4992.17398410814
0.37 -7.02702702702703 4985.14695708112
0.39 22.5641025641026 5007.71105964522
0.391 17.1355498721228 5024.84660951734
0.39 0.512820512820513 5025.35943003016
0.373 1.87667560321716 5027.23610563338
0.4 13.5 5040.73610563338
0.352 8.52272727272727 5049.25883290611
0.431 17.4013921113689 5066.66022501747
0.393 5.34351145038168 5072.00373646786
0.408 12.2549019607843 5084.25863842864
0.41 13.1707317073171 5097.42937013596
0.379 12.9287598944591 5110.35813003042
0.386 4.66321243523316 5115.02134246565
0.357 15.9663865546218 5130.98772902027
0.363 4.13223140495868 5135.11996042523
0.412 23.3009708737864 5158.42093129902
0.388 10.8247422680412 5169.24567356706
0.406 5.41871921182266 5174.66439277888
0.381 12.3359580052493 5187.00035078413
0.403 16.1290322580645 5203.12938304219
0.339 8.55457227138643 5211.68395531358
0.389 13.6246786632391 5225.30863397682
0.386 15.0259067357513 5240.33454071257
0.408 14.2156862745098 5254.55022698708
0.41 8.29268292682927 5262.84290991391
0.432 4.62962962962963 5267.47253954354
0.439 3.87243735763098 5271.34497690117
0.393 -6.36132315521628 5264.98365374595
0.369 -2.4390243902439 5262.54462935571
0.431 -7.19257540603248 5255.35205394968
0.348 21.8390804597701 5277.19113440945
0.377 12.9973474801061 5290.18848188955
0.379 8.17941952506596 5298.36790141462
0.394 17.7664974619289 5316.13439887655
0.365 12.8767123287671 5329.01111120532
0.375 16.2666666666667 5345.27777787198
0.399 12.781954887218 5358.0597327592
0.383 13.8381201044386 5371.89785286364
0.357 4.20168067226891 5376.09953353591
0.393 0.254452926208651 5376.35398646212
0.384 -3.64583333333333 5372.70815312878
0.415 13.7349397590361 5386.44309288782
0.371 24.5283018867925 5410.97139477461
0.364 13.1868131868132 5424.15820796143
0.39 12.8205128205128 5436.97872078194
0.387 19.8966408268734 5456.87536160881
0.381 19.1601049868766 5476.03546659569
0.389 8.48329048843188 5484.51875708412
0.376 12.7659574468085 5497.28471453093
0.368 17.9347826086957 5515.21949713962
0.353 18.413597733711 5533.63309487334
0.412 9.22330097087379 5542.85639584421
0.412 8.7378640776699 5551.59425992188
0.369 12.7371273712737 5564.33138729315
0.394 -4.56852791878173 5559.76285937437
0.36 3.33333333333333 5563.0961927077
0.384 -0.520833333333333 5562.57535937437
0.351 -3.13390313390313 5559.44145624047
0.406 -10.8374384236453 5548.60401781682
0.373 -21.1796246648794 5527.42439315194
0.382 -19.3717277486911 5508.05266540325
0.399 0.75187969924812 5508.8045451025
0.369 -0.2710027100271 5508.53354239247
0.404 5.44554455445545 5513.97908694693
0.393 0.763358778625954 5514.74244572555
0.399 6.76691729323308 5521.50936301879
0.411 9.00243309002433 5530.51179610881
0.412 10.6796116504854 5541.1914077593
0.421 8.78859857482185 5549.98000633412
0.396 12.6262626262626 5562.60626896038
0.391 16.1125319693095 5578.71880092969
0.39 0.512820512820513 5579.23162144251
0.421 11.6389548693587 5590.87057631187
0.409 8.55745721271394 5599.42803352458
0.373 -1.34048257372654 5598.08755095086
0.394 -2.53807106598985 5595.54947988487
0.376 9.04255319148936 5604.59203307636
0.398 26.1306532663317 5630.72268634269
0.406 15.2709359605911 5645.99362230328
0.403 7.19602977667494 5653.18965207996
0.39 5.12820512820513 5658.31785720816
0.428 0.934579439252336 5659.25243664741
0.386 1.55440414507772 5660.80684079249
0.395 -7.84810126582278 5652.95873952667
0.394 9.64467005076142 5662.60340957743
0.357 21.5686274509804 5684.17203702841
0.38 17.3684210526316 5701.54045808104
0.411 6.56934306569343 5708.10980114673
0.376 3.19148936170213 5711.30129050844
0.392 8.6734693877551 5719.97475989619
0.34 13.5294117647059 5733.5041716609
0.378 16.4021164021164 5749.90628806301
0.396 12.1212121212121 5762.02750018423
0.356 11.7977528089888 5773.82525299322
0.379 9.23482849604222 5783.06008148926
0.358 1.67597765363128 5784.73605914289
0.385 14.8051948051948 5799.54125394808
0.404 22.2772277227723 5821.81848167086
0.395 18.4810126582278 5840.29949432908
0.416 15.3846153846154 5855.6841097137
0.388 5.67010309278351 5861.35421280648
0.396 6.06060606060606 5867.41481886709
0.405 -0.246913580246914 5867.16790528684
0.421 24.4655581947743 5891.63346348162
0.417 10.3117505995204 5901.94521408114
0.402 20.3980099502488 5922.34322403139
0.401 14.713216957606 5937.05644098899
0.432 0.925925925925926 5937.98236691492
0.431 -6.26450116009281 5931.71786575482
0.375 2.93333333333333 5934.65119908816
0.395 22.0253164556962 5956.67651554385
0.403 13.151364764268 5969.82788030812
0.368 4.89130434782609 5974.71918465595
0.406 23.6453201970443 5998.36450485299
0.399 18.2957393483709 6016.66024420136
0.424 11.7924528301887 6028.45269703155
0.418 18.1818181818182 6046.63451521337
0.372 9.13978494623656 6055.77430015961
0.413 15.2542372881356 6071.02853744774
0.454 12.7753303964758 6083.80386784422
0.377 14.5888594164456 6098.39272726066
0.398 16.0804020100502 6114.47312927071
0.439 4.78359908883827 6119.25672835955
0.412 1.45631067961165 6120.71303903916
0.424 5.66037735849057 6126.37341639765
0.37 10.8108108108108 6137.18422720847
0.392 14.7959183673469 6151.98014557581
0.423 7.80141843971631 6159.78156401553
0.388 -1.03092783505155 6158.75063618048
0.407 -2.7027027027027 6156.04793347777
0.384 6.25 6162.29793347777
0.382 2.09424083769634 6164.39217431547
0.428 1.4018691588785 6165.79404347435
0.429 1.16550116550117 6166.95954463985
0.392 -4.59183673469388 6162.36770790516
0.422 19.4312796208531 6181.79898752601
0.374 1.60427807486631 6183.40326560088
0.392 -4.59183673469388 6178.81142886618
0.36 7.22222222222222 6186.0336510884
0.337 11.5727002967359 6197.60635138514
0.382 16.7539267015707 6214.36027808671
0.37 15.1351351351351 6229.49541322185
0.425 8.70588235294118 6238.20129557479
0.411 0.24330900243309 6238.44460457722
0.416 5.76923076923077 6244.21383534645
0.399 -12.280701754386 6231.93313359206
0.455 -16.9230769230769 6215.01005666899
0.403 16.6253101736973 6231.63536684268
0.426 9.85915492957746 6241.49452177226
0.396 6.56565656565657 6248.06017833792
0.39 1.02564102564103 6249.08581936356
0.386 17.6165803108808 6266.70239967444
0.436 13.7614678899083 6280.46386756435
0.398 5.0251256281407 6285.48899319249
0.395 -0.759493670886076 6284.7294995216
0.373 -1.34048257372654 6283.38901694788
0.424 4.71698113207547 6288.10599807995
0.344 5.81395348837209 6293.91995156832
0.397 17.8841309823678 6311.80408255069
0.403 12.1588089330025 6323.96289148369
0.416 0.480769230769231 6324.44366071446
0.393 -1.78117048346056 6322.662490231
0.362 5.52486187845304 6328.18735210946
0.348 5.74712643678161 6333.93447854624
0.421 9.26365795724466 6343.19813650348
0.403 0.248138957816377 6343.4462754613
0.434 11.5207373271889 6354.96701278849
0.361 10.803324099723 6365.77033688821
0.425 12.9411764705882 6378.7115133588
0.347 -1.44092219020173 6377.2705911686
0.368 -13.5869565217391 6363.68363464686
0.412 -16.0194174757282 6347.66421717113
0.452 -23.4513274336283 6324.2128897375
0.412 -20.3883495145631 6303.82454022294
0.405 -12.5925925925926 6291.23194763035
0.435 -20.9195402298851 6270.31240740046
0.411 -14.8418491484185 6255.47055825204
0.402 -26.865671641791 6228.60488661025
0.375 -4 6224.60488661025
0.379 -18.2058047493404 6206.39908186091
0.424 -15.5660377358491 6190.83304412506
0.355 -19.4366197183099 6171.39642440675
0.414 -9.66183574879227 6161.73458865796
0.368 -7.60869565217391 6154.12589300579
0.383 -7.04960835509138 6147.0762846507
0.411 -18.2481751824818 6128.82810946821
0.385 -6.49350649350649 6122.33460297471
0.382 -10.4712041884817 6111.86339878622
0.375 -18.9333333333333 6092.93006545289
0.383 -22.7154046997389 6070.21466075315
0.388 -20.6185567010309 6049.59610405212
0.393 -19.0839694656489 6030.51213458647
0.385 -15.3246753246753 6015.1874592618
0.405 -17.5308641975309 5997.65659506427
0.381 -23.3595800524934 5974.29701501177
0.396 0.505050505050505 5974.80206551682
0.417 -3.11750599520384 5971.68455952162
0.392 -18.8775510204082 5952.80700850121
0.379 -5.54089709762533 5947.26611140359
0.404 -7.92079207920792 5939.34531932438
0.425 -7.76470588235294 5931.58061344203
0.441 -3.85487528344671 5927.72573815858
0.379 -8.17941952506596 5919.54631863351
0.424 -7.54716981132075 5911.99914882219
0.427 -6.79156908665105 5905.20757973554
0.392 3.06122448979592 5908.26880422534
0.443 11.5124153498871 5919.78121957522
0.428 -4.20560747663551 5915.57561209859
0.399 10.7769423558897 5926.35255445448
0.438 14.6118721461187 5940.9644266006
0.428 -7.94392523364486 5933.02050136695
0.351 0.284900284900285 5933.30540165185
0.421 -1.18764845605701 5932.1177531958
0.398 -9.54773869346734 5922.57001450233
0.41 -13.6585365853659 5908.91147791696
0.415 -11.3253012048193 5897.58617671214
0.388 -9.79381443298969 5887.79236227915
0.421 -3.08788598574822 5884.70447629341
0.375 -16.8 5867.90447629341
0.377 -18.8328912466844 5849.07158504672
0.39 -4.61538461538461 5844.45620043134
0.43 -12.5581395348837 5831.89806089645
0.434 -9.21658986175115 5822.6814710347
0.361 -9.69529085872576 5812.98618017598
0.377 -12.9973474801061 5799.98883269587
0.394 -10.6598984771574 5789.32893421871
0.437 -7.09382151029748 5782.23511270841
0.392 -16.3265306122449 5765.90858209617
0.389 -9.51156812339332 5756.39701397278
0.409 -15.8924205378973 5740.50459343488
0.446 -3.58744394618834 5736.91714948869
0.396 -12.6262626262626 5724.29088686243
0.361 -20.2216066481994 5704.06928021423
0.36 -23.8888888888889 5680.18039132534
0.371 -8.35579514824798 5671.82459617709
0.396 -6.56565656565657 5665.25893961144
0.38 -16.3157894736842 5648.94315013775
0.405 -4.19753086419753 5644.74561927355
0.399 -8.7719298245614 5635.97368944899
0.38 -17.8947368421053 5618.07895260689
0.383 -0.783289817232376 5617.29566278965
0.379 -6.06860158311346 5611.22706120654
0.397 -1.25944584382872 5609.96761536271
0.393 -14.5038167938931 5595.46379856882
0.341 -20.2346041055718 5575.22919446325
0.404 -3.96039603960396 5571.26879842364
0.403 -10.1736972704715 5561.09510115317
0.388 -8.76288659793815 5552.33221455523
0.423 4.49172576832151 5556.82394032356
0.369 4.6070460704607 5561.43098639402
0.381 -10.2362204724409 5551.19476592157
0.398 -14.070351758794 5537.12441416278
0.431 -8.58468677494199 5528.53972738784
0.399 12.280701754386 5540.82042914223
0.354 -17.5141242937853 5523.30630484844
0.362 -5.52486187845304 5517.78144296999
0.377 -12.4668435013263 5505.31459946866
0.384 -24.4791666666667 5480.83543280199
0.403 -15.136476426799 5465.69895637519
0.376 -12.2340425531915 5453.464913822
0.372 -5.37634408602151 5448.08856973598
0.347 -6.05187319884726 5442.03669653713
0.386 -1.55440414507772 5440.48229239206
0.358 -5.58659217877095 5434.89570021329
0.397 -3.27455919395466 5431.62114101933
0.354 -7.90960451977401 5423.71153649956
0.363 -7.43801652892562 5416.27351997063
0.348 -13.7931034482759 5402.48041652236
0.379 -4.48548812664908 5397.99492839571
0.39 -18.974358974359 5379.02056942135
0.443 -24.1534988713318 5354.86707055002
0.384 -1.5625 5353.30457055002
0.394 16.751269035533 5370.05583958555
0.356 16.2921348314607 5386.34797441701
0.357 26.0504201680672 5412.39839458508
0.374 8.55614973262032 5420.9545443177
0.339 17.9941002949853 5438.94864461268
0.359 22.5626740947075 5461.51131870739
0.383 16.9712793733681 5478.48259808076
0.362 3.31491712707182 5481.79751520783
0.326 -6.74846625766871 5475.04904895016
0.367 -11.716621253406 5463.33242769676
0.381 -14.9606299212598 5448.37179777549
0.37 -20.5405405405405 5427.83125723496
0.352 -23.2954545454545 5404.5358026895
0.379 -11.8733509234828 5392.66245176602
0.476 0 5392.66245176602
0.369 -5.14905149051491 5387.5134002755
0.388 -14.9484536082474 5372.56494666725
0.399 -11.2781954887218 5361.28675117853
0.36 -14.4444444444444 5346.84230673409
0.36 -28.3333333333333 5318.50897340076
0.425 -21.4117647058824 5297.09720869487
0.381 -0.26246719160105 5296.83474150327
0.394 -2.53807106598985 5294.29667043728
0.342 -1.75438596491228 5292.54228447237
0.355 1.40845070422535 5293.9507351766
0.355 -1.40845070422535 5292.54228447237
0.37 10.2702702702703 5302.81255474264
0.356 -16.8539325842697 5285.95862215837
0.331 -17.2205438066465 5268.73807835172
0.362 1.10497237569061 5269.84305072741
0.37 -10.2702702702703 5259.57278045714
0.367 -14.9863760217984 5244.58640443535
0.384 -10.9375 5233.64890443535
0.363 -11.2947658402204 5222.35413859513
0.383 -10.7049608355091 5211.64917775962
0.35 -22.8571428571429 5188.79203490247
0.374 1.06951871657754 5189.86155361905
0.389 5.39845758354756 5195.2600112026
0.384 0.520833333333333 5195.78084453593
0.395 -12.9113924050633 5182.86945213087
0.382 -6.28272251308901 5176.58672961778
0.399 -12.781954887218 5163.80477473056
0.356 -6.17977528089888 5157.62499944966
0.394 -4.56852791878173 5153.05647153088
0.377 -5.03978779840849 5148.01668373247
0.382 -8.37696335078534 5139.63972038169
0.412 -16.9902912621359 5122.64942911955
0.402 -12.9353233830846 5109.71410573647
0.401 -4.23940149625935 5105.47470424021
0.399 7.76942355889724 5113.2441277991
0.422 -7.58293838862559 5105.66118941048
0.4 3.5 5109.16118941048
0.4 4.5 5113.66118941048
0.423 -2.12765957446809 5111.53352983601
0.398 -13.0653266331658 5098.46820320284
0.414 -8.69565217391304 5089.77255102893
0.433 -16.3972286374134 5073.37532239152
0.398 -13.0653266331658 5060.30999575835
0.386 -17.0984455958549 5043.2115501625
0.401 -21.1970074812968 5022.0145426812
0.368 -14.6739130434783 5007.34062963772
0.351 -18.5185185185185 4988.8221111192
0.426 -6.57276995305164 4982.24934116615
0.403 -4.21836228287841 4978.03097888327
0.398 -7.03517587939699 4970.99580300388
0.408 0.490196078431373 4971.48599908231
0.416 -12.0192307692308 4959.46676831308
0.422 -9.47867298578199 4949.9880953273
0.368 -1.08695652173913 4948.90113880556
0.396 -7.07070707070707 4941.83043173485
0.394 -5.0761421319797 4936.75428960287
0.372 -8.60215053763441 4928.15213906524
0.388 -3.60824742268041 4924.54389164256
0.401 -2.24438902743142 4922.29950261512
0.364 12.0879120879121 4934.38741470304
0.374 -9.09090909090909 4925.29650561213
0.403 9.18114143920596 4934.47764705133
0.422 -7.58293838862559 4926.89470866271
0.427 8.66510538641686 4935.55981404912
0.4 -23.5 4912.05981404912
0.35 -16 4896.05981404912
0.361 -13.0193905817175 4883.04042346741
0.394 3.55329949238579 4886.59372295979
0.43 -4.65116279069767 4881.94256016909
0.414 1.93236714975845 4883.87492731885
0.41 -7.80487804878049 4876.07004927007
0.406 -8.3743842364532 4867.69566503362
0.426 -11.2676056338028 4856.42805939982
0.387 -11.6279069767442 4844.80015242307
0.403 -14.6401985111663 4830.15995391191
0.391 -13.0434782608696 4817.11647565104
0.417 -19.9040767386091 4797.21239891243
0.405 -19.5061728395062 4777.70622607292
0.403 8.18858560794045 4785.89481168086
0.381 -3.41207349081365 4782.48273819005
0.399 -6.265664160401 4776.21707402965
0.404 -24.2574257425743 4751.95964828707
0.391 -13.0434782608696 4738.9161700262
0.397 -16.3727959697733 4722.54337405643
0.389 -14.6529562982005 4707.89041775823
0.392 -5.61224489795918 4702.27817286027
0.43 8.83720930232558 4711.1153821626
0.429 -10.4895104895105 4700.62587167309
0.379 -1.31926121372032 4699.30661045937
0.393 -7.37913486005089 4691.92747559931
0.426 -11.7370892018779 4680.19038639744
0.426 -8.45070422535211 4671.73968217208
0.345 -18.8405797101449 4652.89910246194
0.421 -5.46318289786223 4647.43591956408
0.414 -16.9082125603865 4630.52770700369
0.401 -16.2094763092269 4614.31823069446
0.405 -11.1111111111111 4603.20711958335
0.39 3.07692307692308 4606.28404266028
0.345 -12.463768115942 4593.82027454433
0.422 -13.2701421800948 4580.55013236424
0.411 -17.7615571776156 4562.78857518662
0.401 -12.7182044887781 4550.07037069784
0.42 -20.4761904761905 4529.59418022165
0.403 -9.67741935483871 4519.91676086682
0.412 -23.3009708737864 4496.61578999303
0.414 -16.9082125603865 4479.70757743264
0.393 -13.9949109414758 4465.71266649117
0.388 -10.8247422680412 4454.88792422313
0.404 -2.97029702970297 4451.91762719342
0.434 -11.5207373271889 4440.39688986623
0.378 -12.6984126984127 4427.69847716782
0.37 -17.8378378378378 4409.86063932998
0.4 8.5 4418.36063932998
0.387 -13.6950904392765 4404.66554889071
0.39 -22.5641025641026 4382.1014463266
0.363 -5.78512396694215 4376.31632235966
0.352 -6.81818181818182 4369.49814054148
0.382 -3.66492146596859 4365.83321907551
0.379 5.54089709762533 4371.37411617314
0.393 -3.81679389312977 4367.55732228001
0.456 -5.70175438596491 4361.85556789404
0.395 -5.82278481012658 4356.03278308392
0.389 -7.45501285347044 4348.57777023045
0.394 -2.03045685279188 4346.54731337765
0.409 -19.8044009779951 4326.74291239966
0.398 -13.0653266331658 4313.67758576649
0.37 -6.48648648648649 4307.19109928001
0.376 -16.4893617021277 4290.70173757788
0.394 -27.9187817258883 4262.78295585199
0.4 -15 4247.78295585199
0.384 -14.0625 4233.72045585199
0.392 -3.06122448979592 4230.65923136219
0.393 -5.85241730279898 4224.8068140594
0.416 -13.9423076923077 4210.86450636709
0.399 -13.7844611528822 4197.08004521421
0.404 -20.7920792079208 4176.28796600628
0.404 -10.8910891089109 4165.39687689737
0.396 -12.1212121212121 4153.27566477616
0.354 -18.0790960451977 4135.19656873096
0.369 -18.6991869918699 4116.49738173909
0.401 -31.6708229426434 4084.82655879645
0.347 -19.8847262247839 4064.94183257167
0.366 -15.3005464480874 4049.64128612358
0.371 -11.5902964959569 4038.05098962762
0.373 -13.6729222520107 4024.37806737561
0.363 -7.98898071625344 4016.38908665936
0.397 -0.251889168765743 4016.13719749059
0.403 5.70719602977668 4021.84439352037
0.423 -4.49172576832151 4017.35266775205
0.366 0.546448087431694 4017.89911583948
0.398 -2.51256281407035 4015.38655302541
0.405 -0.246913580246914 4015.13963944516
0.445 5.1685393258427 4020.308178771
0.404 -3.46534653465347 4016.84283223635
0.388 -7.7319587628866 4009.11087347346
0.422 0 4009.11087347346
0.437 2.05949656750572 4011.17037004097
0.389 -16.1953727506427 3994.97499729033
0.392 -21.9387755102041 3973.03622178012
0.378 -19.5767195767196 3953.4595022034
0.373 -15.8176943699732 3937.64180783343
0.398 -16.5829145728643 3921.05889326057
0.358 -18.4357541899441 3902.62313907062
0.424 -9.90566037735849 3892.71747869326
0.436 -15.5963302752294 3877.12114841803
0.414 -25.1207729468599 3852.00037547117
0.443 -4.74040632054176 3847.25996915063
0.415 -22.4096385542169 3824.85033059642
0.403 -14.1439205955335 3810.70641000088
0.396 -12.6262626262626 3798.08014737462
0.362 -3.31491712707182 3794.76523024755
0.401 -10.2244389027431 3784.54079134481
0.401 -7.73067331670823 3776.8101180281
0.398 -8.04020100502512 3768.76991702307
0.374 -8.55614973262032 3760.21376729045
0.354 -11.2994350282486 3748.9143322622
0.429 -8.15850815850816 3740.75582410369
0.38 -2.10526315789474 3738.6505609458
0.39 -12.3076923076923 3726.34286863811
0.395 -5.82278481012658 3720.52008382798
0.396 -0.505050505050505 3720.01503332293
0.395 -6.32911392405063 3713.68591939888
0.434 -5.06912442396313 3708.61679497492
0.383 -2.87206266318538 3705.74473231173
0.396 2.52525252525253 3708.26998483698
0.348 -17.816091954023 3690.45389288296
0.371 -1.88679245283019 3688.56710043013
0.439 -10.7061503416856 3677.86095008844
0.394 -17.7664974619289 3660.09445262652
0.394 -23.3502538071066 3636.74419881941
0.371 -7.8167115902965 3628.92748722911
0.381 -13.3858267716535 3615.54166045746
0.395 -18.9873417721519 3596.55431868531
0.388 1.03092783505155 3597.58524652036
0.395 -0.759493670886076 3596.82575284947
0.404 -9.40594059405941 3587.41981225541
0.369 -17.6151761517615 3569.80463610365
0.419 -14.5584725536993 3555.24616354995
0.394 -21.3197969543147 3533.92636659564
0.417 -5.99520383693046 3527.93116275871
0.407 -24.8157248157248 3503.11543794298
0.375 -13.6 3489.51543794298
0.351 -21.9373219373219 3467.57811600566
0.382 -6.80628272251309 3460.77183328315
0.386 -2.07253886010363 3458.69929442304
0.396 -12.1212121212121 3446.57808230183
0.4 -10.5 3436.07808230183
0.378 -21.1640211640212 3414.91406113781
0.395 6.83544303797468 3421.74950417579
0.4 -13.5 3408.24950417579
0.401 -20.1995012468828 3388.0500029289
0.402 -16.9154228855721 3371.13458004333
0.384 -14.5833333333333 3356.55124671
0.416 -15.3846153846154 3341.16663132538
0.389 -16.1953727506427 3324.97125857474
0.408 -8.82352941176471 3316.14772916297
0.45 4 3320.14772916297
0.426 -26.7605633802817 3293.38716578269
0.479 -21.9206680584551 3271.46649772424
0.408 -2.94117647058824 3268.52532125365
0.402 -24.8756218905473 3243.6496993631
0.435 -18.1609195402299 3225.48877982287
0.39 -9.74358974358974 3215.74519007928
0.446 -12.5560538116592 3203.18913626762
0.421 -17.8147268408551 3185.37440942677
0.373 -22.2520107238606 3163.12239870291
0.421 -23.5154394299287 3139.60695927298
0.406 -18.2266009852217 3121.38035828776
0.411 -19.2214111922141 3102.15894709554
0.398 -12.5628140703518 3089.59613302519
0.407 -15.970515970516 3073.62561705468
0.389 -13.1105398457584 3060.51507720892
0.396 -12.6262626262626 3047.88881458265
0.42 -19.5238095238095 3028.36500505884
0.355 -13.8028169014085 3014.56218815744
0.407 -14.987714987715 2999.57447316972
0.349 -12.3209169054441 2987.25355626428
0.386 -12.4352331606218 2974.81832310366
0.344 -12.7906976744186 2962.02762542924
0.375 -8.8 2953.22762542924
0.373 -16.3538873994638 2936.87373802977
0.357 -4.76190476190476 2932.11183326787
0.401 -9.72568578553616 2922.38614748233
0.419 -5.96658711217184 2916.41956037016
0.384 -14.5833333333333 2901.83622703683
0.401 -13.216957605985 2888.61926943084
0.429 -14.2191142191142 2874.40015521173
0.4 -14 2860.40015521173
0.362 -17.1270718232044 2843.27308338852
0.389 0.25706940874036 2843.53015279726
0.412 -16.504854368932 2827.02529842833
0.378 -1.58730158730159 2825.43799684103
0.398 2.51256281407035 2827.9505596551
0.402 1.49253731343284 2829.44309696853
0.361 -3.601108033241 2825.84198893529
0.433 -18.7066974595843 2807.13529147571
0.383 -22.1932114882507 2784.94207998746
0.382 -6.80628272251309 2778.13579726494
0.422 -9.00473933649289 2769.13105792845
0.426 -17.8403755868545 2751.2906823416
0.406 -23.1527093596059 2728.13797298199
0.391 -15.6010230179028 2712.53694996409
0.364 -10.4395604395604 2702.09738952453
0.372 -21.505376344086 2680.59201318044
0.445 0.224719101123595 2680.81673228157
0.375 -18.9333333333333 2661.88339894823
0.374 -18.716577540107 2643.16682140813
0.416 9.13461538461539 2652.30143679274
0.39 -7.17948717948718 2645.12194961325
0.413 3.6319612590799 2648.75391087233
0.391 0.767263427109974 2649.52117429944
0.415 -22.4096385542169 2627.11153574523
0.389 -7.45501285347044 2619.65652289176
0.375 -10.9333333333333 2608.72318955842
0.386 -3.62694300518135 2605.09624655324
0.402 9.45273631840796 2614.54898287165
0.427 -6.79156908665105 2607.757413785
0.418 -6.2200956937799 2601.53731809122
0.362 3.31491712707182 2604.85223521829
0.406 -8.86699507389163 2595.9852401444
0.373 -12.6005361930295 2583.38470395137
0.379 -13.9841688654354 2569.40053508593
0.414 -26.0869565217391 2543.31357856419
0.409 -8.55745721271394 2534.75612135148
0.419 -13.6038186157518 2521.15230273573
0.443 -23.7020316027088 2497.45027113302
0.392 -16.3265306122449 2481.12374052077
0.397 -13.3501259445844 2467.77361457619
0.398 -11.0552763819095 2456.71833819428
0.403 -11.6625310173697 2445.05580717691
0.402 -17.910447761194 2427.14535941572
0.396 -23.7373737373737 2403.40798567834
0.415 -18.0722891566265 2385.33569652172
0.373 -11.5281501340483 2373.80754638767
0.435 -17.2413793103448 2356.56616707732
0.414 -11.5942028985507 2344.97196417877
0.408 -14.7058823529412 2330.26608182583
0.373 -23.8605898123324 2306.4054920135
0.407 -17.4447174447174 2288.96077456878
0.394 -16.751269035533 2272.20950553325
0.408 -14.2156862745098 2257.99381925874
0.399 -19.7994987468672 2238.19432051187
0.348 -1.72413793103448 2236.47018258084
0.399 -15.2882205513784 2221.18196202946
0.4 -7.5 2213.68196202946
0.406 -0.985221674876847 2212.69674035458
0.409 -11.0024449877751 2201.69429536681
0.364 -15.3846153846154 2186.30967998219
0.417 -7.43405275779376 2178.8756272244
0.425 -0.705882352941177 2178.16974487146
0.43 -7.44186046511628 2170.72788440634
0.404 -16.3366336633663 2154.39125074297
0.403 -17.12158808933 2137.26966265364
0.392 -17.8571428571429 2119.4125197965
0.408 -11.2745098039216 2108.13800999258
0.424 -15.0943396226415 2093.04367036994
0.413 -5.56900726392252 2087.47466310602
0.437 -7.09382151029748 2080.38084159572
0.389 -3.34190231362468 2077.03893928209
0.426 -15.962441314554 2061.07649796754
0.406 -6.89655172413793 2054.1799462434
0.429 11.8881118881119 2066.06805813151
0.421 -2.61282660332542 2063.45523152819
0.42 -8.09523809523809 2055.35999343295
0.41 -15.609756097561 2039.75023733539
0.374 -20.855614973262 2018.89462236213
0.428 -7.47663551401869 2011.41798684811
0.425 -15.7647058823529 1995.65328096576
0.354 -14.6892655367232 1980.96401542903
0.414 -18.8405797101449 1962.12343571889
0.396 -12.1212121212121 1950.00222359768
0.354 -15.2542372881356 1934.74798630954
0.36 -15.5555555555556 1919.19243075398
0.356 -4.49438202247191 1914.69804873151
0.4 10.5 1925.19804873151
0.422 2.3696682464455 1927.56771697796
0.382 -3.1413612565445 1924.42635572141
0.402 -12.9353233830846 1911.49103233833
0.393 -18.5750636132316 1892.9159687251
0.385 -20.5194805194805 1872.39648820562
0.346 -12.7167630057803 1859.67972519984
0.365 8.49315068493151 1868.17287588477
0.388 -2.57731958762887 1865.59555629714
0.362 -8.28729281767956 1857.30826347946
0.413 -10.8958837772397 1846.41237970222
0.398 -18.5929648241206 1827.8194148781
0.362 -4.41988950276243 1823.39952537534
0.388 4.12371134020619 1827.52323671554
0.392 2.04081632653061 1829.56405304207
0.435 -12.6436781609195 1816.92037488115
0.423 -13.9479905437352 1802.97238433742
0.417 -13.189448441247 1789.78293589617
0.349 -11.7478510028653 1778.03508489331
0.399 -12.781954887218 1765.25313000609
0.392 -17.3469387755102 1747.90619123058
0.366 -21.3114754098361 1726.59471582074
0.35 -6.85714285714286 1719.7375729636
0.388 -4.12371134020619 1715.61386162339
0.394 -5.0761421319797 1710.53771949141
0.396 -13.1313131313131 1697.4064063601
0.353 -20.1133144475921 1677.29309191251
0.416 -10.5769230769231 1666.71616883558
0.4 -14.5 1652.21616883558
0.368 7.60869565217391 1659.82486448776
0.386 1.03626943005181 1660.86113391781
0.404 -3.46534653465347 1657.39578738316
0.416 -11.0576923076923 1646.33809507546
0.423 -10.1654846335697 1636.1726104419
0.426 -18.3098591549296 1617.86275128697
0.388 -14.4329896907216 1603.42976159624
0.37 -14.0540540540541 1589.37570754219
0.406 -15.2709359605911 1574.1047715816
0.398 -19.0954773869347 1555.00929419466
0.403 -14.1439205955335 1540.86537359913
0.39 -4.61538461538461 1536.24998898375
0.392 1.53061224489796 1537.78060122864
0.399 2.75689223057644 1540.53749345922
0.424 -7.54716981132075 1532.9903236479
0.399 -17.7944862155388 1515.19583743236
0.43 0.930232558139535 1516.1260699905
0.373 4.55764075067024 1520.68371074117
0.359 -10.8635097493036 1509.82020099187
0.415 -19.5180722891566 1490.30212870271
0.351 -17.3789173789174 1472.92321132379
0.354 -6.77966101694915 1466.14355030684
0.369 -13.8211382113821 1452.32241209546
0.363 -16.8044077134986 1435.51800438196
0.399 -20.3007518796992 1415.21725250226
0.363 -11.2947658402204 1403.92248666204
0.371 -8.89487870619946 1395.02760795584
0.364 -7.14285714285714 1387.88475081299
0.395 -14.9367088607595 1372.94804195223
0.38 -16.8421052631579 1356.10593668907
0.377 -5.03978779840849 1351.06614889066
0.364 -6.59340659340659 1344.47274229725
0.364 -17.032967032967 1327.43977526429
0.396 -19.1919191919192 1308.24785607237
0.373 1.87667560321716 1310.12453167559
0.382 9.94764397905759 1320.07217565464
0.358 4.46927374301676 1324.54144939766
0.379 -5.0131926121372 1319.52825678552
0.398 -20.1005025125628 1299.42775427296
0.359 -19.7771587743733 1279.65059549859
0.366 -18.0327868852459 1261.61780861334
0.381 -9.71128608923885 1251.9065225241
0.385 -19.4805194805195 1232.42600304358
0.355 -20.5633802816901 1211.86262276189
0.411 -4.62287104622871 1207.23975171566
0.442 23.9819004524887 1231.22165216815
0.409 -14.4254278728606 1216.79622429529
0.373 -19.5710455764075 1197.22517871888
0.37 -9.72972972972973 1187.49544898915
0.387 -26.6149870801034 1160.88046190905
0.377 -27.3209549071618 1133.55950700189
0.369 -8.94308943089431 1124.61641757099
0.363 -27.8236914600551 1096.79272611094
0.354 -11.2994350282486 1085.49329108269
0.376 -4.25531914893617 1081.23797193375
0.376 5.31914893617021 1086.55712086993
0.366 -2.18579234972678 1084.3713285202
0.377 2.38726790450928 1086.75859642471
0.375 -0.8 1085.95859642471
0.365 -6.84931506849315 1079.10928135621
0.368 -16.8478260869565 1062.26145526926
0.359 -8.07799442896936 1054.18346084029
0.38 -19.4736842105263 1034.70977662976
0.401 -12.7182044887781 1021.99157214098
0.371 -13.7466307277628 1008.24494141322
0.394 -18.7817258883249 989.463215524897
0.376 -7.4468085106383 982.016407014258
0.372 -5.91397849462366 976.102428519635
0.364 -12.0879120879121 964.014516431722
0.353 -15.5807365439093 948.433779887813
0.35 -15.4285714285714 933.005208459242
0.384 -3.64583333333333 929.359375125908
0.387 -2.32558139534884 927.03379373056
0.36 -22.2222222222222 904.811571508337
0.374 -3.20855614973262 901.603015358605
0.351 -21.3675213675214 880.235493991083
0.356 -22.4719101123596 857.763583878724
0.367 -23.1607629427793 834.602820935944
0.376 -26.5957446808511 808.007076255093
0.397 -24.4332493702771 783.573826884816
0.429 -24.009324009324 759.564502875492
0.384 -18.2291666666667 741.335336208826
0.369 -24.6612466124661 716.67408959636
0.36 -20 696.67408959636
0.382 -10.9947643979058 685.679325198454
0.395 -12.9113924050633 672.767932793391
0.392 -11.2244897959184 661.543442997472
0.377 -18.8328912466844 642.710551750788
0.38 -4.73684210526316 637.973709645525
0.382 -13.6125654450262 624.361144200498
0.381 -17.5853018372703 606.775842363228
0.365 11.2328767123288 618.008719075557
0.381 0.26246719160105 618.271186267158
0.356 -20.2247191011236 598.046467166034
0.367 -22.0708446866485 575.975622479386
0.403 -18.6104218362283 557.365200643158
0.393 -17.0483460559796 540.316854587178
0.417 -20.863309352518 519.45354523466
0.382 -12.0418848167539 507.411660417906
0.374 -14.9732620320856 492.43839838582
0.361 -1.38504155124654 491.053356834574
0.39 -1.02564102564103 490.027715808933
0.36 -12.2222222222222 477.805493586711
0.378 -7.40740740740741 470.398086179303
0.413 -14.2857142857143 456.112371893589
0.395 5.31645569620253 461.428827589791
0.397 -15.8690176322418 445.55980995755
0.378 -20.6349206349206 424.924889322629
0.384 -16.6666666666667 408.258222655962
0.34 -13.5294117647059 394.728810891256
0.364 -20.8791208791209 373.849690012136
0.379 -13.9841688654354 359.8655211467
0.385 -16.8831168831169 342.982404263583
0.349 -11.7478510028653 331.234553260718
0.328 -9.75609756097561 321.478455699742
0.385 -24.6753246753247 296.803131024418
0.321 -16.5109034267913 280.292227597626
0.375 -7.2 273.092227597626
0.358 -14.5251396648045 258.567087932822
0.369 -15.4471544715447 243.119933461277
0.353 -7.08215297450425 236.037780486773
0.351 -9.4017094017094 226.636071085064
0.343 -19.533527696793 207.102543388271
0.394 -5.58375634517767 201.518787043093
0.384 -16.1458333333333 185.37295370976
0.358 -23.463687150838 161.909266558922
0.375 -18.4 143.509266558922
0.389 -12.5964010282776 130.912865530644
0.373 -12.6005361930295 118.312329337614
0.396 -18.1818181818182 100.130511155796
0.371 -20.7547169811321 79.3757941746642
0.407 -17.9361179361179 61.4396762385463
0.387 -20.4134366925065 41.0262395460398
0.37 -19.4594594594595 21.5667800865804
0.396 -20.2020202020202 1.36475988456018
0.349 -14.0401146131805 -12.6753547286203
0.366 -9.83606557377049 -22.5114203023908
0.382 -19.8952879581152 -42.406708260506
0.34 -17.6470588235294 -60.0537670840354
0.348 -25.2873563218391 -85.3411234058745
0.372 -17.2043010752688 -102.545424481143
0.389 -18.7660668380463 -121.31149131919
0.34 -17.0588235294118 -138.370314848601
0.32 -25 -163.370314848601
0.351 -18.5185185185185 -181.88883336712
0.351 -16.8091168091168 -198.697950176237
0.399 -3.7593984962406 -202.457348672477
0.36 -6.11111111111111 -208.568459783588
0.343 -4.95626822157434 -213.524728005163
0.389 -3.8560411311054 -217.380769136268
0.383 0.261096605744125 -217.119672530524
0.376 -9.57446808510638 -226.69414061563
0.361 -10.803324099723 -237.497464715353
0.368 -15.7608695652174 -253.258334280571
0.387 -0.775193798449612 -254.03352807902
0.39 -12.3076923076923 -266.341220386713
0.385 -18.961038961039 -285.302259347752
0.39 -15.8974358974359 -301.199695245188
0.401 -17.7057356608479 -318.905430906035
0.385 -6.49350649350649 -325.398937399542
0.404 5.44554455445545 -319.953392845087
0.387 -7.49354005167959 -327.446932896766
0.386 0 -327.446932896766
0.36 -14.4444444444444 -341.891377341211
0.46 -7.82608695652174 -349.717464297732
0.392 -3.57142857142857 -353.288892869161
0.417 -5.51558752997602 -358.804480399137
0.408 0.490196078431373 -358.314284320705
0.417 -8.87290167865707 -367.187185999363
0.409 -0.244498777506112 -367.431684776869
0.416 -7.21153846153846 -374.643223238407
0.386 -13.4715025906736 -388.114725829081
0.38 -7.89473684210526 -396.009462671186
0.394 -15.2284263959391 -411.237889067125
0.382 -2.61780104712042 -413.855690114245
0.411 -3.16301703163017 -417.018707145876
0.413 -8.47457627118644 -425.493283417062
0.408 -4.41176470588235 -429.905048122944
0.403 -14.1439205955335 -444.048968718478
0.392 -2.04081632653061 -446.089785045009
0.392 -21.4285714285714 -467.51835647358
0.419 -13.6038186157518 -481.122175089332
0.397 -5.79345088161209 -486.915625970944
0.398 -14.572864321608 -501.488490292552
0.398 -4.02010050251256 -505.508590795064
0.389 -8.9974293059126 -514.506020100977
0.398 -6.03015075376884 -520.536170854746
0.43 -12.093023255814 -532.62919411056
0.402 -6.46766169154229 -539.096855802102
0.398 -3.51758793969849 -542.614443741801
0.395 -12.4050632911392 -555.01950703294
0.415 -17.5903614457831 -572.609868478723
0.415 -6.02409638554217 -578.633964864265
0.397 -22.4181360201511 -601.052100884416
0.418 -13.8755980861244 -614.927698970541
0.382 -14.1361256544503 -629.063824624991
0.392 -7.14285714285714 -636.206681767848
0.409 -11.9804400977995 -648.187121865648
0.407 -14.987714987715 -663.174836853363
0.404 -11.8811881188119 -675.056024972174
0.39 -12.3076923076923 -687.363717279867
0.374 -2.13903743315508 -689.502754713022
0.383 -18.0156657963446 -707.518420509366
0.377 -6.63129973474801 -714.149720244115
0.376 -8.51063829787234 -722.660358541987
0.426 -15.4929577464789 -738.153316288466
0.406 -13.7931034482759 -751.946419736742
0.397 -7.80856423173804 -759.75498396848
0.386 -21.2435233160622 -780.998507284542
0.38 -5.26315789473684 -786.261665179279
0.371 -10.5121293800539 -796.773794559333
0.391 -13.0434782608696 -809.817272820202
0.401 -13.715710723192 -823.532983543394
0.383 -12.7937336814621 -836.326717224856
0.411 -18.7347931873479 -855.061510412204
0.38 -16.8421052631579 -871.903615675362
0.404 -9.9009900990099 -881.804605774372
0.395 -19.493670886076 -901.298276660448
0.412 -2.9126213592233 -904.210898019671
0.401 -18.2044887780549 -922.415386797726
0.391 -14.0664961636829 -936.481882961409
0.399 -17.2932330827068 -953.775116044116
0.384 -7.8125 -961.587616044116
0.376 -22.3404255319149 -983.928041576031
0.396 -13.6363636363636 -997.564405212394
0.384 -8.85416666666667 -1006.41857187906
0.382 -19.8952879581152 -1026.31385983718
0.431 -15.0812064965197 -1041.3950663337
0.437 2.51716247139588 -1038.8779038623
0.39 -4.61538461538461 -1043.49328847768
0.387 -6.45994832041344 -1049.9532367981
0.447 5.59284116331096 -1044.36039563479
0.408 -15.1960784313725 -1059.55647406616
0.348 -24.1379310344828 -1083.69440510064
0.397 -19.8992443324937 -1103.59364943314
0.523 -21.2237093690249 -1124.81735880216
0.471 -13.3757961783439 -1138.1931549805
0.531 -19.0207156308851 -1157.21387061139
0.526 -21.6730038022814 -1178.88687441367
0.52 -16.5384615384615 -1195.42533595213
0.378 -3.17460317460317 -1198.59993912674
0.469 -24.5202558635394 -1223.12019499028
0.395 -30.6329113924051 -1253.75310638268
0.399 -18.796992481203 -1272.55009886388
0.421 -20.1900237529691 -1292.74012261685
0.419 -17.8997613365155 -1310.63988395337
0.395 -10.8860759493671 -1321.52595990274
0.409 -15.4034229828851 -1336.92938288562
0.372 -22.5806451612903 -1359.51002804691
0.433 -26.5588914549654 -1386.06891950188
0.39 -13.3333333333333 -1399.40225283521
0.399 -18.796992481203 -1418.19924531641
0.423 -20.0945626477541 -1438.29380796417
0.406 -17.7339901477833 -1456.02779811195
0.439 -17.0842824601367 -1473.11208057209
0.414 -19.3236714975845 -1492.43575206967
0.421 -20.1900237529691 -1512.62577582264
0.459 -27.2331154684096 -1539.85889129105
0.414 -29.4685990338164 -1569.32749032487
0.381 -18.1102362204724 -1587.43772654534
0.41 -12.1951219512195 -1599.63284849656
0.421 -20.1900237529691 -1619.82287224953
0.425 -24.2352941176471 -1644.05816636717
0.374 -18.716577540107 -1662.77474390728
0.371 -25.0673854447439 -1687.84212935203
0.409 -20.2933985330073 -1708.13552788503
0.418 -17.2248803827751 -1725.36040826781
0.41 -20.9756097560976 -1746.33601802391
0.403 -16.6253101736973 -1762.9613281976
0.42 -15.2380952380952 -1778.1994234357
0.384 -10.4166666666667 -1788.61609010236
0.399 -16.7919799498747 -1805.40807005224
0.389 -11.5681233933162 -1816.97619344556
0.397 -18.8916876574307 -1835.86788110299
0.391 -24.8081841432225 -1860.67606524621
0.389 -17.7377892030848 -1878.41385444929
0.398 -13.0653266331658 -1891.47918108246
0.365 -9.58904109589041 -1901.06822217835
0.417 0.239808153477218 -1900.82841402487
0.432 12.962962962963 -1887.86545106191
0.448 5.35714285714286 -1882.50830820477
0.399 0.25062656641604 -1882.25768163835
0.393 -5.34351145038168 -1887.60119308873
0.397 -0.251889168765743 -1887.8530822575
0.421 -3.56294536817102 -1891.41602762567
0.369 -20.8672086720867 -1912.28323629776
0.383 -15.9268929503916 -1928.21012924815
0.362 -18.7845303867403 -1946.99465963489
0.408 -14.7058823529412 -1961.70054198783
0.371 -11.0512129380054 -1972.75175492583
0.372 5.37634408602151 -1967.37541083981
0.379 -2.9023746701847 -1970.27778551
0.377 -4.50928381962865 -1974.78706932963
0.38 -5.26315789473684 -1980.05022722436
0.382 4.71204188481675 -1975.33818533955
0.389 3.8560411311054 -1971.48214420844
0.409 -10.0244498777506 -1981.50659408619
0.371 -0.269541778975741 -1981.77613586517
0.397 11.8387909319899 -1969.93734493318
0.383 5.48302872062663 -1964.45431621255
0.368 5.43478260869565 -1959.01953360385
0.369 -5.14905149051491 -1964.16858509437
0.358 3.35195530726257 -1960.81662978711
0.373 -9.91957104557641 -1970.73620083268
0.421 -6.41330166270784 -1977.14950249539
0.369 1.3550135501355 -1975.79448894526
0.362 -1.10497237569061 -1976.89946132095
0.386 -16.0621761658031 -1992.96163748675
0.36 -2.22222222222222 -1995.18385970897
0.396 9.5959595959596 -1985.58790011301
0.387 -1.80878552971576 -1987.39668564273
0.387 1.29198966408269 -1986.10469597865
0.414 -4.34782608695652 -1990.4525220656
0.378 -9.52380952380952 -1999.97633158941
0.448 -11.1607142857143 -2011.13704587513
0.417 -19.9040767386091 -2031.04112261373
0.407 -9.58230958230958 -2040.62343219604
0.389 -6.94087403598972 -2047.56430623203
0.403 -15.136476426799 -2062.70078265883
0.408 -19.6078431372549 -2082.30862579609
0.418 -15.311004784689 -2097.61963058078
0.38 -8.94736842105263 -2106.56699900183
0.396 -21.2121212121212 -2127.77912021395
0.379 -8.17941952506596 -2135.95853973902
0.409 -21.760391198044 -2157.71893093706
0.417 -10.7913669064748 -2168.51029784354
0.435 -6.20689655172414 -2174.71719439526
0.37 -7.56756756756757 -2182.28476196283
0.367 -15.5313351498638 -2197.81609711269
0.416 -15.3846153846154 -2213.20071249731
0.356 -11.7977528089888 -2224.9984653063
0.389 -16.1953727506427 -2241.19383805694
0.372 -5.37634408602151 -2246.57018214296
0.339 -2.06489675516224 -2248.63507889812
0.435 1.14942528735632 -2247.48565361077
0.408 -15.6862745098039 -2263.17192812057
0.386 -2.07253886010363 -2265.24446698067
0.406 -4.43349753694581 -2269.67796451762
0.388 -14.4329896907216 -2284.11095420834
0.366 -15.3005464480874 -2299.41150065643
0.391 -19.1815856777494 -2318.59308633418
0.382 -12.565445026178 -2331.15853136036
0.367 1.90735694822888 -2329.25117441213
0.379 -2.37467018469657 -2331.62584459682
0.378 2.64550264550265 -2328.98034195132
0.415 -9.39759036144578 -2338.37793231277
0.429 0.233100233100233 -2338.14483207967
0.397 -14.8614609571788 -2353.00629303684
0.401 -19.2019950124688 -2372.20828804931
0.366 -10.9289617486339 -2383.13724979795
0.443 -17.3814898419865 -2400.51873963993
0.405 -25.9259259259259 -2426.44466556586
0.394 -17.258883248731 -2443.70354881459
0.361 -11.9113573407202 -2455.61490615531
0.382 -14.6596858638743 -2470.27459201919
0.388 -13.4020618556701 -2483.67665387486
0.372 -19.3548387096774 -2503.03149258453
0.384 -21.875 -2524.90649258453
0.377 -5.03978779840849 -2529.94628038294
0.403 -22.0843672456576 -2552.0306476286
0.397 -9.82367758186398 -2561.85432521046
0.398 -10.0502512562814 -2571.90457646674
0.433 -4.84988452655889 -2576.7544609933
0.424 2.35849056603774 -2574.39597042727
0.405 -8.64197530864197 -2583.03794573591
0.404 -1.48514851485149 -2584.52309425076
0.376 -4.25531914893617 -2588.7784133997
0.407 -12.5307125307125 -2601.30912593041
0.395 0.759493670886076 -2600.54963225952
0.396 13.6363636363636 -2586.91326862316
0.385 7.53246753246753 -2579.38080109069
0.43 -18.6046511627907 -2597.98545225348
0.399 -10.7769423558897 -2608.76239460937
0.392 -12.7551020408163 -2621.51749665019
0.383 -15.4046997389034 -2636.92219638909
0.385 8.57142857142857 -2628.35076781766
0.394 2.53807106598985 -2625.81269675167
0.43 -10.2325581395349 -2636.04525489121
0.383 -8.61618798955614 -2644.66144288076
0.385 -15.3246753246753 -2659.98611820544
0.369 -24.6612466124661 -2684.6473648179
0.388 -18.0412371134021 -2702.68860193131
0.386 -12.4352331606218 -2715.12383509193
0.415647921760391 -10.5882352941176 -2725.71207038605
