gc_content gc_skew gc_culm
0.537 -0.186219739292365 -0.186219739292365
0.559 6.61896243291592 6.43274269362356
0.534 2.24719101123596 8.67993370485951
0.541 7.20887245841035 15.8888061632699
0.502 3.58565737051793 19.4744635337878
0.586 -1.02389078498294 18.4505727488049
0.564 4.60992907801418 23.060501826819
0.556 2.87769784172662 25.9381996685457
0.536 0.373134328358209 26.3113339969039
0.595 0.168067226890756 26.4794012237946
0.543 2.39410681399632 28.8735080377909
0.522 4.59770114942529 33.4712091872162
0.595 2.18487394957983 35.6560831367961
0.533 -0.938086303939963 34.7179968328561
0.516 10.077519379845 44.7955162127011
0.551 10.3448275862069 55.140343798908
0.531 -0.564971751412429 54.5753720474955
0.553 3.43580470162749 58.011176749123
0.552 3.26086956521739 61.2720463143404
0.52 4.61538461538461 65.887430929725
0.544 0 65.887430929725
0.572 -0.34965034965035 65.5377805800747
0.544 4.41176470588235 69.949545285957
0.582 8.24742268041237 78.1969679663694
0.538 13.0111524163569 91.2081203827263
0.471 -5.73248407643312 85.4756363062932
0.482 -4.9792531120332 80.4963831942599
0.462 0.865800865800866 81.3621840600608
0.496 -8.06451612903226 73.2976679310286
0.487 -6.36550308008214 66.9321648509464
0.497 -9.45674044265593 57.4754244082905
0.513 -10.3313840155945 47.1440403926959
0.503 -13.3200795228628 33.8239608698331
0.471 -12.1019108280255 21.7220500418076
0.548 -9.12408759124088 12.5979624505668
0.488 -15.5737704918033 -2.97580804123651
0.495 3.43434343434343 0.458535393106927
0.44 -6.81818181818182 -6.35964642507489
0.436 -2.75229357798165 -9.11194000305654
0.463 -9.71922246220302 -18.8311624652596
0.455 -20.4395604395604 -39.27072290482
0.505 0.198019801980198 -39.0727031028398
0.547 -12.2486288848263 -51.3213319876661
0.514 -16.7315175097276 -68.0528494973938
0.414 -9.66183574879227 -77.714685246186
0.468 -7.69230769230769 -85.4069929384937
0.47 -6.80851063829787 -92.2155035767916
0.532 -7.89473684210526 -100.110240418897
0.517 -9.47775628626692 -109.587996705164
0.527 -15.3700189753321 -124.958015680496
0.554 -13.7184115523466 -138.676427232842
0.489 -3.47648261758691 -142.152909850429
0.437 -2.05949656750572 -144.212406417935
0.523 -0.191204588910134 -144.403611006845
0.492 -6.50406504065041 -150.907676047496
0.503 -5.36779324055666 -156.275469288052
0.514 -4.66926070038911 -160.944729988441
0.489 -7.56646216768916 -168.511192156131
0.495 -5.45454545454545 -173.965737610676
0.506 -0.395256916996047 -174.360994527672
0.475 -3.15789473684211 -177.518889264514
0.534 -9.36329588014981 -186.882185144664
0.504 -8.73015873015873 -195.612343874823
0.523 0.956022944550669 -194.656320930272
0.506 -11.4624505928854 -206.118771523157
0.527 -2.84629981024668 -208.965071333404
0.503 -10.1391650099404 -219.104236343344
0.508 -7.8740157480315 -226.978252091376
0.524 -15.6488549618321 -242.627107053208
0.516 -8.91472868217054 -251.541835735379
0.543 -3.49907918968692 -255.040914925065
0.536 -3.73134328358209 -258.772258208648
0.515 -12.621359223301 -271.393617431948
0.514 -3.11284046692607 -274.506457898875
0.513 0.974658869395711 -273.531799029479
0.509 -3.7328094302554 -277.264608459734
0.53 -13.2075471698113 -290.472155629546
0.49 -11.0204081632653 -301.492563792811
0.52 -11.1538461538462 -312.646409946657
0.473 -2.74841437632135 -315.394824322978
0.523 2.86806883365201 -312.526755489326
0.515 -14.1747572815534 -326.70151277088
0.504 -9.52380952380952 -336.225322294689
0.484 -10.3305785123967 -346.555900807086
0.496 -5.24193548387097 -351.797836290957
0.51 -12.5490196078431 -364.3468558988
0.513 -15.7894736842105 -380.136329583011
0.478 -8.36820083682008 -388.504530419831
0.491 -1.42566191446029 -389.930192334291
0.509 -11.5913555992141 -401.521547933505
0.515 -3.30097087378641 -404.822518807292
0.501 -0.598802395209581 -405.421321202501
0.446 -13.9013452914798 -419.322666493981
0.47 -9.36170212765957 -428.684368621641
0.514 -0.778210116731518 -429.462578738372
0.51 -11.3725490196078 -440.83512775798
0.505 -21.980198019802 -462.815325777782
0.513 -5.26315789473684 -468.078483672519
0.457 -9.40919037199125 -477.48767404451
0.461 -9.32754880694143 -486.815222851451
0.497 1.40845070422535 -485.406772147226
0.475 -5.68421052631579 -491.090982673542
0.503 -2.5844930417495 -493.675475715291
0.478 -2.51046025104602 -496.185935966337
0.442 0 -496.185935966337
0.465 -10.1075268817204 -506.293462848058
0.455 -12.5274725274725 -518.82093537553
0.502 -6.77290836653386 -525.593843742064
0.525 -4.38095238095238 -529.974796123017
0.534 -10.4868913857678 -540.461687508784
0.521 -2.11132437619962 -542.573011884984
0.538 -5.20446096654275 -547.777472851527
0.539 -10.2040816326531 -557.98155448418
0.513 -17.7387914230019 -575.720345907182
0.532 -9.3984962406015 -585.118842147783
0.507 -8.08678500986193 -593.205627157645
0.521 -1.34357005758157 -594.549197215227
0.527 -12.3339658444023 -606.883163059629
0.522 -6.89655172413793 -613.779714783767
0.535 -5.42056074766355 -619.200275531431
0.543 -4.60405156537753 -623.804327096808
0.541 -13.4935304990758 -637.297857595884
0.549 -15.4826958105647 -652.780553406448
0.532 -9.77443609022556 -662.554989496674
0.523 -9.75143403441683 -672.306423531091
0.553 -11.0307414104882 -683.337164941579
0.549 -18.0327868852459 -701.369951826825
0.442 -18.552036199095 -719.92198802592
0.549 -11.1111111111111 -731.033099137031
0.528 -17.4242424242424 -748.457341561274
0.521 -2.87907869481766 -751.336420256091
0.525 -1.71428571428571 -753.050705970377
0.484 -1.65289256198347 -754.70359853236
0.534 -12.7340823970037 -767.437680929364
0.543 -7.55064456721915 -774.988325496583
0.522 -14.176245210728 -789.164570707311
0.504 -15.4761904761905 -804.640761183502
0.514 -10.1167315175097 -814.757492701012
0.533 -11.0694183864916 -825.826911087503
0.516 -11.2403100775194 -837.067221165022
0.533 -12.5703564727955 -849.637577637818
0.533 -11.0694183864916 -860.706996024309
0.546 -14.6520146520147 -875.359010676324
0.513 0.974658869395711 -874.384351806928
0.508 -11.4173228346457 -885.801674641574
0.463 -12.3110151187905 -898.112689760365
0.503 -8.54870775347912 -906.661397513844
0.515 1.35922330097087 -905.302174212873
0.515 0.194174757281553 -905.107999455591
0.529 -2.83553875236295 -907.943538207954
0.522 -5.3639846743295 -913.307522882284
0.522 -14.176245210728 -927.483768093012
0.5 -8 -935.483768093012
0.532 3.38345864661654 -932.100309446395
0.475 1.47368421052632 -930.626625235869
0.513 -0.584795321637427 -931.211420557506
0.51 8.23529411764706 -922.976126439859
0.52 -4.61538461538461 -927.591511055244
0.467 -15.203426124197 -942.794937179441
0.479 -0.626304801670146 -943.421241981111
0.484 -5.37190082644628 -948.793142807557
0.504 -5.15873015873016 -953.951872966287
0.509 -2.94695481335953 -956.898827779647
0.51 -6.27450980392157 -963.173337583568
0.529 -14.5557655954631 -977.729103179032
0.518 -1.93050193050193 -979.659605109534
0.522 -0.766283524904215 -980.425888634438
0.541 -16.4510166358595 -996.876905270297
0.504 -9.12698412698413 -1006.00388939728
0.495 -4.24242424242424 -1010.24631363971
0.513 -1.75438596491228 -1012.00069960462
0.505 1.38613861386139 -1010.61456099076
0.538 -6.31970260223048 -1016.93426359299
0.528 -10.9848484848485 -1027.91911207784
0.482 0 -1027.91911207784
0.436 -15.1376146788991 -1043.05672675673
0.473 -1.05708245243129 -1044.11380920917
0.517 7.15667311411992 -1036.95713609505
0.511 -3.71819960861057 -1040.67533570366
0.532 -3.7593984962406 -1044.4347341999
0.494 -6.88259109311741 -1051.31732529301
0.549 -1.63934426229508 -1052.95666955531
0.534 -4.49438202247191 -1057.45105157778
0.531 -6.59133709981168 -1064.04238867759
0.535 -0.186915887850467 -1064.22930456544
0.52 -8.07692307692308 -1072.30622764237
0.535 -12.5233644859813 -1084.82959212835
0.526 1.14068441064639 -1083.6889077177
0.523 0.191204588910134 -1083.49770312879
0.542 -4.4280442804428 -1087.92574740923
0.485 0.618556701030928 -1087.3071907082
0.52 -4.61538461538461 -1091.92257532359
0.508 -4.7244094488189 -1096.64698477241
0.498 -3.21285140562249 -1099.85983617803
0.509 -1.37524557956778 -1101.2350817576
0.558 -8.96057347670251 -1110.1956552343
0.541 -2.77264325323475 -1112.96829848753
0.574 -7.66550522648084 -1120.63380371402
0.553 0.180831826401447 -1120.45297188761
0.549 -4.18943533697632 -1124.64240722459
0.478 -2.09205020920502 -1126.7344574338
0.497 5.83501006036217 -1120.89944737343
0.49 -10.6122448979592 -1131.51169227139
0.509 -5.69744597249509 -1137.20913824389
0.533 -12.5703564727955 -1149.77949471668
0.524 -17.175572519084 -1166.95506723577
0.469 1.91897654584222 -1165.03609068992
0.503 -10.5367793240557 -1175.57287001398
0.489 -0.613496932515337 -1176.1863669465
0.511 -4.50097847358121 -1180.68734542008
0.489 -15.7464212678937 -1196.43376668797
0.532 -13.5338345864662 -1209.96760127444
0.51 -9.01960784313725 -1218.98720911757
0.484 -9.91735537190083 -1228.90456448947
0.5 -13.6 -1242.50456448947
0.484 -13.2231404958678 -1255.72770498534
0.47 -17.0212765957447 -1272.74898158109
0.521 -12.0921305182342 -1284.84111209932
0.548 -6.56934306569343 -1291.41045516501
0.541 -8.68761552680222 -1300.09807069182
0.528 -6.43939393939394 -1306.53746463121
0.53 -9.81132075471698 -1316.34878538593
0.505 -13.2673267326733 -1329.6161121186
0.499 -11.0220440881764 -1340.63815620678
0.488 -4.91803278688525 -1345.55618899366
0.479 -6.47181628392484 -1352.02800527759
0.494 -1.21457489878543 -1353.24258017637
0.492 -1.6260162601626 -1354.86859643654
0.491 -1.83299389002037 -1356.70159032656
0.527 -7.77988614800759 -1364.48147647456
0.537 -0.931098696461825 -1365.41257517103
0.435 -8.50574712643678 -1373.91832229746
0.486 0.411522633744856 -1373.50679966372
0.453 -4.63576158940397 -1378.14256125312
0.458 -0.436681222707424 -1378.57924247583
0.477 -11.9496855345912 -1390.52892801042
0.508 -8.26771653543307 -1398.79664454585
0.488 -9.83606557377049 -1408.63271011962
0.527 -15.7495256166983 -1424.38223573632
0.511 -11.545988258317 -1435.92822399464
0.477 -7.75681341719078 -1443.68503741183
0.477 -7.75681341719078 -1451.44185082902
0.492 -8.53658536585366 -1459.97843619487
0.543 -9.02394106813996 -1469.00237726301
0.551 -8.52994555353902 -1477.53232281655
0.513 -11.8908382066277 -1489.42316102318
0.471 -9.97876857749469 -1499.40192960068
0.475 -12 -1511.40192960068
0.506 -0.395256916996047 -1511.79718651767
0.517 -13.3462282398453 -1525.14341475752
0.514 -12.84046692607 -1537.98388168359
0.49 -7.75510204081633 -1545.7389837244
0.521 -0.959692898272553 -1546.69867662268
0.528 -4.92424242424242 -1551.62291904692
0.506 -3.16205533596838 -1554.78497438289
0.517 -7.93036750483559 -1562.71534188772
0.487 -8.82956878850103 -1571.54491067622
0.505 -5.74257425742574 -1577.28748493365
0.513 1.364522417154 -1575.92296251649
0.534 -2.99625468164794 -1578.91921719814
0.489 -8.38445807770961 -1587.30367527585
0.42 -13.3333333333333 -1600.63700860919
0.518 0 -1600.63700860919
0.496 -4.03225806451613 -1604.6692666737
0.519 0.963391136801541 -1603.7058755369
0.505 -13.2673267326733 -1616.97320226957
0.477 -12.3689727463312 -1629.3421750159
0.527 -12.3339658444023 -1641.67614086031
0.516 -10.077519379845 -1651.75366024015
0.509 -9.23379174852652 -1660.98745198868
0.529 -4.72589792060491 -1665.71334990928
0.544 -5.88235294117647 -1671.59570285046
0.544 -2.20588235294118 -1673.8015852034
0.523 2.86806883365201 -1670.93351636975
0.506 -4.74308300395257 -1675.6765993737
0.515 -2.9126213592233 -1678.58922073293
0.475 -3.57894736842105 -1682.16816810135
0.464 -1.29310344827586 -1683.46127154962
0.479 -14.8225469728601 -1698.28381852248
0.48 -15.8333333333333 -1714.11715185582
0.476 8.82352941176471 -1705.29362244405
0.532 -1.8796992481203 -1707.17332169217
0.507 -2.16962524654832 -1709.34294693872
0.487 -2.25872689938398 -1711.6016738381
0.516 -13.5658914728682 -1725.16756531097
0.506 -11.0671936758893 -1736.23475898686
0.466 3.00429184549356 -1733.23046714137
0.469 0.213219616204691 -1733.01724752516
0.478 5.02092050209205 -1727.99632702307
0.479 -0.626304801670146 -1728.62263182474
0.459 -4.13943355119826 -1732.76206537594
0.537 -2.42085661080074 -1735.18292198674
0.499 -2.60521042084168 -1737.78813240758
0.473 -6.553911205074 -1744.34204361266
0.496 4.43548387096774 -1739.90655974169
0.482 2.4896265560166 -1737.41693318567
0.496 -11.6935483870968 -1749.11048157277
0.523 -4.78011472275335 -1753.89059629552
0.472 -7.6271186440678 -1761.51771493959
0.459 -7.18954248366013 -1768.70725742325
0.466 -1.28755364806867 -1769.99481107132
0.506 -3.55731225296443 -1773.55212332428
0.505 -5.34653465346535 -1778.89865797775
0.487 3.08008213552361 -1775.81857584222
0.455 1.53846153846154 -1774.28011430376
0.477 -0.628930817610063 -1774.90904512137
0.51 -6.27450980392157 -1781.18355492529
0.517 -12.1856866537718 -1793.36924157907
0.512 -9.765625 -1803.13486657907
0.48 -3.33333333333333 -1806.4681999124
0.401 -1.74563591022444 -1808.21383582262
0.391 0.255754475703325 -1807.95808134692
0.388 -9.79381443298969 -1817.75189577991
0.432 -10.1851851851852 -1827.93708096509
0.4 2 -1825.93708096509
0.428 -7.94392523364486 -1833.88100619874
0.42 -2.85714285714286 -1836.73814905588
0.405 -7.65432098765432 -1844.39247004354
0.456 -4.82456140350877 -1849.21703144705
0.475 6.52631578947368 -1842.69071565757
0.42 10.4761904761905 -1832.21452518138
0.398 -5.52763819095477 -1837.74216337234
0.407 -14.987714987715 -1852.72987836005
0.414 -12.56038647343 -1865.29026483348
0.441 -7.48299319727891 -1872.77325803076
0.515 -40.5825242718447 -1913.3557823026
0.415 -4.09638554216868 -1917.45216784477
0.465 -0.21505376344086 -1917.66722160821
0.477 0.628930817610063 -1917.0382907906
0.461 -4.12147505422993 -1921.15976584483
0.51 -2.35294117647059 -1923.51270702131
0.526 1.14068441064639 -1922.37202261066
0.541 0.184842883548983 -1922.18717972711
0.526 -6.84410646387833 -1929.03128619099
0.447 3.35570469798658 -1925.675581493
0.474 -0.421940928270042 -1926.09752242127
0.49 -3.26530612244898 -1929.36282854372
0.471 -9.97876857749469 -1939.34159712122
0.384 -9.89583333333333 -1949.23743045455
0.54 1.11111111111111 -1948.12631934344
0.466 -7.29613733905579 -1955.42245668249
0.504 -1.58730158730159 -1957.00975826979
0.49 -10.2040816326531 -1967.21383990245
0.502 0.796812749003984 -1966.41702715344
0.507 9.27021696252466 -1957.14681019092
0.511 -14.6771037181996 -1971.82391390912
0.484 -12.396694214876 -1984.22060812399
0.453 -9.49227373068433 -1993.71288185468
0.495 -4.64646464646465 -1998.35934650114
0.467 -8.35117773019272 -2006.71052423134
0.499 -4.20841683366733 -2010.918941065
0.514 -8.94941634241245 -2019.86835740742
0.518 -6.56370656370656 -2026.43206397112
0.472 3.8135593220339 -2022.61850464909
0.485 -10.1030927835052 -2032.72159743259
0.519 -2.11946050096339 -2034.84105793356
0.504 0.793650793650794 -2034.04740713991
0.532 -4.13533834586466 -2038.18274548577
0.51 -5.09803921568627 -2043.28078470146
0.512 -8.984375 -2052.26515970146
0.515 1.74757281553398 -2050.51758688592
0.525 5.52380952380952 -2044.99377736211
0.486 1.23456790123457 -2043.75920946088
0.486 -11.9341563786008 -2055.69336583948
0.49 -4.89795918367347 -2060.59132502315
0.446 -7.17488789237668 -2067.76621291553
0.492 -10.1626016260163 -2077.92881454155
0.493 -8.31643002028398 -2086.24524456183
0.479 -3.54906054279749 -2089.79430510463
0.509 0.589390962671906 -2089.20491414196
0.496 2.01612903225806 -2087.1887851097
0.496 6.45161290322581 -2080.73717220647
0.505 -3.36633663366337 -2084.10350884014
0.495 0.202020202020202 -2083.90148863812
0.505 2.97029702970297 -2080.93119160841
0.491 3.86965376782077 -2077.06153784059
0.513 -6.82261208576998 -2083.88414992636
0.496 -4.03225806451613 -2087.91640799088
0.503 -9.74155069582505 -2097.6579586867
0.516 -10.8527131782946 -2108.510671865
0.472 -2.96610169491525 -2111.47677355991
0.496 -8.06451612903226 -2119.54128968895
0.502 0 -2119.54128968895
0.52 -18.4615384615385 -2138.00282815048
0.51 -7.84313725490196 -2145.84596540539
0.502 -5.1792828685259 -2151.02524827391
0.475 -6.52631578947368 -2157.55156406338
0.481 2.7027027027027 -2154.84886136068
0.493 -0.202839756592292 -2155.05170111727
0.48 -2.91666666666667 -2157.96836778394
0.507 -11.6370808678501 -2169.60544865179
0.442 -4.97737556561086 -2174.5828242174
0.476 -5.04201680672269 -2179.62484102413
0.506 -1.18577075098814 -2180.81061177511
0.51 0.784313725490196 -2180.02629804962
0.508 -3.93700787401575 -2183.96330592364
0.496 -4.83870967741935 -2188.80201560106
0.522 -9.19540229885057 -2197.99741789991
0.53 -18.1132075471698 -2216.11062544708
0.547 -1.27970749542962 -2217.39033294251
0.508 -4.33070866141732 -2221.72104160393
0.502 -4.7808764940239 -2226.50191809795
0.479 -1.87891440501044 -2228.38083250296
0.522 -10.3448275862069 -2238.72566008917
0.483 0.62111801242236 -2238.10454207674
0.513 -1.75438596491228 -2239.85892804166
0.505 -5.34653465346535 -2245.20546269512
0.528 1.13636363636364 -2244.06909905876
0.502 -1.99203187250996 -2246.06113093127
0.484 -8.26446280991735 -2254.32559374119
0.469 -8.31556503198294 -2262.64115877317
0.491 -1.83299389002037 -2264.47415266319
0.501 -5.78842315369261 -2270.26257581688
0.49 -19.5918367346939 -2289.85441255158
0.495 -10.3030303030303 -2300.15744285461
0.497 -8.65191146881288 -2308.80935432342
0.508 -5.90551181102362 -2314.71486613444
0.507 -5.32544378698225 -2320.04030992142
0.484 -3.30578512396694 -2323.34609504539
0.481 -6.86070686070686 -2330.2068019061
0.509 -10.4125736738703 -2340.61937557997
0.513 -4.09356725146199 -2344.71294283143
0.476 -8.40336134453782 -2353.11630417597
0.463 3.67170626349892 -2349.44459791247
0.559 -5.18783542039356 -2354.63243333286
0.521 -5.18234165067178 -2359.81477498353
0.553 3.43580470162749 -2356.37897028191
0.546 2.93040293040293 -2353.4485673515
0.537 5.02793296089385 -2348.42063439061
0.571 -12.4343257443082 -2360.85496013492
0.449 0.22271714922049 -2360.6322429857
0.553 5.96745027124774 -2354.66479271445
0.505 2.57425742574257 -2352.09053528871
0.503 -2.5844930417495 -2354.67502833046
0.523 1.7208413001912 -2352.95418703027
0.539 4.26716141001855 -2348.68702562025
0.504 -1.19047619047619 -2349.87750181072
0.51 -11.7647058823529 -2361.64220769308
0.493 -8.72210953346856 -2370.36431722655
0.473 -4.43974630021142 -2374.80406352676
0.518 -9.65250965250965 -2384.45657317927
0.474 -6.75105485232068 -2391.20762803159
0.507 2.56410256410256 -2388.64352546748
0.454 -6.16740088105727 -2394.81092634854
0.483 -8.48861283643892 -2403.29953918498
0.48 -8.75 -2412.04953918498
0.519 -12.52408477842 -2424.5736239634
0.537 -9.86964618249534 -2434.4432701459
0.538 -8.55018587360595 -2442.9934560195
0.512 -7.8125 -2450.8059560195
0.526 -14.0684410646388 -2464.87439708414
0.515 -5.63106796116505 -2470.50546504531
0.487 -6.36550308008214 -2476.87096812539
0.511 -4.10958904109589 -2480.98055716648
0.543 -6.07734806629834 -2487.05790523278
0.489 -6.33946830265849 -2493.39737353544
0.512 -8.984375 -2502.38174853544
0.53 0 -2502.38174853544
0.504 0 -2502.38174853544
0.523 -4.39770554493308 -2506.77945408037
0.518 -8.10810810810811 -2514.88756218848
0.456 -4.3859649122807 -2519.27352710076
0.439 2.0501138952164 -2517.22341320555
0.501 -11.7764471057884 -2528.99986031133
0.516 -2.32558139534884 -2531.32544170668
0.511 -1.76125244618395 -2533.08669415287
0.52 -6.53846153846154 -2539.62515569133
0.493 -7.50507099391481 -2547.13022668524
0.499 -10.2204408817635 -2557.35066756701
0.492 -10.9756097560976 -2568.3262773231
0.504 -11.1111111111111 -2579.43738843422
0.427 -9.60187353629976 -2589.03926197052
0.477 3.14465408805031 -2585.89460788247
0.499 -6.61322645290581 -2592.50783433537
0.501 -4.99001996007984 -2597.49785429545
0.511 4.50097847358121 -2592.99687582187
0.46 1.30434782608696 -2591.69252799578
0.528 -6.06060606060606 -2597.75313405639
0.524 -10.6870229007634 -2608.44015695715
0.539 -18.7384044526902 -2627.17856140984
0.511 -6.84931506849315 -2634.02787647834
0.526 4.56273764258555 -2629.46513883575
0.534 -2.99625468164794 -2632.4613935174
0.559 3.7567084078712 -2628.70468510953
0.46 -1.73913043478261 -2630.44381554431
0.522 3.44827586206897 -2626.99553968224
0.51 -4.70588235294118 -2631.70142203518
0.478 -5.02092050209205 -2636.72234253727
0.519 -10.597302504817 -2647.31964504209
0.485 -2.2680412371134 -2649.5876862792
0.478 -11.2970711297071 -2660.88475740891
0.463 -7.55939524838013 -2668.44415265729
0.503 1.39165009940358 -2667.05250255789
0.496 -7.25806451612903 -2674.31056707402
0.463 1.51187904967603 -2672.79868802434
0.492 -8.94308943089431 -2681.74177745524
0.52 -8.46153846153846 -2690.20331591677
0.414 -6.76328502415459 -2696.96660094093
0.428 -2.80373831775701 -2699.77033925868
0.507 -4.14201183431953 -2703.912351093
0.492 -10.1626016260163 -2714.07495271902
0.502 -9.16334661354582 -2723.23829933257
0.508 -9.44881889763779 -2732.6871182302
0.519 -5.97302504816956 -2738.66014327837
0.515 -7.57281553398058 -2746.23295881235
0.532 -1.50375939849624 -2747.73671821085
0.512 -12.109375 -2759.84609321085
0.525 -3.23809523809524 -2763.08418844895
0.5 -2.4 -2765.48418844895
0.521 -9.40499040307102 -2774.88917885202
0.522 -3.83141762452107 -2778.72059647654
0.543 -5.70902394106814 -2784.42962041761
0.572 -11.8881118881119 -2796.31773230572
0.581 -6.36833046471601 -2802.68606277043
0.534 0.374531835205993 -2802.31153093523
0.575 -3.65217391304348 -2805.96370484827
0.555 -11.3513513513514 -2817.31505619962
0.52 -3.07692307692308 -2820.39197927655
0.508 0 -2820.39197927655
0.499 -18.6372745490982 -2839.02925382564
0.494 -5.66801619433198 -2844.69727001998
0.509 -5.69744597249509 -2850.39471599247
0.507 -7.69230769230769 -2858.08702368478
0.508 -5.90551181102362 -2863.9925354958
0.528 -4.54545454545455 -2868.53799004126
0.515 -2.9126213592233 -2871.45061140048
0.528 0 -2871.45061140048
0.486 -7.40740740740741 -2878.85801880789
0.462 1.2987012987013 -2877.55931750919
0.494 3.64372469635628 -2873.91559281283
0.528 -7.95454545454545 -2881.87013826738
0.518 -3.86100386100386 -2885.73114212838
0.5 9.6 -2876.13114212838
0.499 5.01002004008016 -2871.1211220883
0.494 -6.47773279352227 -2877.59885488182
0.504 -4.36507936507936 -2881.9639342469
0.527 -1.70777988614801 -2883.67171413305
0.465 -0.21505376344086 -2883.88676789649
0.511 -6.0665362035225 -2889.95330410001
0.539 -7.97773654916512 -2897.93104064918
0.526 -10.2661596958175 -2908.197200345
0.474 -1.26582278481013 -2909.46302312981
0.521 2.49520153550864 -2906.9678215943
0.55 -5.45454545454545 -2912.42236704884
0.53 -3.39622641509434 -2915.81859346394
0.477 1.0482180293501 -2914.77037543459
0.444 -2.25225225225225 -2917.02262768684
0.531 0.188323917137476 -2916.8343037697
0.449 -7.34966592427617 -2924.18396969398
0.51 5.09803921568627 -2919.08593047829
0.496 2.01612903225806 -2917.06980144603
0.549 -2.36794171220401 -2919.43774315824
0.528 0 -2919.43774315824
0.546 -4.76190476190476 -2924.19964792014
0.47 6.80851063829787 -2917.39113728184
0.509 -5.69744597249509 -2923.08858325434
0.531 -1.31826741996234 -2924.4068506743
0.528 -0.378787878787879 -2924.78563855309
0.519 15.2215799614644 -2909.56405859162
0.511 -8.80626223091977 -2918.37032082254
0.523 -5.54493307839388 -2923.91525390094
0.486 -7.40740740740741 -2931.32266130835
0.47 -5.95744680851064 -2937.28010811686
0.502 -9.56175298804781 -2946.8418611049
0.494 -14.9797570850202 -2961.82161818992
0.5 0.4 -2961.42161818992
0.548 -5.47445255474453 -2966.89607074467
0.531 -13.3709981167608 -2980.26706886143
0.446 -10.3139013452915 -2990.58097020672
0.5 -5.6 -2996.18097020672
0.556 -4.31654676258993 -3000.49751696931
0.509 3.33988212180747 -2997.1576348475
0.516 -5.42635658914729 -3002.58399143665
0.54 -4.44444444444444 -3007.0284358811
0.452 -7.52212389380531 -3014.5505597749
0.514 -3.11284046692607 -3017.66340024183
0.516 -5.03875968992248 -3022.70215993175
0.481 -8.52390852390852 -3031.22606845566
0.484 -9.91735537190083 -3041.14342382756
0.52 -15.3846153846154 -3056.52803921217
0.499 -16.2324649298597 -3072.76050414203
0.504 -13.0952380952381 -3085.85574223727
0.49 -19.5918367346939 -3105.44757897197
0.46 -8.69565217391304 -3114.14323114588
0.511 -6.84931506849315 -3120.99254621437
0.531 -7.72128060263653 -3128.71382681701
0.473 -13.3192389006343 -3142.03306571764
0.511 -11.9373776908023 -3153.97044340845
0.49 -16.734693877551 -3170.705137286
0.503 -8.15109343936382 -3178.85623072536
0.532 -9.77443609022556 -3188.63066681559
0.497 -3.82293762575453 -3192.45360444134
0.457 -4.15754923413567 -3196.61115367548
0.453 -7.28476821192053 -3203.8959218874
0.511 -9.98043052837573 -3213.87635241577
0.514 -11.284046692607 -3225.16039910838
0.527 -5.88235294117647 -3231.04275204956
0.531 -12.6177024482109 -3243.66045449777
0.561 -8.02139037433155 -3251.6818448721
0.547 -0.548446069469835 -3252.23029094157
0.487 -9.24024640657084 -3261.47053734814
0.447 -10.5145413870246 -3271.98507873516
0.515 -4.46601941747573 -3276.45109815264
0.559 -4.47227191413238 -3280.92337006677
0.526 -3.04182509505703 -3283.96519516183
0.522 -1.91570881226054 -3285.88090397409
0.518 -11.1969111969112 -3297.077815171
0.512 -1.953125 -3299.030940171
0.511 -4.89236790606654 -3303.92330807707
0.518 0.386100386100386 -3303.53720769097
0.515 -14.9514563106796 -3318.48866400165
0.527 -10.4364326375712 -3328.92509663922
0.476 -5.04201680672269 -3333.96711344594
0.505 -5.34653465346535 -3339.31364809941
0.52 7.69230769230769 -3331.6213404071
0.494 -12.9554655870445 -3344.57680599414
0.495 -16.3636363636364 -3360.94044235778
0.492 -10.1626016260163 -3371.10304398379
0.469 -14.7121535181237 -3385.81519750192
0.507 -3.35305719921105 -3389.16825470113
0.529 -6.99432892249527 -3396.16258362362
0.535 -9.90654205607477 -3406.0691256797
0.515 -6.40776699029126 -3412.47689266999
0.495 11.9191919191919 -3400.5577007508
0.552 -0.72463768115942 -3401.28233843196
0.53 -8.67924528301887 -3409.96158371498
0.496 -14.9193548387097 -3424.88093855369
0.504 -10.7142857142857 -3435.59522426797
0.452 -5.75221238938053 -3441.34743665735
0.418 -14.3540669856459 -3455.701503643
0.507 -9.27021696252466 -3464.97172060552
0.528 -11.3636363636364 -3476.33535696916
0.488 -6.14754098360656 -3482.48289795277
0.502 -3.98406374501992 -3486.46696169779
0.519 -6.74373795761079 -3493.2106996554
0.48 -7.08333333333333 -3500.29403298873
0.513 -14.2300194931774 -3514.52405248191
0.511 -20.1565557729941 -3534.6806082549
0.498 -10.8433734939759 -3545.52398174888
0.5 -4 -3549.52398174888
0.482 -4.149377593361 -3553.67335934224
0.496 -2.82258064516129 -3556.4959399874
0.466 -14.1630901287554 -3570.65903011616
0.479 -8.1419624217119 -3578.80099253787
0.529 -6.23818525519849 -3585.03917779307
0.52 -16.1538461538462 -3601.19302394691
0.576 -3.47222222222222 -3604.66524616913
0.592 0 -3604.66524616913
0.546 -8.79120879120879 -3613.45645496034
0.489 -6.74846625766871 -3620.20492121801
0.548 -5.47445255474453 -3625.67937377276
0.496 -4.43548387096774 -3630.11485764372
0.525 -4 -3634.11485764372
0.512 -8.984375 -3643.09923264372
0.46 -16.0869565217391 -3659.18618916546
0.48 -4.58333333333333 -3663.7695224988
0.496 -6.85483870967742 -3670.62436120847
0.505 -0.198019801980198 -3670.82238101045
0.567 -2.29276895943563 -3673.11514996989
0.521 -9.021113243762 -3682.13626321365
0.523 -11.6634799235182 -3693.79974313717
0.533 -10.3189493433396 -3704.11869248051
0.468 -4.7008547008547 -3708.81954718136
0.461 -5.42299349240781 -3714.24254067377
0.489 -5.11247443762781 -3719.3550151114
0.544 -2.94117647058824 -3722.29619158199
0.499 7.01402805611222 -3715.28216352588
0.484 -4.54545454545455 -3719.82761807133
0.495 -17.5757575757576 -3737.40337564709
0.476 -8.82352941176471 -3746.22690505885
0.501 -12.9740518962076 -3759.20095695506
0.503 -10.1391650099404 -3769.340121965
0.476 -15.1260504201681 -3784.46617238517
0.469 -8.31556503198294 -3792.78173741715
0.486 3.7037037037037 -3789.07803371345
0.503 -12.9224652087475 -3802.0004989222
0.486 -12.3456790123457 -3814.34617793454
0.481 -7.27650727650728 -3821.62268521105
0.447 -4.25055928411633 -3825.87324449516
0.498 0.401606425702811 -3825.47163806946
0.469 -5.33049040511727 -3830.80212847458
0.464 -10.7758620689655 -3841.57799054354
0.48 -1.25 -3842.82799054354
0.511 -8.80626223091977 -3851.63425277446
0.499 -9.81963927855711 -3861.45389205302
0.518 3.08880308880309 -3858.36508896422
0.487 -0.205338809034908 -3858.57042777325
0.493 -5.88235294117647 -3864.45278071443
0.486 -3.7037037037037 -3868.15648441813
0.455 -1.97802197802198 -3870.13450639616
0.491 -9.979633401222 -3880.11413979738
0.445 -0.674157303370786 -3880.78829710075
0.482 -15.3526970954357 -3896.14099419618
0.432 -7.87037037037037 -3904.01136456655
0.477 -9.0146750524109 -3913.02603961897
0.514 -11.6731517509728 -3924.69919136994
0.511 -7.24070450097847 -3931.93989587092
0.465 -9.24731182795699 -3941.18720769887
0.478 -7.94979079497908 -3949.13699849385
0.468 -8.54700854700855 -3957.68400704086
0.47 -14.8936170212766 -3972.57762406214
0.51 -9.80392156862745 -3982.38154563077
0.51 -5.88235294117647 -3988.26389857194
0.47 -8.93617021276596 -3997.20006878471
0.469 -6.18336886993603 -4003.38343765464
0.496 -19.3548387096774 -4022.73827636432
0.481 -9.77130977130977 -4032.50958613563
0.498 -18.8755020080321 -4051.38508814366
0.51 -18.0392156862745 -4069.42430382994
0.491 -10.3869653767821 -4079.81126920672
0.469 -14.2857142857143 -4094.09698349243
0.503 -11.3320079522863 -4105.42899144472
0.508 -7.8740157480315 -4113.30300719275
0.507 -16.7652859960552 -4130.06829318881
0.508 -7.48031496062992 -4137.54860814944
0.504 -8.33333333333333 -4145.88194148277
0.497 -6.63983903420523 -4152.52178051698
0.516 -14.7286821705426 -4167.25046268752
0.509 -7.66208251473477 -4174.91254520225
0.469 -8.74200426439232 -4183.65454946665
0.459 -11.1111111111111 -4194.76566057776
0.444 2.7027027027027 -4192.06295787505
0.47 -4.25531914893617 -4196.31827702399
0.489 -10.0204498977505 -4206.33872692174
0.503 -1.39165009940358 -4207.73037702114
0.489 -9.20245398773006 -4216.93283100887
0.505 -16.039603960396 -4232.97243496927
0.438 -13.2420091324201 -4246.21444410169
0.447 -2.01342281879195 -4248.22786692048
0.5 -11.2 -4259.42786692048
0.494 -15.7894736842105 -4275.21734060469
0.448 -10.7142857142857 -4285.93162631898
0.461 -14.0997830802603 -4300.03140939924
0.386 -13.9896373056995 -4314.02104670494
0.462 4.32900432900433 -4309.69204237593
0.41 6.34146341463415 -4303.3505789613
0.479 -1.87891440501044 -4305.22949336631
0.429 -10.02331002331 -4315.25280338962
0.428 -11.214953271028 -4326.46775666065
0.445 -13.2584269662921 -4339.72618362694
0.407 -9.58230958230958 -4349.30849320925
0.433 -10.8545034642032 -4360.16299667345
0.436 -13.302752293578 -4373.46574896703
0.469 -10.4477611940299 -4383.91351016106
0.467 -1.07066381156317 -4384.98417397262
0.496 -8.46774193548387 -4393.45191590811
0.52 -2.30769230769231 -4395.7596082158
0.48 -3.75 -4399.5096082158
0.493 -3.85395537525355 -4403.36356359105
0.478 -5.02092050209205 -4408.38448409315
0.468 -5.55555555555556 -4413.9400396487
0.48 -7.08333333333333 -4421.02337298203
0.47 -10.2127659574468 -4431.23613893948
0.481 -14.7609147609148 -4445.9970537004
0.47 -14.468085106383 -4460.46513880678
0.439 -6.1503416856492 -4466.61548049243
0.501 -0.598802395209581 -4467.21428288764
0.464 -13.7931034482759 -4481.00738633591
0.457 -10.7221006564551 -4491.72948699237
0.424 -17.9245283018868 -4509.65401529426
0.479 -11.8997912317328 -4521.55380652599
0.442 -14.4796380090498 -4536.03344453504
0.463 -4.53563714902808 -4540.56908168407
0.467 -14.7751605995717 -4555.34424228364
0.48 2.08333333333333 -4553.2609089503
0.521 -7.48560460652591 -4560.74651355683
0.504 -15.4761904761905 -4576.22270403302
0.486 -14.8148148148148 -4591.03751884784
0.484 -7.02479338842975 -4598.06231223627
0.482 -17.8423236514523 -4615.90463588772
0.492 -17.479674796748 -4633.38431068447
0.443 -11.9638826185102 -4645.34819330298
0.461 -1.08459869848156 -4646.43279200146
0.485 -2.2680412371134 -4648.70083323857
0.489 -3.47648261758691 -4652.17731585616
0.509 -1.37524557956778 -4653.55256143573
0.507 -9.27021696252466 -4662.82277839825
0.456 -8.33333333333333 -4671.15611173158
0.474 -5.90717299578059 -4677.06328472736
0.48 -11.6666666666667 -4688.72995139403
0.506 -9.09090909090909 -4697.82086048494
0.503 -15.3081510934394 -4713.12901157838
0.501 -7.38522954091816 -4720.5142411193
0.491 -8.35030549898167 -4728.86454661828
0.502 -15.5378486055777 -4744.40239522386
0.501 -10.5788423153693 -4754.98123753923
0.468 -16.2393162393162 -4771.22055377854
0.46 -12.6086956521739 -4783.82924943072
0.454 -12.7753303964758 -4796.60457982719
0.444 -10.3603603603604 -4806.96494018755
0.46 -7.39130434782609 -4814.35624453538
0.477 -15.3039832285115 -4829.66022776389
0.478 -13.8075313807531 -4843.46775914464
0.436 -5.96330275229358 -4849.43106189694
0.468 -10.6837606837607 -4860.1148225807
0.516 -7.75193798449612 -4867.86676056519
0.469 -1.91897654584222 -4869.78573711104
0.522 2.68199233716475 -4867.10374477387
0.511 -4.50097847358121 -4871.60472324745
0.5 -12.8 -4884.40472324745
0.457 -9.40919037199125 -4893.81391361944
0.469 -13.0063965884861 -4906.82031020793
0.481 -19.3347193347193 -4926.15502954265
0.493 -10.3448275862069 -4936.49985712886
0.484 -3.71900826446281 -4940.21886539332
0.464 -6.89655172413793 -4947.11541711746
0.47 -6.38297872340426 -4953.49839584086
0.479 -4.80167014613779 -4958.300065987
0.483 -3.93374741200828 -4962.23381339901
0.456 -14.0350877192982 -4976.26890111831
0.476 -2.10084033613445 -4978.36974145444
0.462 -12.5541125541126 -4990.92385400855
0.463 -12.7429805615551 -5003.66683457011
0.489 -1.84049079754601 -5005.50732536765
0.435 -10.3448275862069 -5015.85215295386
0.492 -12.6016260162602 -5028.45377897012
0.475 -8.63157894736842 -5037.08535791749
0.474 -7.17299578059072 -5044.25835369808
0.472 1.69491525423729 -5042.56343844384
0.443 -0.225733634311512 -5042.78917207815
0.433 1.61662817551963 -5041.17254390263
0.48 0 -5041.17254390263
0.469 -14.2857142857143 -5055.45825818835
0.48 -8.75 -5064.20825818835
0.464 -6.46551724137931 -5070.67377542973
0.473 1.05708245243129 -5069.6166929773
0.507 -6.50887573964497 -5076.12556871694
0.461 -5.85683297180043 -5081.98240168874
0.456 -8.7719298245614 -5090.7543315133
0.467 -2.78372591006424 -5093.53805742337
0.468 -11.1111111111111 -5104.64916853448
0.477 -11.9496855345912 -5116.59885406907
0.505 -1.78217821782178 -5118.38103228689
0.511 -8.02348336594912 -5126.40451565284
0.48 -8.33333333333333 -5134.73784898617
0.485 -4.74226804123711 -5139.48011702741
0.495 -2.62626262626263 -5142.10637965367
0.513 -8.7719298245614 -5150.87830947823
0.504 -10.3174603174603 -5161.1957697957
0.466 -5.5793991416309 -5166.77516893733
0.494 -8.50202429149798 -5175.27719322882
0.477 -11.9496855345912 -5187.22687876342
0.493 -7.09939148073022 -5194.32627024415
0.471 -7.43099787685775 -5201.757268121
0.477 -6.07966457023061 -5207.83693269123
0.477 -16.1425576519916 -5223.97949034323
0.512 -8.984375 -5232.96386534323
0.471 3.60934182590234 -5229.35452351732
0.445 0.674157303370786 -5228.68036621395
0.437 2.51716247139588 -5226.16320374256
0.486 6.5843621399177 -5219.57884160264
0.437 3.4324942791762 -5216.14634732346
0.475 -2.31578947368421 -5218.46213679715
0.508 0.393700787401575 -5218.06843600975
0.48 0 -5218.06843600975
0.47 1.70212765957447 -5216.36630835017
0.45 0.888888888888889 -5215.47741946128
0.483 -1.0351966873706 -5216.51261614865
0.491 10.7942973523422 -5205.71831879631
0.434 13.3640552995392 -5192.35426349677
0.455 7.25274725274725 -5185.10151624402
0.474 -2.10970464135021 -5187.21122088537
0.496 -9.67741935483871 -5196.88864024021
0.52 -10.3846153846154 -5207.27325562483
0.428 8.41121495327103 -5198.86204067156
0.5 3.2 -5195.66204067156
0.496 -1.20967741935484 -5196.87171809091
0.438 -6.39269406392694 -5203.26441215484
0.487 -0.205338809034908 -5203.46975096387
0.486 7.40740740740741 -5196.06234355647
0.481 5.1975051975052 -5190.86483835896
0.44 2.72727272727273 -5188.13756563169
0.463 -3.67170626349892 -5191.80927189519
0.473 -4.43974630021142 -5196.2490181954
0.443 4.74040632054176 -5191.50861187486
0.431 10.9048723897912 -5180.60373948507
0.454 -1.3215859030837 -5181.92532538815
0.484 8.26446280991735 -5173.66086257823
0.478 1.67364016736402 -5171.98722241087
0.477 1.88679245283019 -5170.10042995804
0.486 11.522633744856 -5158.57779621318
0.467 6.63811563169165 -5151.93968058149
0.469 5.33049040511727 -5146.60919017637
0.469 3.62473347547974 -5142.98445670089
0.472 2.54237288135593 -5140.44208381954
0.485 6.39175257731959 -5134.05033124222
0.456 5.26315789473684 -5128.78717334748
0.479 10.6471816283925 -5118.13999171909
0.48 10.4166666666667 -5107.72332505242
0.45 -3.55555555555556 -5111.27888060798
0.447 -8.7248322147651 -5120.00371282274
0.452 8.4070796460177 -5111.59663317672
0.477 9.43396226415094 -5102.16267091257
0.496 7.66129032258065 -5094.50138058999
0.438 10.5022831050228 -5083.99909748497
0.457 3.28227571115974 -5080.71682177381
0.475 4 -5076.71682177381
0.491 16.0896130346232 -5060.62720873919
0.501 5.78842315369261 -5054.8387855855
0.514 3.50194552529183 -5051.3368400602
0.499 7.41482965931864 -5043.92201040088
0.51 1.96078431372549 -5041.96122608716
0.503 17.2962226640159 -5024.66500342314
0.491 2.64765784114053 -5022.017345582
0.471 8.70488322717622 -5013.31246235483
0.508 0 -5013.31246235483
0.477 1.88679245283019 -5011.425669902
0.457 5.47045951859956 -5005.9552103834
0.453 -0.662251655629139 -5006.61746203903
0.469 7.46268656716418 -4999.15477547186
0.496 -2.82258064516129 -5001.97735611702
0.49 4.48979591836735 -4997.48756019866
0.475 12.8421052631579 -4984.6454549355
0.437 8.92448512585812 -4975.72096980964
0.485 10.9278350515464 -4964.79313475809
0.502 9.16334661354582 -4955.62978814455
0.437 0.22883295194508 -4955.4009551926
0.493 -3.85395537525355 -4959.25491056786
0.461 -6.29067245119306 -4965.54558301905
0.45 16 -4949.54558301905
0.498 1.60642570281124 -4947.93915731624
0.482 -0.829875518672199 -4948.76903283491
0.48 0 -4948.76903283491
0.498 12.85140562249 -4935.91762721242
0.459 3.7037037037037 -4932.21392350872
0.457 2.84463894967177 -4929.36928455904
0.517 3.28820116054159 -4926.0810833985
0.497 1.40845070422535 -4924.67263269428
0.459 6.75381263616558 -4917.91882005811
0.478 7.53138075313807 -4910.38743930497
0.457 12.910284463895 -4897.47715484108
0.456 7.01754385964912 -4890.45961098143
0.469 7.88912579957356 -4882.57048518186
0.479 11.482254697286 -4871.08823048457
0.472 12.2881355932203 -4858.80009489135
0.481 10.6029106029106 -4848.19718428844
0.486 7.40740740740741 -4840.78977688103
0.477 6.49895178197065 -4834.29082509906
0.506 9.48616600790514 -4824.80465909116
0.484 6.19834710743802 -4818.60631198372
0.454 7.04845814977974 -4811.55785383394
0.467 6.20985010706638 -4805.34800372687
0.451 1.10864745011086 -4804.23935627676
0.451 5.98669623059867 -4798.25266004616
0.447 6.48769574944072 -4791.76496429672
0.442 -3.61990950226244 -4795.38487379898
0.505 3.36633663366337 -4792.01853716532
0.455 -3.2967032967033 -4795.31524046202
0.472 0 -4795.31524046202
0.463 -1.9438444924406 -4797.25908495446
0.457 -3.7199124726477 -4800.97899742711
0.454 -0.440528634361233 -4801.41952606147
0.442 6.33484162895928 -4795.08468443251
0.521 -8.25335892514395 -4803.33804335766
0.497 15.4929577464789 -4787.84508561118
0.51 11.7647058823529 -4776.08037972883
0.434 15.668202764977 -4760.41217696385
0.428 7.00934579439252 -4753.40283116946
0.463 3.67170626349892 -4749.73112490596
0.42 7.61904761904762 -4742.11207728691
0.447 5.14541387024609 -4736.96666341666
0.509 2.16110019646365 -4734.8055632202
0.496 12.9032258064516 -4721.90233741375
0.497 11.0663983903421 -4710.83593902341
0.469 7.46268656716418 -4703.37325245624
0.501 12.5748502994012 -4690.79840215684
0.488 20.9016393442623 -4669.89676281258
0.458 10.0436681222707 -4659.85309469031
0.473 22.6215644820296 -4637.23153020828
0.451 1.10864745011086 -4636.12288275817
0.453 14.3487858719647 -4621.7740968862
0.473 17.5475687103594 -4604.22652817584
0.494 11.7408906882591 -4592.48563748759
0.443 -0.677200902934537 -4593.16283839052
0.475 3.15789473684211 -4590.00494365368
0.465 8.81720430107527 -4581.1877393526
0.467 -2.78372591006424 -4583.97146526267
0.465 -2.79569892473118 -4586.7671641874
0.471 12.1019108280255 -4574.66525335937
0.487 10.4722792607803 -4564.19297409859
0.473 17.1247357293869 -4547.0682383692
0.45 4.44444444444444 -4542.62379392476
0.497 7.04225352112676 -4535.58154040363
0.499 -5.01002004008016 -4540.59156044371
0.493 -1.41987829614604 -4542.01143873986
0.475 -1.47368421052632 -4543.48512295039
0.475 14.9473684210526 -4528.53775452933
0.487 18.6858316221766 -4509.85192290716
0.477 10.6918238993711 -4499.16009900779
0.487 10.8829568788501 -4488.27714212894
0.477 5.24109014675052 -4483.03605198219
0.485 9.27835051546392 -4473.75770146672
0.488 12.7049180327869 -4461.05278343393
0.483 22.1532091097308 -4438.8995743242
0.465 6.23655913978495 -4432.66301518442
0.487 7.59753593429158 -4425.06547925013
0.46 4.78260869565217 -4420.28287055448
0.464 2.1551724137931 -4418.12769814068
0.459 7.18954248366013 -4410.93815565702
0.489 7.97546012269939 -4402.96269553432
0.493 1.41987829614604 -4401.54281723818
0.462 2.5974025974026 -4398.94541464077
0.503 17.6938369781312 -4381.25157766264
0.513 -3.31384015594542 -4384.56541781859
0.446 9.41704035874439 -4375.14837745984
0.469 -2.3454157782516 -4377.4937932381
0.456 3.07017543859649 -4374.4236177995
0.495 15.1515151515152 -4359.27210264798
0.486 17.2839506172839 -4341.9881520307
0.48 12.0833333333333 -4329.90481869737
0.48 10.4166666666667 -4319.4881520307
0.502 10.7569721115538 -4308.73117991915
0.479 5.21920668058455 -4303.51197323856
0.498 -2.40963855421687 -4305.92161179278
0.504 6.34920634920635 -4299.57240544357
0.488 -1.22950819672131 -4300.80191364029
0.509 7.26915520628684 -4293.53275843401
0.491 6.72097759674134 -4286.81178083726
0.476 0.420168067226891 -4286.39161277004
0.46 -3.91304347826087 -4290.3046562483
0.522 3.44827586206897 -4286.85638038623
0.467 4.92505353319058 -4281.93132685304
0.458 9.17030567685589 -4272.76102117618
0.467 10.0642398286938 -4262.69678134749
0.473 4.86257928118393 -4257.83420206631
0.467 8.77944325481799 -4249.05475881149
0.472 11.864406779661 -4237.19035203183
0.476 15.546218487395 -4221.64413354443
0.418 15.7894736842105 -4205.85465986022
0.479 7.72442588726514 -4198.13023397296
0.487 15.8110882956879 -4182.31914567727
0.459 -4.57516339869281 -4186.89430907596
0.475 11.1578947368421 -4175.73641433912
0.505 1.38613861386139 -4174.35027572526
0.514 3.89105058365759 -4170.4592251416
0.475 -0.210526315789474 -4170.66975145739
0.491 -1.42566191446029 -4172.09541337185
0.48 -2.08333333333333 -4174.17874670518
0.459 15.4684095860566 -4158.71033711913
0.482 15.3526970954357 -4143.35764002369
0.485 5.97938144329897 -4137.37825858039
0.523 -3.25047801147228 -4140.62873659186
0.542 1.4760147601476 -4139.15272183172
0.499 -1.40280561122244 -4140.55552744294
0.481 -0.207900207900208 -4140.76342765084
0.485 5.56701030927835 -4135.19641734156
0.488 13.9344262295082 -4121.26199111205
0.508 10.2362204724409 -4111.02577063961
0.484 9.50413223140496 -4101.52163840821
0.483 12.2153209109731 -4089.30631749723
0.477 11.9496855345912 -4077.35663196264
0.479 4.38413361169102 -4072.97249835095
0.455 12.0879120879121 -4060.88458626304
0.434 13.3640552995392 -4047.5205309635
0.465 7.95698924731183 -4039.56354171619
0.507 1.77514792899408 -4037.78839378719
0.475 -3.57894736842105 -4041.36734115562
0.482 -0.829875518672199 -4042.19721667429
0.493 -3.04259634888438 -4045.23981302317
0.509 2.94695481335953 -4042.29285820981
0.499 -2.60521042084168 -4044.89806863065
0.468 6.41025641025641 -4038.4878122204
0.499 2.60521042084168 -4035.88260179956
0.491 4.68431771894094 -4031.19828408061
0.502 20.7171314741036 -4010.48115260651
0.445 14.1573033707865 -3996.32384923572
0.416 20.1923076923077 -3976.13154154342
0.432 21.2962962962963 -3954.83524524712
0.477 7.75681341719078 -3947.07843182993
0.466 0.858369098712446 -3946.22006273122
0.517 -0.967117988394584 -3947.18718071961
0.497 11.4688128772636 -3935.71836784235
0.491 14.4602851323829 -3921.25808270997
0.475 -0.631578947368421 -3921.88966165733
0.457 12.472647702407 -3909.41701395493
0.477 13.6268343815514 -3895.79017957338
0.516 13.1782945736434 -3882.61188499973
0.525 12.7619047619048 -3869.84998023783
0.482 9.95850622406639 -3859.89147401376
0.503 14.5129224652087 -3845.37855154855
0.519 24.4701348747592 -3820.90841667379
0.498 14.4578313253012 -3806.45058534849
0.49 8.57142857142857 -3797.87915677706
0.499 -1.80360721442886 -3799.68276399149
0.481 3.95010395010395 -3795.73266004139
0.49 12.6530612244898 -3783.0795988169
0.531 20.15065913371 -3762.92893968319
0.499 17.0340681362725 -3745.89487154692
0.468 14.5299145299145 -3731.364957017
0.461 18.0043383947939 -3713.36061862221
0.495 16.7676767676768 -3696.59294185453
0.455 15.6043956043956 -3680.98854625014
0.477 21.5932914046122 -3659.39525484552
0.494 11.7408906882591 -3647.65436415726
0.496 13.3064516129032 -3634.34791254436
0.471 19.3205944798301 -3615.02731806453
0.5 10 -3605.02731806453
0.447 17.2259507829978 -3587.80136728153
0.482 15.7676348547718 -3572.03373242676
0.468 13.2478632478632 -3558.7858691789
0.496 14.9193548387097 -3543.86651434019
0.51 18.4313725490196 -3525.43514179117
0.536 15.6716417910448 -3509.76350000012
0.504 11.9047619047619 -3497.85873809536
0.485 11.340206185567 -3486.51853190979
0.51 15.6862745098039 -3470.83225739999
0.497 11.0663983903421 -3459.76585900965
0.49 5.30612244897959 -3454.45973656067
0.482 14.1078838174274 -3440.35185274324
0.5 13.6 -3426.75185274324
0.468 10.2564102564103 -3416.49544248683
0.499 4.20841683366733 -3412.28702565316
0.498 10.8433734939759 -3401.44365215919
0.488 18.4426229508197 -3383.00102920837
0.528 14.3939393939394 -3368.60708981443
0.518 15.8301158301158 -3352.77697398431
0.512 16.796875 -3335.98009898431
0.505 9.30693069306931 -3326.67316829124
0.46 12.6086956521739 -3314.06447263907
0.512 20.703125 -3293.36134763907
0.53 14.3396226415094 -3279.02172499756
0.51 20.7843137254902 -3258.23741127207
0.497 18.3098591549296 -3239.92755211714
0.502 5.97609561752988 -3233.95145649961
0.473 3.17124735729387 -3230.78020914232
0.522 11.4942528735632 -3219.28595626875
0.5 7.6 -3211.68595626875
0.471 10.4033970276008 -3201.28255924115
0.463 4.53563714902808 -3196.74692209213
0.487 6.77618069815195 -3189.97074139397
0.475 3.15789473684211 -3186.81284665713
0.476 6.30252100840336 -3180.51032564873
0.489 7.56646216768916 -3172.94386348104
0.538 0.743494423791822 -3172.20036905725
0.505 10.8910891089109 -3161.30927994834
0.515 6.01941747572816 -3155.28986247261
0.499 9.81963927855711 -3145.47022319405
0.46 8.69565217391304 -3136.77457102014
0.474 2.9535864978903 -3133.82098452225
0.431 3.48027842227378 -3130.34070609997
0.457 -1.09409190371991 -3131.43479800369
0.495 -3.83838383838384 -3135.27318184208
0.483 6.00414078674948 -3129.26904105533
0.47 2.97872340425532 -3126.29031765107
0.461 1.51843817787419 -3124.7718794732
0.453 3.3112582781457 -3121.46062119505
0.403 10.6699751861042 -3110.79064600895
0.455 11.6483516483516 -3099.1422943606
0.423 13.0023640661939 -3086.1399302944
0.411 2.67639902676399 -3083.46353126764
0.434 23.5023041474654 -3059.96122712017
0.447 16.331096196868 -3043.63013092331
0.432 6.01851851851852 -3037.61161240479
0.444 13.5135135135135 -3024.09809889127
0.456 10.0877192982456 -3014.01037959303
0.523 -5.16252390057361 -3019.1729034936
0.534 -1.12359550561798 -3020.29649899922
0.515 17.6699029126214 -3002.6265960866
0.503 13.3200795228628 -2989.30651656373
0.532 12.781954887218 -2976.52456167652
0.519 15.9922928709056 -2960.53226880561
0.493 20.8924949290061 -2939.63977387661
0.489 2.65848670756646 -2936.98128716904
0.46 6.52173913043478 -2930.4595480386
0.486 -2.88065843621399 -2933.34020647482
0.489 9.20245398773006 -2924.13775248709
0.522 -3.83141762452107 -2927.96917011161
0.552 7.97101449275362 -2919.99815561886
0.443 11.0609480812641 -2908.93720753759
0.489 1.02249488752556 -2907.91471265007
0.491 0.203665987780041 -2907.71104666229
0.533 4.31519699812383 -2903.39584966416
0.516 4.65116279069767 -2898.74468687346
0.514 1.55642023346304 -2897.18826664
0.505 15.6435643564356 -2881.54470228357
0.47 9.36170212765957 -2872.18300015591
0.443 7.44920993227991 -2864.73379022363
0.456 12.719298245614 -2852.01449197801
0.417 -1.19904076738609 -2853.2135327454
0.404 11.3861386138614 -2841.82739413154
0.426 5.63380281690141 -2836.19359131464
0.491 -7.94297352342159 -2844.13656483806
0.485 -5.56701030927835 -2849.70357514734
0.474 -1.68776371308017 -2851.39133886042
0.466 -9.44206008583691 -2860.83339894625
0.512 -7.03125 -2867.86464894625
0.496 7.66129032258065 -2860.20335862367
0.473 16.2790697674419 -2843.92428885623
0.431 10.4408352668213 -2833.48345358941
0.487 5.5441478439425 -2827.93930574547
0.477 9.85324947589099 -2818.08605626958
0.476 6.72268907563025 -2811.36336719394
0.507 18.7376725838264 -2792.62569461012
0.497 8.65191146881288 -2783.97378314131
0.474 7.59493670886076 -2776.37884643244
0.482 6.22406639004149 -2770.1547800424
0.501 6.187624750499 -2763.9671552919
0.526 10.6463878326996 -2753.3207674592
0.534 10.1123595505618 -2743.20840790864
0.476 17.6470588235294 -2725.56134908511
0.492 1.21951219512195 -2724.34183688999
0.515 10.2912621359223 -2714.05057475407
0.544 12.1323529411765 -2701.91822181289
0.551 7.44101633393829 -2694.47720547895
0.506 5.92885375494071 -2688.54835172401
0.497 -2.61569416498994 -2691.164045889
0.487 -0.205338809034908 -2691.36938469804
0.417 -2.6378896882494 -2694.00727438629
0.446 9.86547085201794 -2684.14180353427
0.562 11.0320284697509 -2673.10977506452
0.531 -1.31826741996234 -2674.42804248448
0.447 10.5145413870246 -2663.91350109746
0.502 5.57768924302789 -2658.33581185443
0.518 -0.386100386100386 -2658.72191224053
0.519 17.9190751445087 -2640.80283709602
0.492 5.69105691056911 -2635.11178018545
0.526 -0.380228136882129 -2635.49200832233
0.513 9.94152046783626 -2625.5504878545
0.521 7.48560460652591 -2618.06488324797
0.517 2.12765957446809 -2615.9372236735
0.549 2.00364298724954 -2613.93358068625
0.505 10.8910891089109 -2603.04249157734
0.505 10.0990099009901 -2592.94348167635
0.532 22.5563909774436 -2570.38709069891
0.5 12.4 -2557.98709069891
0.515 13.0097087378641 -2544.97738196105
0.544 11.0294117647059 -2533.94797019634
0.505 6.53465346534653 -2527.41331673099
0.529 2.45746691871456 -2524.95584981228
0.494 16.5991902834008 -2508.35665952888
0.437 11.2128146453089 -2497.14384488357
0.516 4.65116279069767 -2492.49268209287
0.533 13.3208255159475 -2479.17185657692
0.509 9.62671905697446 -2469.54513751995
0.532 2.25563909774436 -2467.2894984222
0.485 8.8659793814433 -2458.42351904076
0.515 0.970873786407767 -2457.45264525435
0.532 4.88721804511278 -2452.56542720924
0.483 4.34782608695652 -2448.21760112228
0.523 7.45697896749522 -2440.76062215479
0.519 5.20231213872832 -2435.55831001606
0.518 2.7027027027027 -2432.85560731336
0.537 2.42085661080074 -2430.43475070256
0.552 5.07246376811594 -2425.36228693444
0.526 5.70342205323194 -2419.65886488121
0.521 -7.10172744721689 -2426.76059232843
0.526 6.84410646387833 -2419.91648586455
0.529 -0.945179584120983 -2420.86166544867
0.529 0.945179584120983 -2419.91648586455
0.522 5.74712643678161 -2414.16935942777
0.49 6.12244897959184 -2408.04691044817
0.52 18.4615384615385 -2389.58537198664
0.526 9.1254752851711 -2380.45989670146
0.511 6.45792563600783 -2374.00197106546
0.491 9.57230142566191 -2364.4296696398
0.488 20.0819672131148 -2344.34770242668
0.488 2.86885245901639 -2341.47884996766
0.529 3.59168241965974 -2337.887167548
0.496 5.64516129032258 -2332.24200625768
0.537 1.67597765363128 -2330.56602860405
0.483 4.34782608695652 -2326.21820251709
0.515 5.63106796116505 -2320.58713455593
0.514 9.72762645914397 -2310.85950809678
0.491 6.72097759674134 -2304.13853050004
0.529 5.4820415879017 -2298.65648891214
0.513 2.53411306042885 -2296.12237585171
0.479 6.88935281837161 -2289.23302303334
0.506 10.6719367588933 -2278.56108627445
0.494 10.9311740890688 -2267.62991218538
0.542 -0.3690036900369 -2267.99891587542
0.515 12.2330097087379 -2255.76590616668
0.586 2.38907849829352 -2253.37682766838
0.428 4.67289719626168 -2248.70393047212
0.406 7.38916256157635 -2241.31476791055
0.517 13.7330754352031 -2227.58169247534
0.544 15.8088235294118 -2211.77286894593
0.518 15.4440154440154 -2196.32885350192
0.46 3.47826086956522 -2192.85059263235
0.486 1.23456790123457 -2191.61602473112
0.521 7.86948176583493 -2183.74654296528
0.45 2.66666666666667 -2181.07987629862
0.507 -1.38067061143984 -2182.46054691005
0.528 -5.68181818181818 -2188.14236509187
0.458 4.36681222707424 -2183.7755528648
0.491 8.75763747454175 -2175.01791539026
0.497 1.00603621730382 -2174.01187917295
0.454 9.2511013215859 -2164.76077785137
0.513 3.31384015594542 -2161.44693769542
0.531 7.72128060263653 -2153.72565709279
0.483 7.66045548654244 -2146.06520160624
0.528 -6.81818181818182 -2152.88338342442
0.478 -5.43933054393305 -2158.32271396836
0.459 -1.52505446623094 -2159.84776843459
0.532 -7.89473684210526 -2167.74250527669
0.539 -2.78293135435993 -2170.52543663105
0.518 -6.56370656370656 -2177.08914319476
0.531 3.95480225988701 -2173.13434093487
0.508 8.66141732283465 -2164.47292361204
0.48 2.91666666666667 -2161.55625694537
0.532 -1.50375939849624 -2163.06001634387
0.504 6.74603174603175 -2156.31398459784
0.511 -6.84931506849315 -2163.16329966633
0.57 2.80701754385965 -2160.35628212247
0.508 0.393700787401575 -2159.96258133507
0.468 2.99145299145299 -2156.97112834362
0.52 4.61538461538461 -2152.35574372823
0.538 3.3457249070632 -2149.01001882117
0.531 3.95480225988701 -2145.05521656128
0.504 15.4761904761905 -2129.57902608509
0.507 16.370808678501 -2113.20821740659
0.49 5.71428571428571 -2107.4939316923
0.531 1.69491525423729 -2105.79901643807
0.513 5.65302144249513 -2100.14599499557
0.513 2.92397660818713 -2097.22201838738
0.516 7.75193798449612 -2089.47008040289
0.513 -1.75438596491228 -2091.2244663678
0.48 1.25 -2089.9744663678
0.462 0.865800865800866 -2089.108665502
0.497 9.05432595573441 -2080.05433954627
0.504 6.34920634920635 -2073.70513319706
0.496 -0.403225806451613 -2074.10835900351
0.485 2.68041237113402 -2071.42794663238
0.524 0.763358778625954 -2070.66458785375
0.488 4.50819672131148 -2066.15639113244
0.478 15.0627615062761 -2051.09362962616
0.488 7.37704918032787 -2043.71658044583
0.475 1.05263157894737 -2042.66394886689
0.471 4.45859872611465 -2038.20535014077
0.472 2.96610169491525 -2035.23924844586
0.481 9.35550935550935 -2025.88373909035
0.482 1.2448132780083 -2024.63892581234
0.517 5.99613152804642 -2018.64279428429
0.525 2.0952380952381 -2016.54755618906
0.516 7.36434108527132 -2009.18321510378
0.537 0.558659217877095 -2008.62455588591
0.525 8.57142857142857 -2000.05312731448
0.517 0.193423597678917 -1999.8597037168
0.524 -1.14503816793893 -2001.00474188474
0.52 10 -1991.00474188474
0.559 8.76565295169946 -1982.23908893304
0.458 8.73362445414847 -1973.50546447889
0.503 12.9224652087475 -1960.58299927014
0.524 10.3053435114504 -1950.27765575869
0.531 6.59133709981168 -1943.68631865888
0.532 9.3984962406015 -1934.28782241828
0.505 8.51485148514852 -1925.77297093313
0.449 13.1403118040089 -1912.63265912912
0.514 13.6186770428016 -1899.01398208632
0.552 14.8550724637681 -1884.15890962255
0.5 2.4 -1881.75890962255
0.513 -3.31384015594542 -1885.0727497785
0.494 5.66801619433198 -1879.40473358417
0.451 -2.88248337028825 -1882.28721695445
0.466 -10.7296137339056 -1893.01683068836
0.459 6.31808278867102 -1886.69874789969
0.489 7.15746421267894 -1879.54128368701
0.502 4.38247011952191 -1875.15881356749
0.493 5.0709939148073 -1870.08781965268
0.52 6.92307692307692 -1863.1647427296
0.478 -2.92887029288703 -1866.09361302249
0.511 3.71819960861057 -1862.37541341388
0.512 7.03125 -1855.34416341388
0.509 -0.982318271119843 -1856.326481685
0.493 4.25963488843813 -1852.06684679656
0.475 5.26315789473684 -1846.80368890182
0.473 5.28541226215645 -1841.51827663967
0.528 11.3636363636364 -1830.15464027603
0.516 1.16279069767442 -1828.99184957836
0.5 2.4 -1826.59184957836
0.527 4.36432637571157 -1822.22752320265
0.531 12.9943502824859 -1809.23317292016
0.48 4.16666666666667 -1805.06650625349
0.523 3.25047801147228 -1801.81602824202
0.498 2.00803212851406 -1799.80799611351
0.501 -0.998003992015968 -1800.80600010552
0.537 1.30353817504655 -1799.50246193048
0.527 1.70777988614801 -1797.79468204433
0.511 3.32681017612524 -1794.4678718682
0.445 14.6067415730337 -1779.86113029517
0.509 -2.94695481335953 -1782.80808510853
0.503 4.17495029821074 -1778.63313481032
0.484 11.5702479338843 -1767.06288687643
0.538 -0.371747211895911 -1767.43463408833
0.507 -6.11439842209073 -1773.54903251042
0.526 -4.56273764258555 -1778.11177015301
0.508 -1.18110236220472 -1779.29287251521
0.485 -3.09278350515464 -1782.38565602037
0.485 5.15463917525773 -1777.23101684511
0.508 15.3543307086614 -1761.87668613645
0.524 4.58015267175572 -1757.29653346469
0.488 3.68852459016393 -1753.60800887453
0.535 -6.91588785046729 -1760.52389672499
0.515 6.01941747572816 -1754.50447924927
0.54 -1.48148148148148 -1755.98596073075
0.523 5.16252390057361 -1750.82343683017
0.521 3.26295585412668 -1747.56048097605
0.513 3.7037037037037 -1743.85677727234
0.504 4.76190476190476 -1739.09487251044
0.541 0.184842883548983 -1738.91002962689
0.525 1.33333333333333 -1737.57669629356
0.51 -1.56862745098039 -1739.14532374454
0.517 4.83558994197292 -1734.30973380256
0.462 -0.432900432900433 -1734.74263423546
0.523 2.86806883365201 -1731.87456540181
0.514 1.94552529182879 -1729.92904010998
0.511 6.0665362035225 -1723.86250390646
0.478 7.94979079497908 -1715.91271311148
0.495 7.47474747474747 -1708.43796563673
0.526 3.42205323193916 -1705.0159124048
0.501 1.39720558882236 -1703.61870681597
0.512 10.546875 -1693.07183181597
0.488 14.7540983606557 -1678.31773345532
0.51 11.3725490196078 -1666.94518443571
0.507 9.27021696252466 -1657.67496747318
0.526 10.2661596958175 -1647.40880777737
0.531 7.34463276836158 -1640.06417500901
0.503 4.17495029821074 -1635.88922471079
0.49 13.8775510204082 -1622.01167369039
0.469 8.74200426439232 -1613.26966942599
0.47 7.23404255319149 -1606.0356268728
0.499 4.60921843687375 -1601.42640843593
0.522 14.5593869731801 -1586.86702146275
0.527 10.0569259962049 -1576.81009546654
0.514 5.44747081712062 -1571.36262464942
0.497 13.8832997987928 -1557.47932485063
0.476 9.66386554621849 -1547.81545930441
0.495 14.3434343434343 -1533.47202496098
0.497 11.4688128772636 -1522.00321208371
0.529 2.07939508506616 -1519.92381699865
0.497 5.03018108651911 -1514.89363591213
0.504 5.55555555555556 -1509.33808035657
0.457 4.59518599562363 -1504.74289436095
0.522 7.27969348659004 -1497.46320087436
0.523 -1.7208413001912 -1499.18404217455
0.49 4.48979591836735 -1494.69424625618
0.512 15.234375 -1479.45987125618
0.542 5.53505535055351 -1473.92481590563
0.515 -2.9126213592233 -1476.83743726485
0.489 -7.56646216768916 -1484.40389943254
0.509 7.66208251473477 -1476.74181691781
0.504 3.96825396825397 -1472.77356294955
0.507 6.90335305719921 -1465.87020989235
0.507 -0.986193293885602 -1466.85640318624
0.491 9.16496945010183 -1457.69143373614
0.482 15.3526970954357 -1442.3387366407
0.458 6.55021834061135 -1435.78851830009
0.508 -20.4724409448819 -1456.26095924497
0.549 -4.91803278688525 -1461.17899203186
0.493 -12.7789046653144 -1473.95789669717
0.522 -21.0727969348659 -1495.03069363204
0.536 -12.3134328358209 -1507.34412646786
0.517 6.76982591876209 -1500.5743005491
0.438 9.1324200913242 -1491.44188045777
0.504 5.95238095238095 -1485.48949950539
0.489 2.65848670756646 -1482.83101279783
0.478 -0.418410041841004 -1483.24942283967
0.486 -1.23456790123457 -1484.4839907409
0.51 4.31372549019608 -1480.17026525071
0.502 11.9521912350598 -1468.21807401565
0.49 6.53061224489796 -1461.68746177075
0.493 11.1561866125761 -1450.53127515817
0.504 0 -1450.53127515817
0.489 5.52147239263804 -1445.00980276553
0.51 15.2941176470588 -1429.71568511847
0.482 7.46887966804979 -1422.24680545042
0.478 6.69456066945607 -1415.55224478097
0.49 10.2040816326531 -1405.34816314832
0.506 4.74308300395257 -1400.60508014436
0.52 9.23076923076923 -1391.37431091359
0.503 9.34393638170974 -1382.03037453188
0.531 10.3578154425612 -1371.67255908932
0.53 7.16981132075472 -1364.50274776857
0.485 10.1030927835052 -1354.39965498506
0.537 9.86964618249534 -1344.53000880257
0.54 7.03703703703704 -1337.49297176553
0.501 -0.598802395209581 -1338.09177416074
0.522 9.57854406130268 -1328.51323009944
0.499 -0.601202404809619 -1329.11443250425
0.503 10.1391650099404 -1318.97526749431
0.508 5.90551181102362 -1313.06975568328
0.497 12.2736418511066 -1300.79611383218
0.526 9.88593155893536 -1290.91018227324
0.455 3.73626373626374 -1287.17391853698
0.519 2.50481695568401 -1284.66910158129
0.464 13.3620689655172 -1271.30703261578
0.501 11.7764471057884 -1259.53058550999
0.456 16.2280701754386 -1243.30251533455
0.541 21.996303142329 -1221.30621219222
0.528 11.7424242424242 -1209.5637879498
0.52 12.6923076923077 -1196.87148025749
0.51 9.80392156862745 -1187.06755868886
0.516 6.2015503875969 -1180.86600830126
0.515 0.970873786407767 -1179.89513451486
0.524 -0.381679389312977 -1180.27681390417
0.535 0.934579439252336 -1179.34223446492
0.499 -1.80360721442886 -1181.14584167935
0.493 13.9959432048682 -1167.14989847448
0.506 9.88142292490119 -1157.26847554958
0.525 -2.0952380952381 -1159.36371364481
0.523 5.92734225621415 -1153.4363713886
0.473 0.211416490486258 -1153.22495489811
0.497 10.261569416499 -1142.96338548162
0.527 8.53889943074004 -1134.42448605088
0.514 7.78210116731517 -1126.64238488356
0.463 7.12742980561555 -1119.51495507794
0.469 0.639658848614073 -1118.87529622933
0.531 7.72128060263653 -1111.15401562669
0.451 -3.32594235033259 -1114.47995797703
0.489 3.06748466257669 -1111.41247331445
0.459 8.93246187363834 -1102.48001144081
0.508 12.5984251968504 -1089.88158624396
0.509 15.5206286836935 -1074.36095756027
0.539 11.317254174397 -1063.04370338587
0.495 8.68686868686869 -1054.356834699
0.531 -3.2015065913371 -1057.55834129034
0.539 10.5751391465677 -1046.98320214377
0.508 7.48031496062992 -1039.50288718314
0.532 12.0300751879699 -1027.47281199517
0.507 -0.986193293885602 -1028.45900528906
0.533 11.8198874296435 -1016.63911785941
0.546 12.0879120879121 -1004.5512057715
0.533 2.81425891181989 -1001.73694685968
0.516 5.42635658914729 -996.310590270534
0.528 14.3939393939394 -981.916650876595
0.5 4.8 -977.116650876595
0.516 7.75193798449612 -969.364712892099
0.526 2.66159695817491 -966.703115933924
0.525 6.66666666666667 -960.036449267257
0.519 7.51445086705202 -952.521998400205
0.499 10.6212424849699 -941.900755915235
0.525 9.33333333333333 -932.567422581902
0.513 9.94152046783626 -922.625902114065
0.53 16.2264150943396 -906.399487019726
0.55 4.36363636363636 -902.035850656089
0.537 8.37988826815642 -893.655962387933
0.529 4.34782608695652 -889.308136300976
0.509 9.23379174852652 -880.07434455245
0.511 9.19765166340509 -870.876692889045
0.541 9.05730129390018 -861.819391595145
0.526 3.80228136882129 -858.017110226323
0.544 4.04411764705882 -853.972992579265
0.547 0.548446069469835 -853.424546509795
0.471 21.4437367303609 -831.980809779434
0.513 5.65302144249513 -826.327788336939
0.552 -3.6231884057971 -829.950976742736
0.537 7.63500931098696 -822.315967431749
0.526 4.18250950570342 -818.133457926045
0.496 3.62903225806452 -814.504425667981
0.503 6.16302186878728 -808.341403799194
0.524 12.5954198473282 -795.745983951865
0.514 11.6731517509728 -784.072832200893
0.534 4.11985018726592 -779.952982013627
0.526 1.14068441064639 -778.81229760298
0.516 5.42635658914729 -773.385941013833
0.511 6.84931506849315 -766.53662594534
0.554 11.5523465703971 -754.984279374943
0.52 8.07692307692308 -746.90735629802
0.5 5.2 -741.70735629802
0.511 16.6340508806262 -725.073305417393
0.48 12.0833333333333 -712.98997208406
0.506 9.09090909090909 -703.899062993151
0.503 14.5129224652087 -689.386140527942
0.517 5.60928433268859 -683.776856195254
0.553 1.98915009041591 -681.787706104838
0.536 4.85074626865672 -676.936959836181
0.544 0.735294117647059 -676.201665718534
0.511 2.93542074363992 -673.266244974894
0.546 4.02930402930403 -669.23694094559
0.528 7.95454545454545 -661.282395491045
0.523 8.98661567877629 -652.295779812268
0.534 12.7340823970037 -639.561697415265
0.527 6.26185958254269 -633.299837832722
0.556 12.2302158273381 -621.069622005384
0.527 5.88235294117647 -615.187269064207
0.498 10.8433734939759 -604.343895570231
0.57 11.2280701754386 -593.115825394793
0.547 16.2705667276051 -576.845258667188
0.503 14.9105367793241 -561.934721887864
0.514 8.17120622568093 -553.763515662183
0.531 9.98116760828625 -543.782348053896
0.503 5.36779324055666 -538.41455481334
0.536 15.6716417910448 -522.742913022295
0.524 1.14503816793893 -521.597874854356
0.548 8.39416058394161 -513.203714270414
0.546 7.69230769230769 -505.511406578107
0.505 15.6435643564356 -489.867842221671
0.54 12.962962962963 -476.904879258708
0.533 7.69230769230769 -469.2125715664
0.547 2.0109689213894 -467.201602645011
0.501 4.99001996007984 -462.211582684931
0.526 6.08365019011407 -456.127932494817
0.523 11.6634799235182 -444.464452571299
0.511 15.8512720156556 -428.613180555643
0.529 14.5557655954631 -414.05741496018
0.503 4.97017892644135 -409.087236033739
0.531 4.70809792843691 -404.379138105302
0.533 7.69230769230769 -396.686830412994
0.557 7.71992818671454 -388.96690222628
0.548 10.2189781021898 -378.74792412409
0.543 10.4972375690608 -368.250686555029
0.543 8.65561694290976 -359.595069612119
0.557 5.2064631956912 -354.388606416428
0.527 2.08728652751423 -352.301319888914
0.528 9.09090909090909 -343.210410798005
0.526 7.60456273764259 -335.605848060362
0.484 13.6363636363636 -321.969484423999
0.531 11.4877589453861 -310.481725478613
0.553 9.58408679927667 -300.897638679336
0.538 11.8959107806691 -289.001727898667
0.53 0.754716981132076 -288.247010917535
0.533 15.5722326454034 -272.674778272131
0.527 1.32827324478178 -271.34650502735
0.492 10.9756097560976 -260.370895271252
0.473 14.5877378435518 -245.7831574277
0.498 7.2289156626506 -238.55424176505
0.519 7.89980732177264 -230.654434443277
0.545 17.0642201834862 -213.590214259791
0.557 15.2603231597846 -198.329891100006
0.516 6.97674418604651 -191.35314691396
0.511 12.3287671232877 -179.024379790672
0.527 7.77988614800759 -171.244493642664
0.522 8.42911877394636 -162.815374868718
0.547 6.03290676416819 -156.78246810455
0.506 13.8339920948617 -142.948476009688
0.519 1.73410404624277 -141.214371963445
0.485 10.1030927835052 -131.11127917994
0.515 2.52427184466019 -128.58700733528
0.512 10.546875 -118.04013233528
0.514 15.9533073929961 -102.086824942284
0.518 6.94980694980695 -95.137017992477
0.529 17.5803402646503 -77.5566777278267
0.513 7.21247563352826 -70.3442020942985
0.468 6.41025641025641 -63.933945684042
0.445 7.41573033707865 -56.5182153469634
0.434 4.14746543778802 -52.3707499091754
0.43 6.04651162790698 -46.3242382812684
0.567 0.881834215167548 -45.4424040661008
0.555 1.26126126126126 -44.1811428048396
0.55 10.5454545454545 -33.635688259385
0.515 1.74757281553398 -31.8881154438511
0.485 7.62886597938144 -24.2592494644696
0.507 6.50887573964497 -17.7503737248246
0.51 5.49019607843137 -12.2601776463933
0.495 -1.01010101010101 -13.2702786564943
0.495 7.07070707070707 -6.19957158578721
0.562 10.3202846975089 4.12071311172168
0.558 6.09318996415771 10.2139030758794
0.507 4.93096646942801 15.1448695453074
0.539 6.86456400742115 22.0094335527285
0.551 -3.81125226860254 18.198181284126
0.522 1.53256704980843 19.7307483339344
0.469 8.74200426439232 28.4727525983268
0.534 5.99250936329588 34.4652619616226
0.524 10.3053435114504 44.770605473073
0.475 7.78947368421053 52.5600791572835
0.478 0.836820083682008 53.3968992409656
0.478 7.11297071129707 60.5098699522626
0.521 3.6468330134357 64.1567029656983
0.493 3.85395537525355 68.0106583409519
0.536 7.08955223880597 75.1002105797578
0.538 -1.85873605947955 73.2414745202783
0.519 -5.97302504816956 67.2684494721087
0.505 2.17821782178218 69.4466672938909
0.527 7.02087286527514 76.467540159166
0.548 2.18978102189781 78.6573211810639
0.537 6.14525139664805 84.8025725777119
0.528 2.65151515151515 87.4540877292271
0.538 5.57620817843866 93.0302959076657
0.531 5.46139359698682 98.4916895046525
0.495 2.22222222222222 100.713911726875
0.532 8.64661654135338 109.360528268228
0.513 6.82261208576998 116.183140353998
0.492 10.9756097560976 127.158750110096
0.504 0.396825396825397 127.555575506921
0.514 5.44747081712062 133.003046324042
0.53 7.54716981132075 140.550216135362
0.499 -5.01002004008016 135.540196095282
0.492 2.03252032520325 137.572716420486
0.55 8.72727272727273 146.299989147758
0.55 10.9090909090909 157.209080056849
0.58 10.6896551724138 167.898735229263
0.497 9.05432595573441 176.953061184997
0.533 8.44277673545966 185.395837920457
0.571 12.784588441331 198.180426361788
0.474 -3.79746835443038 194.382958007358
0.528 1.89393939393939 196.276897401297
0.506 7.11462450592885 203.391521907226
0.466 12.0171673819742 215.4086892892
0.488 0.409836065573771 215.818525354774
0.491 1.83299389002037 217.651519244794
0.508 5.11811023622047 222.769629481015
0.543 3.49907918968692 226.268708670702
0.525 4.76190476190476 231.030613432606
0.495 1.41414141414141 232.444754846748
0.5 7.2 239.644754846748
0.554 7.5812274368231 247.225982283571
0.535 2.42990654205607 249.655888825627
0.513 7.99220272904483 257.648091554672
0.498 1.60642570281124 259.254517257483
0.508 -1.96850393700787 257.286013320475
0.478 7.94979079497908 265.235804115454
0.523 12.4282982791587 277.664102394613
0.512 0 277.664102394613
0.513 8.7719298245614 286.436032219174
0.546 0.366300366300366 286.802332585475
0.531 -0.564971751412429 286.237360834062
0.525 13.5238095238095 299.761170357872
0.437 0.68649885583524 300.447669213707
0.476 -4.6218487394958 295.825820474211
0.453 11.6997792494481 307.525599723659
0.462 7.79220779220779 315.317807515867
0.461 0.216919739696312 315.534727255564
0.527 10.4364326375712 325.971159893135
0.582 13.745704467354 339.716864360489
0.495 9.8989898989899 349.615854259479
0.554 10.1083032490975 359.724157508576
0.539 -0.556586270871985 359.167571237704
0.47 8.51063829787234 367.678209535576
0.463 3.23974082073434 370.917950356311
0.498 8.03212851405623 378.950078870367
0.487 14.1683778234086 393.118456693776
0.542 17.3431734317343 410.46163012551
0.53 8.67924528301887 419.140875408529
0.44 -6.81818181818182 412.322693590347
0.525 11.2380952380952 423.560788828442
0.538 15.9851301115242 439.545918939966
0.525 12 451.545918939966
0.454 2.6431718061674 454.189090746134
0.506 10.6719367588933 464.861027505027
0.511 1.76125244618395 466.622279951211
0.478 -2.09205020920502 464.530229742006
0.524 10.3053435114504 474.835573253456
0.468 8.11965811965812 482.955231373114
0.44 -1.36363636363636 481.591595009478
0.53 -1.50943396226415 480.082161047214
0.536 -6.34328358208955 473.738877465124
0.509 0.589390962671906 474.328268427796
0.498 -6.02409638554217 468.304172042254
0.458 -4.36681222707424 463.93735981518
0.475 -8.21052631578947 455.72683349939
0.528 -2.27272727272727 453.454106226663
0.543 3.13075506445672 456.58486129112
0.526 6.4638783269962 463.048739618116
0.504 -6.34920634920635 456.69953326891
0.544 -5.51470588235294 451.184827386557
0.54 1.85185185185185 453.036679238409
0.467 -1.49892933618844 451.53774990222
0.479 -9.39457202505219 442.143177877168
0.538 -0.371747211895911 441.771430665272
0.496 -10.4838709677419 431.28755969753
0.514 -7.39299610894942 423.894563588581
0.487 -17.864476386037 406.030087202544
0.495 -8.28282828282828 397.747258919716
0.507 -16.7652859960552 380.98197292366
0.518 1.15830115830116 382.140274081961
0.581 -3.95869191049914 378.181582171462
0.552 -1.08695652173913 377.094625649723
0.516 -1.55038759689922 375.544238052824
0.508 6.69291338582677 382.237151438651
0.501 -0.199600798403194 382.037550640248
0.51 3.52941176470588 385.566962404953
0.487 2.25872689938398 387.825689304337
0.541 -7.94824399260628 379.877445311731
0.45 1.77777777777778 381.655223089509
0.505 -8.51485148514852 373.14037160436
0.462 -2.16450216450216 370.975869439858
0.489 -5.11247443762781 365.86339500223
0.512 -5.859375 360.00402000223
0.533 -4.69043151969981 355.313588482531
0.563 -9.41385435168739 345.899734130843
0.524 -7.63358778625954 338.266146344584
0.51 -3.13725490196078 335.128891442623
0.492 -7.72357723577236 327.405314206851
0.518 -4.24710424710425 323.158209959746
0.55 -7.27272727272727 315.885482687019
0.542 -4.0590405904059 311.826442096613
0.54 -10 301.826442096613
0.55 -6.18181818181818 295.644623914795
0.522 -9.19540229885057 286.449221615944
0.498 -10.4417670682731 276.007454547671
0.526 -2.28136882129278 273.726085726378
0.497 -3.01810865191147 270.707977074467
0.51 -11.3725490196078 259.335428054859
0.568 -9.50704225352113 249.828385801338
0.545 -1.28440366972477 248.543982131613
0.559 -14.8479427549195 233.696039376694
0.502 -6.77290836653386 226.92313101016
0.569 -0.878734622144112 226.044396388016
0.474 -8.86075949367089 217.183636894345
0.434 -5.99078341013825 211.192853484207
0.473 -5.28541226215645 205.90744122205
0.523 -17.3996175908222 188.507823631228
0.479 -9.81210855949896 178.695715071729
0.522 -8.81226053639847 169.883454535331
0.507 -8.48126232741617 161.402192207914
0.499 1.40280561122244 162.804997819137
0.488 -4.0983606557377 158.706637163399
0.525 -7.42857142857143 151.278065734828
0.544 2.57352941176471 153.851595146592
0.506 -1.97628458498024 151.875310561612
0.52 -15.3846153846154 136.490695176997
0.559 -4.83005366726297 131.660641509734
0.554 -6.49819494584838 125.162446563885
0.566 6.36042402826855 131.522870592154
0.551 -9.98185117967332 121.541019412481
0.521 -9.78886756238004 111.752151850101
0.452 -10.1769911504425 101.575160699658
0.552 0 101.575160699658
0.526 -8.74524714828897 92.8299135513692
0.516 -10.077519379845 82.7523941715243
0.541 -11.645101663586 71.1072925079383
0.55 -4.36363636363636 66.7436561443019
0.522 -5.74712643678161 60.9965297075203
0.492 -8.53658536585366 52.4599443416667
0.515 -20.3883495145631 32.0715948271036
0.532 -13.9097744360902 18.1618203910133
0.519 -12.52408477842 5.6377356125933
0.518 -18.9189189189189 -13.2811833063256
0.5 -12.4 -25.6811833063256
0.521 -9.021113243762 -34.7022965500876
0.511 -6.45792563600783 -41.1602221860954
0.516 -7.75193798449612 -48.9121601705916
0.491 6.72097759674134 -42.1911825738502
0.506 -2.37154150197628 -44.5627240758265
0.47 -1.27659574468085 -45.8393198205074
0.473 4.43974630021142 -41.3995735202959
0.519 -0.578034682080925 -41.9776082023769
0.551 -6.35208711433757 -48.3296953167144
0.52 -4.61538461538461 -52.9450799320991
0.52 -5.76923076923077 -58.7143107013298
0.527 -7.40037950664137 -66.1146902079712
0.487 -10.0616016427105 -76.1762918506817
0.434 -6.45161290322581 -82.6279047539075
0.528 3.78787878787879 -78.8400259660287
0.46 -11.7391304347826 -90.5791564008113
0.478 2.51046025104602 -88.0686961497653
0.533 -7.69230769230769 -95.761003842073
0.485 -4.32989690721649 -100.090900749289
0.449 -10.467706013363 -110.558606762652
0.482 -3.3195020746888 -113.878108837341
0.493 -8.72210953346856 -122.60021837081
0.416 -11.0576923076923 -133.657910678502
0.487 -5.95482546201232 -139.612736140514
0.527 -9.29791271347249 -148.910648853987
0.526 -11.0266159695817 -159.937264823569
0.51 0 -159.937264823569
0.494 -6.47773279352227 -166.414997617091
0.484 -11.1570247933884 -177.572022410479
0.509 -8.84086444007858 -186.412886850558
0.49 -16.734693877551 -203.147580728109
0.526 -12.1673003802281 -215.314881108337
0.469 -1.91897654584222 -217.233857654179
0.466 -4.29184549356223 -221.525703147742
0.491 -3.05498981670061 -224.580692964442
0.475 -1.05263157894737 -225.63332454339
0.477 -3.56394129979036 -229.19726584318
0.462 -4.32900432900433 -233.526270172184
0.479 -4.80167014613779 -238.327940318322
0.497 -1.40845070422535 -239.736391022547
0.498 -2.81124497991968 -242.547636002467
0.475 -11.5789473684211 -254.126583370888
0.42 -1.9047619047619 -256.03134527565
0.452 -13.716814159292 -269.748159434942
0.509 -8.44793713163065 -278.196096566573
0.525 -14.6666666666667 -292.862763233239
0.513 -2.14424951267057 -295.00701274591
0.532 -6.76691729323308 -301.773930039143
0.511 -11.1545988258317 -312.928528864975
0.491 -0.610997963340122 -313.539526828315
0.504 -7.14285714285714 -320.682383971172
0.496 -2.01612903225806 -322.69851300343
0.513 -5.26315789473684 -327.961670898167
0.468 -2.13675213675214 -330.098423034919
0.517 -4.83558994197292 -334.934012976892
0.462 -9.09090909090909 -344.024922067801
0.468 -8.54700854700855 -352.57193061481
0.482 -1.6597510373444 -354.231681652154
0.503 -0.198807157057654 -354.430488809212
0.539 -2.04081632653061 -356.471305135742
0.577 -0.519930675909879 -356.991235811652
0.554 3.97111913357401 -353.020116678078
0.568 3.52112676056338 -349.498989917515
0.543 3.13075506445672 -346.368234853058
0.564 4.25531914893617 -342.112915704122
0.572 8.74125874125874 -333.371656962863
0.622 7.71704180064309 -325.65461516222
0.616 5.84415584415584 -319.810459318064
0.605 3.80165289256198 -316.008806425502
0.59 2.71186440677966 -313.296942018723
0.587 3.57751277683135 -309.719429241891
0.628 0.318471337579618 -309.400957904312
0.587 4.59965928449744 -304.801298619814
0.612 4.57516339869281 -300.226135221121
0.609 -2.79146141215107 -303.017596633272
0.635 1.41732283464567 -301.600273798627
0.591 -1.52284263959391 -303.123116438221
0.593 -6.23946037099494 -309.362576809216
0.547 -5.6672760511883 -315.029852860404
0.628 0.636942675159236 -314.392910185245
0.615 -5.36585365853659 -319.758763843781
0.643 5.13219284603421 -314.626570997747
0.612 3.92156862745098 -310.705002370296
0.632 3.79746835443038 -306.907534015866
0.632 4.74683544303798 -302.160698572828
0.594 5.05050505050505 -297.110193522323
0.579 2.93609671848014 -294.174096803842
0.61 4.26229508196721 -289.911801721875
0.594 0 -289.911801721875
0.62 -6.45161290322581 -296.363414625101
0.577 -1.21317157712305 -297.576586202224
0.605 -1.48760330578512 -299.064189508009
0.587 -2.21465076660988 -301.278840274619
0.599 0.1669449081803 -301.111895366439
0.573 -2.61780104712042 -303.729696413559
0.604 1.32450331125828 -302.405193102301
0.603 -0.497512437810945 -302.902705540112
0.591 4.23011844331641 -298.672587096795
0.583 0.514579759862779 -298.158007336933
0.599 4.84140233722871 -293.316604999704
0.586 -0.68259385665529 -293.999198856359
0.546 2.93040293040293 -291.068795925956
0.521 3.6468330134357 -287.421962912521
0.55 -0.727272727272727 -288.149235639793
0.562 -3.20284697508897 -291.352082614882
0.572 1.74825174825175 -289.603830866631
0.555 -1.62162162162162 -291.225452488252
0.56563245823389 5.90717299578059 -285.318279492472
