gc_content gc_skew gc_culm
0.483 3.51966873706004 3.51966873706004
0.508 6.2992125984252 9.81888133548524
0.48 -0.416666666666667 9.40221466881857
0.503 1.39165009940358 10.7938647682222
0.496 1.20967741935484 12.003542187577
0.502 2.39043824701195 14.3939804345889
0.507 5.32544378698225 19.7194242215712
0.508 4.33070866141732 24.0501328829885
0.486 3.29218106995885 27.3423139529474
0.497 3.01810865191147 30.3604226048588
0.501 4.59081836327345 34.9512409681323
0.5 2.4 37.3512409681323
0.488 1.22950819672131 38.5807491648536
0.491 4.27698574338086 42.8577349082344
0.51 11.3725490196078 54.2302839278423
0.473 4.86257928118393 59.0928632090262
0.508 6.2992125984252 65.3920758074514
0.498 5.22088353413655 70.612959341588
0.515 5.63106796116505 76.244027302753
0.49 -1.22448979591837 75.0195375068347
0.483 17.5983436853002 92.6178811921349
0.508 7.8740157480315 100.491896940166
0.471 13.8004246284501 114.292321568616
0.457 14.2231947483589 128.515516316975
0.498 10.0401606425703 138.555676959546
0.525 10.8571428571429 149.412819816688
0.478 10.4602510460251 159.873070862714
0.511 10.7632093933464 170.63628025606
0.531 7.72128060263653 178.357560858696
0.492 13.0081300813008 191.365690939997
0.487 8.0082135523614 199.373904492359
0.457 6.78336980306346 206.157274295422
0.513 -2.53411306042885 203.623161234993
0.521 6.33397312859885 209.957134363592
0.493 7.09939148073022 217.056525844322
0.456 6.14035087719298 223.196876721515
0.468 11.1111111111111 234.307987832626
0.518 5.40540540540541 239.713393238032
0.495 10.7070707070707 250.420463945103
0.525 14.2857142857143 264.706178230817
0.518 13.5135135135135 278.21969174433
0.512 8.203125 286.42281674433
0.472 8.05084745762712 294.473664201957
0.516 5.81395348837209 300.28761769033
0.474 -4.21940928270042 296.068208407629
0.444 5.40540540540541 301.473613813035
0.463 9.28725701943844 310.760870832473
0.43 8.83720930232558 319.598080134799
0.504 2.38095238095238 321.979032515751
0.472 6.77966101694915 328.7586935327
0.487 11.2936344969199 340.05232802962
0.487 5.13347022587269 345.185798255493
0.467 13.0620985010707 358.247896756563
0.475 1.89473684210526 360.142633598669
0.456 -0.87719298245614 359.265440616213
0.495 11.9191919191919 371.184632535404
0.472 4.66101694915254 375.845649484557
0.433 11.3163972286374 387.162046713194
0.489 3.47648261758691 390.638529330781
0.475 2.73684210526316 393.375371436044
0.508 5.90551181102362 399.280883247068
0.463 3.67170626349892 402.952589510567
0.499 7.01402805611222 409.966617566679
0.503 2.5844930417495 412.551110608429
0.502 9.56175298804781 422.112863596477
0.527 12.3339658444023 434.446829440879
0.527 16.5085388994307 450.95536834031
0.491 9.57230142566191 460.527669765971
0.542 12.9151291512915 473.442798917263
0.479 14.4050104384134 487.847809355676
0.556 2.51798561151079 490.365794967187
0.535 4.67289719626168 495.038692163449
0.485 7.62886597938144 502.66755814283
0.517 12.5725338491296 515.24009199196
0.537 9.86964618249534 525.109738174455
0.488 -3.68852459016393 521.421213584291
0.54 0 521.421213584291
0.478 0 521.421213584291
0.541 7.20887245841035 528.630086042702
0.494 5.66801619433198 534.298102237034
0.534 3.37078651685393 537.668888753888
0.502 2.39043824701195 540.0593270009
0.512 3.125 543.1843270009
0.496 0 543.1843270009
0.512 4.296875 547.4812020009
0.515 9.90291262135922 557.384114622259
0.493 -3.44827586206897 553.93583876019
0.537 2.04841713221601 555.984255892406
0.535 5.04672897196262 561.030984864368
0.528 0 561.030984864368
0.507 6.90335305719921 567.934337921568
0.504 9.52380952380952 577.458147445377
0.526 13.6882129277567 591.146360373134
0.506 6.71936758893281 597.865727962067
0.483 3.93374741200828 601.799475374075
0.526 6.84410646387833 608.643581837953
0.507 0.591715976331361 609.235297814285
0.48 12.9166666666667 622.151964480951
0.496 9.2741935483871 631.426158029338
0.484 7.43801652892562 638.864174558264
0.53 0 638.864174558264
0.51 7.84313725490196 646.707311813166
0.509 9.62671905697446 656.33403087014
0.55 7.63636363636364 663.970394506504
0.515 7.57281553398058 671.543210040485
0.503 10.934393638171 682.477603678656
0.513 13.4502923976608 695.927896076316
0.551 13.2486388384755 709.176534914792
0.507 2.9585798816568 712.135114796449
0.55 9.09090909090909 721.226023887358
0.505 2.57425742574257 723.8002813131
0.538 11.8959107806691 735.696192093769
0.517 12.1856866537718 747.881878747541
0.497 -1.40845070422535 746.473428043316
0.509 8.05500982318271 754.528437866499
0.501 10.5788423153693 765.107280181868
0.506 8.69565217391304 773.802932355781
0.483 13.871635610766 787.674567966547
0.483 -3.51966873706004 784.154899229487
0.5 -7.2 776.954899229487
0.512 12.109375 789.064274229487
0.487 2.25872689938398 791.323001128871
0.52 -8.46153846153846 782.861462667332
0.484 10.3305785123967 793.192041179729
0.525 -3.23809523809524 789.953945941634
0.488 -7.78688524590164 782.167060695732
0.532 -8.27067669172932 773.896384004003
0.521 2.11132437619962 776.007708380203
0.511 -10.3718199608611 765.635888419341
0.539 5.00927643784787 770.645164857189
0.532 -1.50375939849624 769.141405458693
0.489 6.74846625766871 775.889871716362
0.498 3.21285140562249 779.102723121984
0.541 7.94824399260628 787.050967114591
0.479 3.13152400835073 790.182491122941
0.527 -11.1954459203036 778.987045202638
0.451 -2.4390243902439 776.548020812394
0.504 -1.98412698412698 774.563893828267
0.488 4.50819672131148 779.072090549578
0.52 11.1538461538462 790.225936703425
0.534 8.23970037453184 798.465637077956
0.509 -0.589390962671906 797.876246115284
0.493 2.23123732251521 800.1074834378
0.492 8.94308943089431 809.050572868694
0.536 7.08955223880597 816.1401251075
0.475 -1.47368421052632 814.666440896974
0.498 -4.81927710843374 809.84716378854
0.504 -1.19047619047619 808.656687598064
0.508 -3.93700787401575 804.719679724048
0.525 -1.71428571428571 803.005394009762
0.496 -0.806451612903226 802.198942396859
0.542 7.74907749077491 809.948019887634
0.495 -3.03030303030303 806.917716857331
0.482 12.8630705394191 819.78078739675
0.479 1.04384133611691 820.824628732867
0.517 5.22243713733075 826.047065870198
0.501 -0.598802395209581 825.448263474988
0.504 13.0952380952381 838.543501570226
0.501 9.78043912175649 848.323940691983
0.52 0.769230769230769 849.093171461213
0.509 2.94695481335953 852.040126274573
0.496 6.85483870967742 858.89496498425
0.522 2.68199233716475 861.576957321415
0.489 7.97546012269939 869.552417444114
0.494 21.4574898785425 891.009907322657
0.488 5.73770491803279 896.74761224069
0.547 12.2486288848263 908.996241125516
0.493 8.31643002028398 917.3126711458
0.516 1.55038759689922 918.863058742699
0.533 9.19324577861163 928.056304521311
0.486 7.40740740740741 935.463711928718
0.498 10.0401606425703 945.503872571289
0.47 2.12765957446809 947.631532145757
0.528 5.68181818181818 953.313350327575
0.495 9.8989898989899 963.212340226565
0.519 0.963391136801541 964.175731363366
0.528 8.71212121212121 972.887852575487
0.562 7.82918149466192 980.717034070149
0.515 11.0679611650485 991.784995235198
0.496 4.83870967741935 996.623704912617
0.524 4.9618320610687 1001.58553697369
0.535 11.0280373831776 1012.61357435686
0.512 6.640625 1019.25419935686
0.504 7.53968253968254 1026.79388189655
0.519 9.82658959537572 1036.62047149192
0.551 10.3448275862069 1046.96529907813
0.553 3.43580470162749 1050.40110377976
0.501 -0.598802395209581 1049.80230138455
0.519 3.27552986512524 1053.07783124967
0.482 11.6182572614108 1064.69608851108
0.549 5.64663023679417 1070.34271874788
0.52 9.61538461538461 1079.95810336326
0.508 5.11811023622047 1085.07621359948
0.472 2.96610169491525 1088.0423152944
0.522 -0.766283524904215 1087.27603176949
0.513 1.364522417154 1088.64055418665
0.525 -0.952380952380952 1087.68817323427
0.516 5.42635658914729 1093.11452982341
0.503 -0.198807157057654 1092.91572266636
0.559 -19.8568872987478 1073.05883536761
0.519 9.05587668593449 1082.11471205354
0.549 8.56102003642987 1090.67573208997
0.504 0.396825396825397 1091.0725574868
0.508 0.78740157480315 1091.8599590616
0.518 10.03861003861 1101.89856910021
0.51 -3.92156862745098 1097.97700047276
0.53 6.0377358490566 1104.01473632182
0.495 -2.62626262626263 1101.38847369555
0.558 1.7921146953405 1103.18058839089
0.528 -2.65151515151515 1100.52907323938
0.543 -2.39410681399632 1098.13496642538
0.501 1.39720558882236 1099.53217201421
0.541 5.36044362292052 1104.89261563713
0.494 -6.07287449392713 1098.8197411432
0.516 -3.87596899224806 1094.94377215095
0.488 7.37704918032787 1102.32082133128
0.522 4.21455938697318 1106.53538071825
0.523 -4.01529636711281 1102.52008435114
0.513 0.974658869395711 1103.49474322053
0.543 0.184162062615101 1103.67890528315
0.474 0.843881856540084 1104.52278713969
0.507 2.16962524654832 1106.69241238624
0.519 2.89017341040462 1109.58258579664
0.565 -1.23893805309735 1108.34364774355
0.499 -4.60921843687375 1103.73442930667
0.527 -3.2258064516129 1100.50862285506
0.499 2.60521042084168 1103.1138332759
0.538 1.11524163568773 1104.22907491159
0.509 -4.51866404715128 1099.71041086444
0.537 1.30353817504655 1101.01394903948
0.539 5.00927643784787 1106.02322547733
0.522 6.51340996168582 1112.53663543902
0.51 0.784313725490196 1113.32094916451
0.534 -10.4868913857678 1102.83405777874
0.541 -0.924214417744917 1101.90984336099
0.531 -5.83804143126177 1096.07180192973
0.498 -6.82730923694779 1089.24449269278
0.486 -6.5843621399177 1082.66013055287
0.518 -5.79150579150579 1076.86862476136
0.527 -3.60531309297913 1073.26331166838
0.529 -1.32325141776938 1071.94006025061
0.525 2.0952380952381 1074.03529834585
0.516 -5.42635658914729 1068.6089417567
0.477 -2.30607966457023 1066.30286209213
0.512 -1.171875 1065.13098709213
0.547 5.6672760511883 1070.79826314332
0.547 13.7111517367459 1084.50941488007
0.505 9.7029702970297 1094.2123851771
0.494 5.66801619433198 1099.88040137143
0.499 5.81162324649299 1105.69202461792
0.499 4.20841683366733 1109.90044145159
0.5 -2.8 1107.10044145159
0.516 -2.71317829457364 1104.38726315702
0.503 4.17495029821074 1108.56221345523
0.535 6.16822429906542 1114.73043775429
0.548 5.47445255474453 1120.20489030904
0.523 0.956022944550669 1121.16091325359
0.509 -0.196463654223969 1120.96444959936
0.517 -4.06189555125725 1116.90255404811
0.544 -1.10294117647059 1115.79961287164
0.515 13.0097087378641 1128.8093216095
0.536 7.83582089552239 1136.64514250502
0.506 4.34782608695652 1140.99296859198
0.507 7.69230769230769 1148.68527628429
0.497 8.65191146881288 1157.3371877531
0.497 6.2374245472837 1163.57461230038
0.472 -0.847457627118644 1162.72715467326
0.499 -6.61322645290581 1156.11392822036
0.503 -3.37972166998012 1152.73420655038
0.491 1.42566191446029 1154.15986846484
0.519 -5.97302504816956 1148.18684341667
0.499 -3.80761523046092 1144.37922818621
0.457 -0.656455142231947 1143.72277304398
0.462 -9.09090909090909 1134.63186395307
0.506 -6.71936758893281 1127.91249636413
0.48 -4.58333333333333 1123.3291630308
0.521 8.63723608445298 1131.96639911525
0.522 4.98084291187739 1136.94724202713
0.51 1.56862745098039 1138.51586947811
0.505 4.95049504950495 1143.46636452762
0.501 -1.39720558882236 1142.06915893879
0.511 -1.36986301369863 1140.6992959251
0.46 12.1739130434783 1152.87320896857
0.508 -12.992125984252 1139.88108298432
0.506 -6.32411067193676 1133.55697231239
0.5 -8.8 1124.75697231239
0.501 0.199600798403194 1124.95657311079
0.523 -4.01529636711281 1120.94127674368
0.497 -6.63983903420523 1114.30143770947
0.501 -2.19560878243513 1112.10582892704
0.5 9.6 1121.70582892704
0.509 2.55402750491159 1124.25985643195
0.51 6.27450980392157 1130.53436623587
0.503 2.5844930417495 1133.11885927762
0.517 -2.90135396518375 1130.21750531243
0.527 -2.08728652751423 1128.13021878492
0.52 6.15384615384615 1134.28406493877
0.503 2.18687872763419 1136.4709436664
0.496 1.61290322580645 1138.08384689221
0.457 1.53172866520788 1139.61557555741
0.5 -4 1135.61557555741
0.515 7.96116504854369 1143.57674060596
0.529 -8.88468809073724 1134.69205251522
0.513 -9.16179337231969 1125.5302591429
0.54 9.62962962962963 1135.15988877253
0.525 4 1139.15988877253
0.51 -6.66666666666667 1132.49322210586
0.503 -10.5367793240557 1121.95644278181
0.499 -4.20841683366733 1117.74802594814
0.549 -7.83242258652095 1109.91560336162
0.522 -1.14942528735632 1108.76617807426
0.513 -1.75438596491228 1107.01179210935
0.524 -4.58015267175572 1102.4316394376
0.498 -1.20481927710843 1101.22682016049
0.527 -7.02087286527514 1094.20594729521
0.493 -5.47667342799189 1088.72927386722
0.496 -0.403225806451613 1088.32604806077
0.526 -2.28136882129278 1086.04467923948
0.497 0.201207243460765 1086.24588648294
0.527 3.60531309297913 1089.85119957592
0.517 -1.74081237911025 1088.11038719681
0.527 3.60531309297913 1091.71570028978
0.524 0.381679389312977 1092.0973796791
0.529 4.72589792060491 1096.8232775997
0.519 2.11946050096339 1098.94273810067
0.513 -4.48343079922027 1094.45930730145
0.533 -9.19324577861163 1085.26606152283
0.634 -1.89274447949527 1083.37331704334
0.491 3.86965376782077 1087.24297081116
0.521 -3.26295585412668 1083.98001495703
0.519 -8.28516377649326 1075.69485118054
0.478 -3.34728033472803 1072.34757084581
0.542 -1.1070110701107 1071.2405597757
0.517 -5.60928433268859 1065.63127544301
0.531 -11.864406779661 1053.76686866335
0.514 -7.00389105058366 1046.76297761277
0.486 -13.1687242798354 1033.59425333293
0.521 -11.3243761996161 1022.26987713332
0.539 -4.63821892393321 1017.63165820938
0.519 -5.97302504816956 1011.65863316121
0.513 -2.14424951267057 1009.51438364854
0.51 -5.49019607843137 1004.02418757011
0.522 1.53256704980843 1005.55675461992
0.509 -4.51866404715128 1001.03809057277
0.52 -3.07692307692308 997.961167495846
0.507 -8.08678500986193 989.874382485984
0.519 -5.97302504816956 983.901357437814
0.518 -3.47490347490348 980.426453962911
0.508 -5.51181102362205 974.914642939289
0.509 4.51866404715128 979.43330698644
0.521 -1.34357005758157 978.089736928858
0.504 -2.77777777777778 975.311959151081
0.492 2.03252032520325 977.344479476284
0.522 -6.51340996168582 970.831069514598
0.521 -7.10172744721689 963.729342067381
0.504 -2.77777777777778 960.951564289603
0.494 -7.69230769230769 953.259256597296
0.516 0.775193798449612 954.034450395745
0.54 4.44444444444444 958.47889484019
0.532 -4.13533834586466 954.343556494325
0.52 -11.9230769230769 942.420479571248
0.529 -3.21361058601134 939.206868985237
0.494 -7.28744939271255 931.919419592524
0.514 -16.3424124513619 915.577007141162
0.528 -11.3636363636364 904.213370777526
0.52 -6.92307692307692 897.290293854449
0.52 -11.5384615384615 885.751832315988
0.521 -7.86948176583493 877.882350550153
0.534 1.49812734082397 879.380477890977
0.543 -0.184162062615101 879.196315828362
0.533 -9.9437148217636 869.252601006598
0.502 -5.1792828685259 864.073318138072
0.533 -2.4390243902439 861.634293747828
0.54 -0.37037037037037 861.263923377458
0.529 -0.189035916824197 861.074887460634
0.532 6.76691729323308 867.841804753867
0.513 -4.48343079922027 863.358373954646
0.51 -6.27450980392157 857.083864150725
0.532 -7.5187969924812 849.565067158244
0.521 -7.10172744721689 842.463339711027
0.529 -5.10396975425331 837.359369956773
0.525 -5.14285714285714 832.216512813916
0.509 -0.196463654223969 832.020049159692
0.51 1.56862745098039 833.588676610673
0.514 -5.05836575875486 828.530310851918
0.536 -5.59701492537313 822.933295926545
0.569 -6.15114235500879 816.782153571536
0.546 -8.42490842490843 808.357245146628
0.524 2.67175572519084 811.029000871818
0.526 -13.6882129277567 797.340787944062
0.506 -5.92885375494071 791.411934189121
0.525 -4 787.411934189121
0.547 -10.054844606947 777.357089582174
0.532 -6.01503759398496 771.342051988189
0.48 -5.83333333333333 765.508718654856
0.533 -5.0656660412758 760.44305261358
0.555 -3.42342342342342 757.019629190156
0.561 -10.1604278074866 746.85920138267
0.55 -4 742.85920138267
0.556 -4.31654676258993 738.54265462008
0.53 -5.28301886792453 733.259635752155
0.53 -9.05660377358491 724.20303197857
0.528 -13.6363636363636 710.566668342207
0.517 -5.22243713733075 705.344231204876
0.537 -5.40037243947859 699.943858765398
0.489 -15.3374233128834 684.606435452514
0.519 -11.3680154142582 673.238420038256
0.515 -0.58252427184466 672.655895766411
0.547 -0.914076782449726 671.741818983961
0.512 -10.546875 661.194943983961
0.486 -5.76131687242798 655.433627111533
0.544 -11.3970588235294 644.036568288004
0.521 -14.3953934740883 629.641174813916
0.532 -0.37593984962406 629.265234964292
0.531 -4.33145009416196 624.93378487013
0.49 -17.9591836734694 606.97460119666
0.518 0.386100386100386 607.360701582761
0.535 -5.42056074766355 601.940140835097
0.535 -10.2803738317757 591.659767003322
0.517 -9.86460348162476 581.795163521697
0.528 3.03030303030303 584.825466552
0.515 2.13592233009709 586.961388882097
0.515 0.194174757281553 587.155563639378
0.501 -3.39321357285429 583.762350066524
0.531 -8.85122410546139 574.911125961063
0.479 0.626304801670146 575.537430762733
0.515 2.52427184466019 578.061702607393
0.548 -10.9489051094891 567.112797497904
0.503 -2.5844930417495 564.528304456155
0.549 -10.3825136612022 554.145790794952
0.489 -1.84049079754601 552.305299997406
0.496 -6.45161290322581 545.853687094181
0.52 3.46153846153846 549.315225555719
0.524 -8.77862595419847 540.53659960152
0.523 -6.30975143403442 534.226848167486
0.51 -7.05882352941176 527.168024638074
0.503 -6.16302186878728 521.005002769287
0.527 -12.7134724857685 508.291530283519
0.487 -5.95482546201232 502.336704821506
0.516 -4.26356589147287 498.073138930033
0.508 -3.1496062992126 494.923532630821
0.514 -4.28015564202335 490.643376988797
0.54 -4.07407407407407 486.569302914723
0.565 -15.3982300884956 471.171072826228
0.546 -4.76190476190476 466.409168064323
0.526 -6.84410646387833 459.565061600445
0.532 -10.9022556390977 448.662805961347
0.539 -11.317254174397 437.34555178695
0.529 -10.7750472589792 426.570504527971
0.549 -8.19672131147541 418.373783216495
0.495 -2.22222222222222 416.151560994273
0.526 -8.36501901140684 407.786541982866
0.481 -3.95010395010395 403.836438032762
0.526 -3.04182509505703 400.794612937705
0.511 -4.10958904109589 396.685023896609
0.475 0.631578947368421 397.316602843978
0.514 -3.89105058365759 393.42555226032
0.526 5.32319391634981 398.74874617667
0.544 -3.67647058823529 395.072275588435
0.525 -1.71428571428571 393.357989874149
0.529 -0.189035916824197 393.168953957325
0.548 -17.1532846715328 376.015669285792
0.478 -5.85774058577406 370.157928700018
0.51 -1.96078431372549 368.197144386292
0.533 -4.69043151969981 363.506712866593
0.541 3.14232902033272 366.649041886925
0.545 -2.75229357798165 363.896748308944
0.525 -1.71428571428571 362.182462594658
0.528 -4.16666666666667 358.015795927991
0.536 0.373134328358209 358.38893025635
0.558 -5.01792114695341 353.371009109396
0.514 4.28015564202335 357.651164751419
0.484 -5.78512396694215 351.866040784477
0.512 -7.03125 344.834790784477
0.549 3.09653916211293 347.93132994659
0.499 1.00200400801603 348.933333954606
0.499 2.60521042084168 351.538544375448
0.545 -7.88990825688073 343.648636118567
0.502 -11.1553784860558 332.493257632511
0.517 -5.99613152804642 326.497126104465
0.537 -3.1657355679702 323.331390536495
0.498 -4.81927710843374 318.512113428061
0.495 4.64646464646465 323.158578074526
0.552 -5.79710144927536 317.36147662525
0.532 -9.02255639097744 308.338920234273
0.513 -10.7212475633528 297.61767267092
0.483 -4.76190476190476 292.855767909015
0.499 -9.01803607214429 283.837731836871
0.521 -7.10172744721689 276.736004389654
0.523 -1.33843212237094 275.397572267283
0.547 4.93601462522852 280.333586892512
0.484 -5.78512396694215 274.54846292557
0.55 -0.363636363636364 274.184826561933
0.506 -5.13833992094862 269.046486640985
0.53 0.754716981132076 269.801203622117
0.514 -6.6147859922179 263.186417629899
0.557 -9.51526032315978 253.671157306739
0.533 -8.81801125703565 244.853146049703
0.541 -6.46950092421442 238.383645125489
0.516 -10.077519379845 228.306125745644
0.532 -4.13533834586466 224.170787399779
0.525 -6.66666666666667 217.504120733113
0.51 -1.96078431372549 215.543336419387
0.552 5.43478260869565 220.978119028083
0.537 -4.28305400372439 216.695065024358
0.506 2.76679841897233 219.461863443331
0.546 -2.1978021978022 217.264061245529
0.518 -4.63320463320463 212.630856612324
0.53 -9.43396226415094 203.196894348173
0.517 2.51450676982592 205.711401117999
0.521 10.5566218809981 216.268022998997
0.549 -0.182149362477231 216.08587363652
0.527 -3.98481973434535 212.101053902174
0.529 -12.6654064272212 199.435647474953
0.518 1.54440154440154 200.980049019355
0.522 -9.57854406130268 191.401504958052
0.505 -4.15841584158416 187.243089116468
0.515 -15.7281553398058 171.514933776662
0.53 -7.92452830188679 163.590405474775
0.555 -0.900900900900901 162.689504573874
0.517 6.38297872340426 169.072483297279
0.515 6.79611650485437 175.868599802133
0.51 -6.27450980392157 169.594089998211
0.538 -7.80669144981413 161.787398548397
0.498 -6.42570281124498 155.361695737152
0.548 -0.364963503649635 154.996732233503
0.542 1.1070110701107 156.103743303613
0.547 -3.47349177330896 152.630251530304
0.561 1.24777183600713 153.878023366312
0.503 0.99403578528827 154.8720591516
0.559 0.178890876565295 155.050950028165
0.567 -29.4532627865961 125.597687241569
0.519 0.963391136801541 126.561078378371
0.548 -12.4087591240876 114.152319254283
0.542 -0.3690036900369 113.783315564246
0.538 -2.60223048327138 111.181085080975
0.5 -11.2 99.9810850809747
0.531 -2.44821092278719 97.5328741581875
0.518 -5.79150579150579 91.7413683666817
0.57 2.45614035087719 94.1975087175589
0.554 -5.41516245487365 88.7823462626853
0.549 -13.2969034608379 75.4854428018474
0.512 0 75.4854428018474
0.523 -5.16252390057361 70.3229189012738
0.534 -5.61797752808989 64.7049413731839
0.507 -6.50887573964497 58.1960656335389
0.515 -11.4563106796117 46.7397549539272
0.547 -6.39853747714808 40.3412174767792
0.504 -1.19047619047619 39.150741286303
0.518 -5.79150579150579 33.3592354947972
0.521 -8.25335892514395 25.1058765696532
0.49 -14.6938775510204 10.4119990186328
0.529 2.45746691871456 12.8694659373474
0.566 -1.41342756183746 11.4560383755099
0.55 -0.727272727272727 10.7287656482372
0.499 -7.01402805611222 3.71473759212497
0.561 -14.4385026737968 -10.7237650816718
0.575 -8.17391304347826 -18.8976781251501
0.497 -12.2736418511066 -31.1713199762567
0.555 -2.7027027027027 -33.8740226789594
0.501 -3.79241516966068 -37.6664378486201
0.504 -12.6984126984127 -50.3648505470328
0.505 -7.72277227722772 -58.0876228242605
0.55 -8.36363636363636 -66.4512591878969
0.518 3.08880308880309 -63.3624560990938
0.544 -3.67647058823529 -67.0389266873291
0.565 -2.65486725663717 -69.6937939439663
0.562 -7.82918149466192 -77.5229754386282
0.537 -6.14525139664805 -83.6682268352762
0.57 -0.350877192982456 -84.0191040282587
0.52 -4.61538461538461 -88.6344886436433
0.565 4.07079646017699 -84.5636921834663
0.558 -5.01792114695341 -89.5816133304197
0.495 -1.41414141414141 -90.9957547445611
0.565 1.23893805309735 -89.7568166914638
0.576 -9.72222222222222 -99.479038913686
0.549 -2.36794171220401 -101.84698062589
0.523 -5.16252390057361 -107.009504526464
0.475 -3.15789473684211 -110.167399263306
0.503 1.78926441351889 -108.378134849787
0.575 0.521739130434783 -107.856395719352
0.533 -3.56472795497186 -111.421123674324
0.563 -1.9538188277087 -113.374942502033
0.501 -1.79640718562874 -115.171349687661
0.538 -5.94795539033457 -121.119305077996
0.533 -1.68855534709193 -122.807860425088
0.555 -3.42342342342342 -126.231283848511
0.551 -7.07803992740472 -133.309323775916
0.555 -4.14414414414414 -137.45346792006
0.545 3.85321100917431 -133.600256910886
0.538 -4.46096654275093 -138.061223453637
0.525 -7.42857142857143 -145.489794882208
0.536 -10.4477611940299 -155.937556076238
0.553 -3.43580470162749 -159.373360777866
0.511 -8.80626223091977 -168.179623008785
0.534 -4.49438202247191 -172.674005031257
0.521 -12.4760076775432 -185.1500127088
0.562 -16.3701067615658 -201.520119470366
0.533 -3.56472795497186 -205.084847425338
0.542 -7.38007380073801 -212.464921226076
0.555 -7.02702702702703 -219.491948253103
0.491 -8.75763747454175 -228.249585727645
0.534 -12.7340823970037 -240.983668124649
0.523 -7.45697896749522 -248.440647092144
0.513 -0.974658869395711 -249.41530596154
0.584 0.342465753424658 -249.072840208115
0.555 -3.78378378378378 -252.856623991899
0.51 -3.52941176470588 -256.386035756605
0.51 -8.23529411764706 -264.621329874252
0.502 -4.7808764940239 -269.402206368276
0.518 -6.94980694980695 -276.352013318082
0.541 6.83918669131238 -269.51282662677
0.543 -8.28729281767956 -277.80011944445
0.51 -13.7254901960784 -291.525609640528
0.52 -6.53846153846154 -298.06407117899
0.532 -7.89473684210526 -305.958808021095
0.522 -7.66283524904215 -313.621643270137
0.505 -4.95049504950495 -318.572138319642
0.548 -4.74452554744526 -323.316663867087
0.534 1.87265917602996 -321.444004691057
0.528 -9.46969696969697 -330.913701660754
0.519 -11.7533718689788 -342.667073529733
0.528 -8.33333333333333 -351.000406863066
0.525 -11.6190476190476 -362.619454482114
0.535 -5.79439252336449 -368.413847005478
0.522 0.383141762452107 -368.030705243026
0.521 -0.959692898272553 -368.990398141299
0.581 -5.67986230636833 -374.670260447667
0.596 -5.70469798657718 -380.374958434244
0.518 -7.72200772200772 -388.096966156252
0.53 -7.92452830188679 -396.021494458139
0.556 -7.9136690647482 -403.935163522887
0.486 -9.87654320987654 -413.811706732764
0.537 0.931098696461825 -412.880608036302
0.526 -12.9277566539924 -425.808364690294
0.51 0.392156862745098 -425.416207827549
0.524 -4.9618320610687 -430.378039888618
0.528 -1.13636363636364 -431.514403524982
0.513 -2.53411306042885 -434.04851658541
0.493 -4.25963488843813 -438.308151473849
0.546 -9.52380952380952 -447.831960997658
0.52 -5 -452.831960997658
0.544 -1.10294117647059 -453.934902174129
0.545 0.55045871559633 -453.384443458532
0.534 -8.23970037453184 -461.624143833064
0.484 -5.37190082644628 -466.99604465951
0.501 0.998003992015968 -465.998040667494
0.517 -8.31721470019342 -474.315255367688
0.507 -8.08678500986193 -482.40204037755
0.532 -8.64661654135338 -491.048656918903
0.528 -10.6060606060606 -501.654717524964
0.478 -1.25523012552301 -502.909947650487
0.488 -5.32786885245902 -508.237816502946
0.543 -1.28913443830571 -509.526950941252
0.537 2.42085661080074 -507.106094330451
0.496 -3.2258064516129 -510.331900782064
0.516 -1.93798449612403 -512.269885278188
0.508 1.18110236220472 -511.088782915983
0.512 -6.640625 -517.729407915983
0.531 -0.941619585687382 -518.67102750167
0.477 6.49895178197065 -512.1720757197
0.523 4.01529636711281 -508.156779352587
0.56 -8.57142857142857 -516.728207924015
0.53 5.66037735849057 -511.067830565525
0.553 -6.32911392405063 -517.396944489576
0.55 -6.54545454545455 -523.94239903503
0.475 -3.15789473684211 -527.100293771872
0.504 -1.98412698412698 -529.084420755999
0.503 0.198807157057654 -528.885613598942
0.497 -5.83501006036217 -534.720623659304
0.479 -6.05427974947808 -540.774903408782
0.521 -4.03071017274472 -544.805613581526
0.525 -7.80952380952381 -552.61513739105
0.542 -9.59409594095941 -562.20923333201
0.483 -1.0351966873706 -563.24443001938
0.508 -3.54330708661417 -566.787737105994
0.497 -10.261569416499 -577.049306522493
0.561 -5.88235294117647 -582.93165946367
0.511 0.195694716242661 -582.735964747427
0.503 -6.95825049701789 -589.694215244445
0.537 -13.5940409683426 -603.288256212788
0.523 -12.4282982791587 -615.716554491947
0.54 -15.9259259259259 -631.642480417872
0.529 -10.7750472589792 -642.417527676852
0.536 -9.70149253731343 -652.119020214165
0.501 -8.98203592814371 -661.101056142309
0.526 -3.80228136882129 -664.90333751113
0.536 -10.4477611940299 -675.35109870516
0.49 -0.816326530612245 -676.167425235772
0.522 -5.74712643678161 -681.914551672554
0.516 -10.077519379845 -691.992071052399
0.514 -5.83657587548638 -697.828646927885
0.515 -13.3980582524272 -711.226705180312
0.498 -0.803212851405622 -712.029918031718
0.541 -12.0147874306839 -724.044705462402
0.524 -9.16030534351145 -733.205010805913
0.501 -14.9700598802395 -748.175070686153
0.493 -5.0709939148073 -753.24606460096
0.497 -11.4688128772636 -764.714877478224
0.483 2.27743271221532 -762.437444766008
0.517 -1.35396518375242 -763.791409949761
0.524 -12.2137404580153 -776.005150407776
0.491 -10.3869653767821 -786.392115784558
0.525 -6.66666666666667 -793.058782451225
0.505 -0.99009900990099 -794.048881461126
0.514 -4.66926070038911 -798.718142161515
0.534 -6.36704119850187 -805.085183360017
0.516 -2.71317829457364 -807.79836165459
0.481 -8.93970893970894 -816.738070594299
0.512 -2.34375 -819.081820594299
0.502 0 -819.081820594299
0.479 -2.71398747390397 -821.795808068203
0.501 -5.38922155688623 -827.18502962509
0.515 -11.4563106796117 -838.641340304701
0.481 1.87110187110187 -836.770238433599
0.527 -9.67741935483871 -846.447657788438
0.513 0.584795321637427 -845.862862466801
0.51 1.17647058823529 -844.686391878565
0.521 -3.26295585412668 -847.949347732692
0.516 -6.58914728682171 -854.538495019514
0.521 -8.25335892514395 -862.791853944658
0.509 1.76817288801572 -861.023681056642
0.511 -2.15264187866928 -863.176322935311
0.528 2.27272727272727 -860.903595662584
0.528 3.78787878787879 -857.115716874705
0.507 -6.90335305719921 -864.019069931904
0.506 -11.0671936758893 -875.086263607794
0.525 -6.66666666666667 -881.75293027446
0.517 -16.8278529980658 -898.580783272526
0.602 35.8803986710963 -862.70038460143
0.591 8.9678510998308 -853.732533501599
0.54 -10 -863.732533501599
0.501 -14.9700598802395 -878.702593381838
0.513 -3.31384015594542 -882.016433537784
0.506 -4.74308300395257 -886.759516541737
0.528 -1.89393939393939 -888.653455935676
0.482 5.80912863070539 -882.844327304971
0.508 1.96850393700787 -880.875823367963
0.541 -4.99075785582255 -885.866581223785
0.489 -1.02249488752556 -886.889076111311
0.529 -5.4820415879017 -892.371117699213
0.492 -6.50406504065041 -898.875182739863
0.53 -10.188679245283 -909.063861985146
0.55 -4.36363636363636 -913.427498348782
0.495 0.202020202020202 -913.225478146762
0.519 -3.27552986512524 -916.501008011887
0.518 -4.24710424710425 -920.748112258992
0.503 2.5844930417495 -918.163619217242
0.536 -5.59701492537313 -923.760634142615
0.479 -5.21920668058455 -928.9798408232
0.535 -5.42056074766355 -934.400401570863
0.492 -12.1951219512195 -946.595523522083
0.509 -0.196463654223969 -946.791987176307
0.554 -2.16606498194946 -948.958052158256
0.508 -2.36220472440945 -951.320256882666
0.479 -4.38413361169102 -955.704390494357
0.5 -7.2 -962.904390494357
0.537 -6.51769087523277 -969.422081369589
0.521 -10.1727447216891 -979.594826091278
0.534 -9.36329588014981 -988.958121971428
0.527 -8.91840607210626 -997.876528043535
0.503 -5.36779324055666 -1003.24432128409
0.541 -11.275415896488 -1014.51973718058
0.515 -7.57281553398058 -1022.09255271456
0.492 -3.65853658536585 -1025.75108929993
0.527 -2.08728652751423 -1027.83837582744
0.5 2 -1025.83837582744
0.547 -2.74223034734918 -1028.58060617479
0.521 -9.40499040307102 -1037.98559657786
0.533 -10.3189493433396 -1048.3045459212
0.507 -9.27021696252466 -1057.57476288372
0.513 -2.92397660818713 -1060.49873949191
0.517 -7.54352030947776 -1068.04225980139
0.477 -5.24109014675052 -1073.28334994814
0.528 -7.95454545454545 -1081.23789540269
0.519 -2.11946050096339 -1083.35735590365
0.521 0.191938579654511 -1083.16541732399
0.497 -3.420523138833 -1086.58594046283
0.54 -2.96296296296296 -1089.54890342579
0.506 0.790513833992095 -1088.7583895918
0.499 7.01402805611222 -1081.74436153569
0.504 3.17460317460317 -1078.56975836108
0.509 -1.37524557956778 -1079.94500394065
0.512 -2.34375 -1082.28875394065
0.476 -3.36134453781513 -1085.65009847847
0.541 -22.365988909427 -1108.01608738789
0.503 -6.16302186878728 -1114.17910925668
0.52 -5.38461538461539 -1119.5637246413
0.589 4.92359932088285 -1114.64012532041
0.552 -3.98550724637681 -1118.62563256679
0.586 1.70648464163823 -1116.91914792515
0.534 -9.36329588014981 -1126.2824438053
0.527 -0.189753320683112 -1126.47219712598
0.54 -0.740740740740741 -1127.21293786672
0.504 -2.77777777777778 -1129.9907156445
0.515 -6.79611650485437 -1136.78683214936
0.55 1.09090909090909 -1135.69592305845
0.537 -2.42085661080074 -1138.11677966925
0.509 -2.55402750491159 -1140.67080717416
0.523 -2.86806883365201 -1143.53887600781
0.485 0.618556701030928 -1142.92031930678
0.538 -0.743494423791822 -1143.66381373057
0.509 -5.69744597249509 -1149.36125970307
0.53 -14.7169811320755 -1164.07824083514
0.549 -1.27504553734062 -1165.35328637248
0.529 -1.70132325141777 -1167.0546096239
0.52 -6.15384615384615 -1173.20845577775
0.537 -4.65549348230912 -1177.86394926006
0.524 -9.16030534351145 -1187.02425460357
0.529 -7.75047258979206 -1194.77472719336
0.536 1.49253731343284 -1193.28218987993
0.534 -12.7340823970037 -1206.01627227693
0.523 -8.60420650095602 -1214.62047877789
0.502 4.7808764940239 -1209.83960228386
0.554 -13.7184115523466 -1223.55801383621
0.519 -11.7533718689788 -1235.31138570519
0.537 -6.8901303538175 -1242.20151605901
0.534 -16.8539325842697 -1259.05544864328
0.542 2.9520295202952 -1256.10341912298
0.559 -1.96779964221825 -1258.0712187652
0.518 1.54440154440154 -1256.5268172208
0.551 -0.544464609800363 -1257.0712818306
0.528 5.3030303030303 -1251.76825152757
0.539 7.23562152133581 -1244.53263000623
0.522 6.13026819923372 -1238.402361807
0.545 5.68807339449541 -1232.7142884125
0.519 2.89017341040462 -1229.8241150021
0.469 1.06609808102345 -1228.75801692107
0.464 -4.31034482758621 -1233.06836174866
0.516 3.87596899224806 -1229.19239275641
0.484 -2.06611570247934 -1231.25850845889
0.549 7.10382513661202 -1224.15468332228
0.514 -1.94552529182879 -1226.10020861411
0.547 -1.27970749542962 -1227.37991610954
0.53 -2.26415094339623 -1229.64406705293
0.51 -14.9019607843137 -1244.54602783725
0.512 -6.640625 -1251.18665283725
0.495 -9.09090909090909 -1260.27756192816
0.505 -4.95049504950495 -1265.22805697766
0.504 -4.36507936507936 -1269.59313634274
0.545 0.55045871559633 -1269.04267762715
0.513 -9.94152046783626 -1278.98419809498
0.54 -8.14814814814815 -1287.13234624313
0.497 0.201207243460765 -1286.93113899967
0.535 11.0280373831776 -1275.90310161649
0.549 -0.546448087431694 -1276.44954970392
0.56 1.07142857142857 -1275.37812113249
0.531 -5.83804143126177 -1281.21616256376
0.543 -9.39226519337017 -1290.60842775713
0.514 -11.284046692607 -1301.89247444973
0.576 -2.08333333333333 -1303.97580778307
0.518 -1.54440154440154 -1305.52020932747
0.53 -1.13207547169811 -1306.65228479917
0.529 -3.96975425330813 -1310.62203905247
0.549 -1.63934426229508 -1312.26138331477
0.537 -1.67597765363128 -1313.9373609684
0.542 -4.7970479704797 -1318.73440893888
0.481 6.44490644490644 -1312.28950249397
0.521 -2.11132437619962 -1314.40082687017
0.518 -5.40540540540541 -1319.80623227558
0.491 -9.57230142566191 -1329.37853370124
0.523 -3.25047801147228 -1332.62901171271
0.509 -9.62671905697446 -1342.25573076969
0.468 0 -1342.25573076969
0.511 -6.0665362035225 -1348.32226697321
0.505 -8.51485148514852 -1356.83711845836
0.51 -2.74509803921569 -1359.58221649757
0.489 -1.02249488752556 -1360.6047113851
0.504 -16.2698412698413 -1376.87455265494
0.506 -11.4624505928854 -1388.33700324783
0.516 -8.52713178294574 -1396.86413503077
0.499 0.601202404809619 -1396.26293262596
0.482 -8.29875518672199 -1404.56168781269
0.524 -8.01526717557252 -1412.57695498826
0.49 -1.22448979591837 -1413.80144478418
0.498 -11.6465863453815 -1425.44803112956
0.523 -3.63288718929254 -1429.08091831885
0.501 -7.78443113772455 -1436.86534945657
0.48 -10.8333333333333 -1447.69868278991
0.521 -3.6468330134357 -1451.34551580334
0.52 -11.9230769230769 -1463.26859272642
0.5 -4.8 -1468.06859272642
0.518 -13.5135135135135 -1481.58210623993
0.512 -11.71875 -1493.30085623993
0.491 0.203665987780041 -1493.09719025215
0.501 -1.79640718562874 -1494.89359743778
0.53 -3.39622641509434 -1498.28982385288
0.529 0.56710775047259 -1497.7227161024
0.525 -6.28571428571429 -1504.00843038812
0.517 0.967117988394584 -1503.04131239972
0.488 -8.60655737704918 -1511.64786977677
0.573 -13.7870855148342 -1525.43495529161
0.543 -0.552486187845304 -1525.98744147945
0.501 -0.998003992015968 -1526.98544547147
0.516 -10.077519379845 -1537.06296485131
0.553 -0.180831826401447 -1537.24379667772
0.528 0.757575757575758 -1536.48622092014
0.547 3.10786106032907 -1533.37835985981
0.52 0.384615384615385 -1532.9937444752
0.522 -1.14942528735632 -1534.14316976255
0.499 3.40681362725451 -1530.7363561353
0.549 -6.73952641165756 -1537.47588254695
0.562 -4.98220640569395 -1542.45808895265
0.493 -1.41987829614604 -1543.87796724879
0.515 -5.24271844660194 -1549.1206856954
0.54 -4.07407407407407 -1553.19475976947
0.528 -2.65151515151515 -1555.84627492099
0.502 -4.38247011952191 -1560.22874504051
0.551 -1.27041742286751 -1561.49916246338
0.5 -2 -1563.49916246338
0.548 -5.47445255474453 -1568.97361501812
0.537 -4.65549348230912 -1573.62910850043
0.499 -6.2124248496994 -1579.84153335013
0.529 -8.12854442344045 -1587.97007777357
0.509 -4.91159135559921 -1592.88166912917
0.516 -1.16279069767442 -1594.04445982684
0.542 -5.90405904059041 -1599.94851886743
0.49 -6.53061224489796 -1606.47913111233
0.503 -8.15109343936382 -1614.63022455169
0.49 -5.30612244897959 -1619.93634700067
0.559 -1.25223613595707 -1621.18858313663
0.523 -6.69216061185468 -1627.88074374849
0.511 -9.19765166340509 -1637.07839541189
0.519 -11.7533718689788 -1648.83176728087
0.512 -7.03125 -1655.86301728087
0.54 -5.18518518518519 -1661.04820246605
0.534 -4.11985018726592 -1665.16805265332
0.505 -5.34653465346535 -1670.51458730679
0.521 -12.4760076775432 -1682.99059498433
0.524 -4.58015267175572 -1687.57074765608
0.489 -6.33946830265849 -1693.91021595874
0.579 -5.00863557858376 -1698.91885153733
0.529 -5.4820415879017 -1704.40089312523
0.543 -6.07734806629834 -1710.47824119153
0.52 -5 -1715.47824119153
0.503 -9.74155069582505 -1725.21979188735
0.534 -11.6104868913858 -1736.83027877874
0.482 -9.54356846473029 -1746.37384724347
0.489 -7.15746421267894 -1753.53131145615
0.476 -7.14285714285714 -1760.674168599
0.487 -20.3285420944559 -1781.00271069346
0.528 -9.46969696969697 -1790.47240766316
0.547 -12.6142595978062 -1803.08666726096
0.525 -11.2380952380952 -1814.32476249906
0.513 0.974658869395711 -1813.35010362966
0.537 -0.931098696461825 -1814.28120232612
0.549 4.91803278688525 -1809.36316953924
0.504 -2.77777777777778 -1812.14094731702
0.495 -7.07070707070707 -1819.21165438772
0.487 11.2936344969199 -1807.9180198908
0.514 -1.16731517509728 -1809.0853350659
0.517 -7.15667311411992 -1816.24200818002
0.509 -0.589390962671906 -1816.83139914269
0.524 4.9618320610687 -1811.86956708163
0.488 -0.819672131147541 -1812.68923921277
0.52 -0.384615384615385 -1813.07385459739
0.479 -6.47181628392484 -1819.54567088131
0.489 1.84049079754601 -1817.70518008377
0.531 -14.8775894538606 -1832.58276953763
0.513 -6.82261208576998 -1839.4053816234
0.5 -3.2 -1842.6053816234
0.475 -10.7368421052632 -1853.34222372866
0.531 -11.864406779661 -1865.20663050832
0.488 -5.32786885245902 -1870.53449936078
0.513 -4.48343079922027 -1875.01793016
0.518 -4.63320463320463 -1879.65113479321
0.492 -3.2520325203252 -1882.90316731353
0.551 -2.35934664246824 -1885.262513956
0.517 -2.12765957446809 -1887.39017353047
0.549 -9.2896174863388 -1896.67979101681
0.556 -8.99280575539568 -1905.6725967722
0.506 -1.97628458498024 -1907.64888135718
0.51 -9.01960784313725 -1916.66848920032
0.543 3.13075506445672 -1913.53773413586
0.496 -4.43548387096774 -1917.97321800683
0.534 -4.8689138576779 -1922.84213186451
0.501 -7.38522954091816 -1930.22736140543
0.514 1.94552529182879 -1928.2818361136
0.457 -1.09409190371991 -1929.37592801732
0.507 -6.11439842209073 -1935.49032643941
0.519 -4.43159922928709 -1939.92192566869
0.527 -3.60531309297913 -1943.52723876167
0.483 2.27743271221532 -1941.24980604946
0.523 -2.10325047801147 -1943.35305652747
0.494 -9.7165991902834 -1953.06965571775
0.498 -9.63855421686747 -1962.70820993462
0.493 -13.5902636916836 -1976.2984736263
0.517 -4.44874274661509 -1980.74721637292
0.531 -9.22787193973635 -1989.97508831266
0.504 -13.8888888888889 -2003.86397720154
0.501 -6.98602794411178 -2010.85000514566
0.511 -11.9373776908023 -2022.78738283646
0.499 -11.4228456913828 -2034.21022852784
0.511 -15.4598825831703 -2049.67011111101
0.491 -9.16496945010183 -2058.83508056111
0.518 -3.86100386100386 -2062.69608442212
0.498 -11.6465863453815 -2074.3426707675
0.488 -9.83606557377049 -2084.17873634127
0.508 -8.66141732283465 -2092.8401536641
0.503 -7.3558648111332 -2100.19601847524
0.502 -9.56175298804781 -2109.75777146329
0.502 -1.19521912350598 -2110.95299058679
0.476 -8.82352941176471 -2119.77651999856
0.507 -6.50887573964497 -2126.2853957382
0.509 -14.7347740667976 -2141.020169805
0.485 -3.09278350515464 -2144.11295331015
0.494 -1.21457489878543 -2145.32752820894
0.533 0.938086303939963 -2144.389441905
0.49 -8.57142857142857 -2152.96087047643
0.507 0.591715976331361 -2152.3691545001
0.506 4.34782608695652 -2148.02132841314
0.52 -11.5384615384615 -2159.5597899516
0.491 -5.90631364562118 -2165.46610359722
0.494 -6.47773279352227 -2171.94383639074
0.444 -8.10810810810811 -2180.05194449885
0.482 -7.88381742738589 -2187.93576192624
0.548 -9.48905109489051 -2197.42481302113
0.532 4.13533834586466 -2193.28947467526
0.53 -8.67924528301887 -2201.96871995828
0.544 -5.51470588235294 -2207.48342584064
0.514 3.89105058365759 -2203.59237525698
0.493 4.25963488843813 -2199.33274036854
0.487 -11.7043121149897 -2211.03705248353
0.513 -11.5009746588694 -2222.5380271424
0.506 -0.790513833992095 -2223.32854097639
0.496 -6.45161290322581 -2229.78015387962
0.446 -6.72645739910314 -2236.50661127872
0.501 -10.9780439121756 -2247.4846551909
0.506 0 -2247.4846551909
0.5 2.8 -2244.6846551909
0.517 0.58027079303675 -2244.10438439786
0.513 3.31384015594542 -2240.79054424191
0.478 -0.836820083682008 -2241.6273643256
0.495 10.7070707070707 -2230.92029361853
0.543 1.28913443830571 -2229.63115918022
0.505 5.34653465346535 -2224.28462452675
0.496 0.806451612903226 -2223.47817291385
0.527 8.53889943074004 -2214.93927348311
0.507 4.93096646942801 -2210.00830701368
0.504 -0.793650793650794 -2210.80195780733
0.49 -6.53061224489796 -2217.33257005223
0.454 1.76211453744493 -2215.57045551479
0.534 -1.49812734082397 -2217.06858285561
0.495 3.83838383838384 -2213.23019901723
0.483 17.5983436853002 -2195.63185533193
0.483 6.00414078674948 -2189.62771454518
0.514 -1.94552529182879 -2191.57323983701
0.498 6.02409638554217 -2185.54914345146
0.517 15.2804642166344 -2170.26867923483
0.465 -0.21505376344086 -2170.48373299827
0.505 4.95049504950495 -2165.53323794877
0.535 8.41121495327103 -2157.12202299549
0.484 3.30578512396694 -2153.81623787153
0.504 9.92063492063492 -2143.89560295089
0.497 1.81086519114688 -2142.08473775975
0.511 3.32681017612524 -2138.75792758362
0.519 4.04624277456647 -2134.71168480905
0.523 3.63288718929254 -2131.07879761976
0.518 4.63320463320463 -2126.44559298656
0.51 -4.70588235294118 -2131.1514753395
0.501 -5.78842315369261 -2136.93989849319
0.53 1.50943396226415 -2135.43046453093
0.496 -1.61290322580645 -2137.04336775673
0.507 1.38067061143984 -2135.66269714529
0.505 6.13861386138614 -2129.52408328391
0.473 2.74841437632135 -2126.77566890759
0.498 -2.81124497991968 -2129.58691388751
0.473 3.17124735729387 -2126.41566653021
0.502 9.16334661354582 -2117.25231991667
0.473 1.90274841437632 -2115.34957150229
0.488 1.63934426229508 -2113.71022723999
0.515 9.12621359223301 -2104.58401364776
0.503 4.97017892644135 -2099.61383472132
0.486 4.11522633744856 -2095.49860838387
0.512 3.90625 -2091.59235838387
0.542 -0.738007380073801 -2092.33036576394
0.515 -1.35922330097087 -2093.68958906492
0.508 9.84251968503937 -2083.84706937988
0.518 13.5135135135135 -2070.33355586636
0.5 6.4 -2063.93355586636
0.49 3.6734693877551 -2060.26008647861
0.481 -6.86070686070686 -2067.12079333931
0.504 9.52380952380952 -2057.59698381551
0.507 11.6370808678501 -2045.95990294766
0.511 4.89236790606654 -2041.06753504159
0.513 -0.584795321637427 -2041.65233036323
0.488 7.37704918032787 -2034.2752811829
0.519 10.2119460500963 -2024.0633351328
0.519 14.0655105973025 -2009.9978245355
0.506 3.55731225296443 -2006.44051228253
0.486 -1.64609053497942 -2008.08660281751
0.5 5.2 -2002.88660281751
0.473 -7.82241014799154 -2010.70901296551
0.479 10.6471816283925 -2000.06183133711
0.436 15.5963302752294 -1984.46550106188
0.456 7.01754385964912 -1977.44795720223
0.477 -3.9832285115304 -1981.43118571377
0.51 0.392156862745098 -1981.03902885102
0.495 7.07070707070707 -1973.96832178031
0.526 8.36501901140684 -1965.60330276891
0.508 -4.7244094488189 -1970.32771221773
0.506 6.71936758893281 -1963.60834462879
0.519 7.89980732177264 -1955.70853730702
0.495 7.47474747474747 -1948.23378983227
0.518 7.72200772200772 -1940.51178211026
0.534 11.9850187265918 -1928.52676338367
0.521 11.3243761996161 -1917.20238718406
0.487 11.2936344969199 -1905.90875268714
0.513 9.16179337231969 -1896.74695931482
0.48 11.25 -1885.49695931482
0.498 14.859437751004 -1870.63752156381
0.482 9.95850622406639 -1860.67901533975
0.504 14.2857142857143 -1846.39330105403
0.515 6.79611650485437 -1839.59718454918
0.499 4.20841683366733 -1835.38876771551
0.534 6.74157303370786 -1828.6471946818
0.511 9.19765166340509 -1819.4495430184
0.53 13.5849056603774 -1805.86463735802
0.526 9.88593155893536 -1795.97870579908
0.521 9.78886756238004 -1786.18983823671
0.534 5.99250936329588 -1780.19732887341
0.506 10.6719367588933 -1769.52539211452
0.504 8.33333333333333 -1761.19205878118
0.517 -0.58027079303675 -1761.77232957422
0.501 2.9940119760479 -1758.77831759817
0.509 4.51866404715128 -1754.25965355102
0.464 9.91379310344828 -1744.34586044757
0.542 3.3210332103321 -1741.02482723724
0.507 19.5266272189349 -1721.4982000183
0.506 10.2766798418972 -1711.22152017641
0.508 5.51181102362205 -1705.70970915279
0.511 7.6320939334638 -1698.07761521932
0.535 15.8878504672897 -1682.18976475203
0.502 1.19521912350598 -1680.99454562853
0.514 11.6731517509728 -1669.32139387755
0.532 8.27067669172932 -1661.05071718582
0.508 -2.75590551181102 -1663.80662269764
0.535 4.29906542056075 -1659.50755727707
0.545 10.0917431192661 -1649.41581415781
0.539 12.8014842300557 -1636.61432992775
0.544 5.88235294117647 -1630.73197698658
0.476 5.04201680672269 -1625.68996017985
0.517 -6.38297872340426 -1632.07293890326
0.506 7.11462450592885 -1624.95831439733
0.538 9.66542750929368 -1615.29288688804
0.526 7.98479087452472 -1607.30809601351
0.547 3.47349177330896 -1603.8346042402
0.547 0.548446069469835 -1603.28615817073
0.525 0.571428571428571 -1602.7147295993
0.514 7.39299610894942 -1595.32173349035
0.534 2.62172284644195 -1592.70001064391
0.515 9.51456310679612 -1583.18544753712
0.506 5.92885375494071 -1577.25659378217
0.521 13.2437619961612 -1564.01283178601
0.519 12.1387283236994 -1551.87410346231
0.543 8.28729281767956 -1543.58681064463
0.563 7.28241563055062 -1536.30439501408
0.542 1.4760147601476 -1534.82838025394
0.497 3.82293762575453 -1531.00544262818
0.498 4.01606425702811 -1526.98937837115
0.473 -1.05708245243129 -1528.04646082358
0.472 -3.8135593220339 -1531.86002014562
0.557 -1.61579892280072 -1533.47581906842
0.571 3.67775831873905 -1529.79806074968
0.473 4.0169133192389 -1525.78114743044
0.546 7.32600732600733 -1518.45514010443
0.555 7.38738738738739 -1511.06775271705
0.495 12.7272727272727 -1498.34047998977
0.512 5.078125 -1493.26235498977
0.521 0.575815738963532 -1492.68653925081
0.508 7.8740157480315 -1484.81252350278
0.516 -3.48837209302326 -1488.3008955958
0.538 4.46096654275093 -1483.83992905305
0.534 14.9812734082397 -1468.85865564481
0.526 5.70342205323194 -1463.15523359158
0.53 3.39622641509434 -1459.75900717649
0.498 0.803212851405622 -1458.95579432508
0.505 -0.594059405940594 -1459.54985373102
0.524 0.381679389312977 -1459.16817434171
0.456 6.14035087719298 -1453.02782346451
0.538 2.60223048327138 -1450.42559298124
0.539 1.66975881261596 -1448.75583416863
0.497 -0.603621730382294 -1449.35945589901
0.489 -1.43149284253579 -1450.79094874155
0.487 5.5441478439425 -1445.2468008976
0.532 3.7593984962406 -1441.48740240136
0.518 3.47490347490348 -1438.01249892646
0.507 3.74753451676529 -1434.26496440969
0.516 8.52713178294574 -1425.73783262675
0.525 6.28571428571429 -1419.45211834103
0.533 3.56472795497186 -1415.88739038606
0.509 3.7328094302554 -1412.15458095581
0.496 5.64516129032258 -1406.50941966548
0.52 5.76923076923077 -1400.74018889625
0.537 3.1657355679702 -1397.57445332828
0.522 3.83141762452107 -1393.74303570376
0.534 -7.86516853932584 -1401.60820424309
0.477 1.46750524109015 -1400.140699002
0.514 -1.16731517509728 -1401.30801417709
0.509 5.69744597249509 -1395.6105682046
0.537 8.37988826815642 -1387.23067993644
0.51 5.49019607843137 -1381.74048385801
0.453 3.75275938189845 -1377.98772447611
0.505 2.97029702970297 -1375.01742744641
0.526 9.50570342205323 -1365.51172402436
0.478 3.34728033472803 -1362.16444368963
0.499 -2.20440881763527 -1364.36885250726
0.506 6.32411067193676 -1358.04474183533
0.533 6.94183864915572 -1351.10290318617
0.521 -0.191938579654511 -1351.29484176583
0.512 7.8125 -1343.48234176583
0.525 10.0952380952381 -1333.38710367059
0.515 0.194174757281553 -1333.19292891331
0.507 3.74753451676529 -1329.44539439654
0.559 5.18783542039356 -1324.25755897615
0.527 17.6470588235294 -1306.61050015262
0.533 10.3189493433396 -1296.29155080928
0.501 4.19161676646707 -1292.09993404281
0.502 7.56972111553785 -1284.53021292727
0.502 5.97609561752988 -1278.55411730974
0.511 8.80626223091977 -1269.74785507882
0.52 6.92307692307692 -1262.82477815575
0.463 1.9438444924406 -1260.88093366331
0.531 6.96798493408663 -1253.91294872922
0.54 0.740740740740741 -1253.17220798848
0.512 5.859375 -1247.31283298848
0.539 1.2987012987013 -1246.01413168978
0.522 4.59770114942529 -1241.41643054035
0.509 4.12573673870334 -1237.29069380165
0.529 3.21361058601134 -1234.07708321564
0.488 8.19672131147541 -1225.88036190416
0.512 -0.78125 -1226.66161190416
0.53 10.188679245283 -1216.47293265888
0.5 7.6 -1208.87293265888
0.527 -1.32827324478178 -1210.20120590366
0.512 3.125 -1207.07620590366
0.508 11.0236220472441 -1196.05258385642
0.467 9.20770877944326 -1186.84487507697
0.508 -10.2362204724409 -1197.08109554941
0.537 -2.79329608938547 -1199.8743916388
0.502 4.38247011952191 -1195.49192151928
0.523 -7.07456978967495 -1202.56649130895
0.536 5.22388059701493 -1197.34261071194
0.539 -1.66975881261596 -1199.01236952455
0.508 -4.33070866141732 -1203.34307818597
0.51 -4.70588235294118 -1208.04896053891
0.477 0.209643605870021 -1207.83931693304
0.547 1.64533820840951 -1206.19397872463
0.455 9.89010989010989 -1196.30386883452
0.501 0.199600798403194 -1196.10426803612
0.531 4.70809792843691 -1191.39617010768
0.507 6.11439842209073 -1185.28177168559
0.504 8.33333333333333 -1176.94843835226
0.512 5.46875 -1171.47968835226
0.514 3.11284046692607 -1168.36684788533
0.507 -0.591715976331361 -1168.95856386166
0.502 -4.7808764940239 -1173.73944035569
0.525 5.52380952380952 -1168.21563083188
0.508 3.93700787401575 -1164.27862295786
0.528 0.378787878787879 -1163.89983507908
0.53 9.05660377358491 -1154.84323130549
0.5 4 -1150.84323130549
0.543 10.1289134438306 -1140.71431786166
0.509 5.69744597249509 -1135.01687188916
0.553 1.98915009041591 -1133.02772179875
0.47 -5.1063829787234 -1138.13410477747
0.538 4.08921933085502 -1134.04488544662
0.542 8.85608856088561 -1125.18879688573
0.51 4.31372549019608 -1120.87507139554
0.529 3.21361058601134 -1117.66146080952
0.512 -3.90625 -1121.56771080952
0.484 5.37190082644628 -1116.19580998308
0.528 8.33333333333333 -1107.86247664974
0.514 8.94941634241245 -1098.91306030733
0.519 10.597302504817 -1088.31575780252
0.503 4.97017892644135 -1083.34557887607
0.524 -0.763358778625954 -1084.1089376547
0.508 0.78740157480315 -1083.3215360799
0.508 11.8110236220472 -1071.51051245785
0.531 3.95480225988701 -1067.55571019796
0.514 0.389105058365759 -1067.1666051396
0.489 10.0204498977505 -1057.14615524185
0.534 0.749063670411985 -1056.39709157143
0.522 -4.21455938697318 -1060.61165095841
0.524 -1.52671755725191 -1062.13836851566
0.495 6.66666666666667 -1055.47170184899
0.499 5.81162324649299 -1049.6600786025
0.511 8.41487279843444 -1041.24520580407
0.526 7.98479087452472 -1033.26041492954
0.535 1.68224299065421 -1031.57817193889
0.527 2.08728652751423 -1029.49088541137
0.55 13.0909090909091 -1016.39997632046
0.517 15.6673114119923 -1000.73266490847
0.558 0.3584229390681 -1000.3742419694
0.525 -2.85714285714286 -1003.23138482655
0.515 0.194174757281553 -1003.03721006926
0.496 10.4838709677419 -992.553339101522
0.494 7.69230769230769 -984.861031409214
0.496 11.6935483870968 -973.167483022117
0.507 8.87573964497041 -964.291743377147
0.526 9.50570342205323 -954.786039955094
0.534 10.1123595505618 -944.673680404532
0.512 7.03125 -937.642430404532
0.459 7.18954248366013 -930.452887920872
0.517 7.54352030947776 -922.909367611394
0.51 -2.35294117647059 -925.262308787865
0.508 0.393700787401575 -924.868608000463
0.523 9.36902485659656 -915.499583143867
0.499 5.41082164328657 -910.08876150058
0.523 12.0458891013384 -898.042872399242
0.525 3.23809523809524 -894.804777161146
0.523 5.92734225621415 -888.877434904932
0.509 1.76817288801572 -887.109262016917
0.52 8.84615384615385 -878.263108170763
0.489 12.4744376278119 -865.788670542951
0.515 1.74757281553398 -864.041097727417
0.539 -2.78293135435993 -866.824029081777
0.501 -3.79241516966068 -870.616444251437
0.526 9.1254752851711 -861.490968966266
0.517 8.70406189555126 -852.786907070715
0.502 2.39043824701195 -850.396468823703
0.481 7.69230769230769 -842.704161131395
0.531 -0.188323917137476 -842.892485048533
0.495 6.66666666666667 -836.225818381866
0.507 8.08678500986193 -828.139033372004
0.519 5.58766859344894 -822.551364778555
0.534 8.61423220973783 -813.937132568818
0.539 6.12244897959184 -807.814683589226
0.533 8.06754221388368 -799.747141375342
0.531 5.08474576271186 -794.66239561263
0.526 9.1254752851711 -785.536920327459
0.517 4.44874274661509 -781.088177580844
0.534 7.49063670411985 -773.597540876724
0.54 9.25925925925926 -764.338281617465
0.493 5.88235294117647 -758.455928676288
0.527 10.8159392789374 -747.639989397351
0.529 5.10396975425331 -742.536019643098
0.506 5.92885375494071 -736.607165888157
0.531 9.22787193973635 -727.379293948421
0.52 12.6923076923077 -714.686986256113
0.545 4.95412844036697 -709.732857815746
0.515 -2.13592233009709 -711.868780145843
0.517 8.31721470019342 -703.55156544565
0.551 7.07803992740472 -696.473525518245
0.53 10.188679245283 -686.284846272962
0.525 10.8571428571429 -675.427703415819
0.531 7.72128060263653 -667.706422813183
0.505 4.55445544554455 -663.151967367638
0.566 8.8339222614841 -654.318045106154
0.514 7.78210116731517 -646.535943938839
0.462 3.46320346320346 -643.072740475635
0.549 2.73224043715847 -640.340500038477
0.541 2.77264325323475 -637.567856785242
0.531 4.33145009416196 -633.23640669108
0.558 1.0752688172043 -632.161137873876
0.547 8.59232175502742 -623.568816118848
0.576 -1.38888888888889 -624.957705007737
0.555 -3.78378378378378 -628.741488791521
0.508 5.51181102362205 -623.229677767899
0.498 12.85140562249 -610.378272145409
0.507 11.2426035502959 -599.135668595113
0.507 15.5818540433925 -583.553814551721
0.547 6.76416819012797 -576.789646361593
0.508 3.1496062992126 -573.64004006238
0.491 7.53564154786151 -566.104398514519
0.517 11.7988394584139 -554.305559056105
0.545 2.01834862385321 -552.287210432251
0.536 14.1791044776119 -538.10810595464
0.533 8.81801125703565 -529.290094697604
0.523 1.33843212237094 -527.951662575233
0.553 6.32911392405063 -521.622548651182
0.516 4.65116279069767 -516.971385860485
0.542 -7.01107011070111 -523.982455971186
0.517 10.2514506769826 -513.731005294203
0.503 7.3558648111332 -506.37514048307
0.534 4.8689138576779 -501.506226625392
0.532 -1.8796992481203 -503.385925873512
0.533 9.9437148217636 -493.442211051749
0.52 0.384615384615385 -493.057595667133
0.523 13.1931166347992 -479.864479032334
0.516 1.93798449612403 -477.92649453621
0.559 5.54561717352415 -472.380877362686
0.553 -3.43580470162749 -475.816682064313
0.51 0.784313725490196 -475.032368338823
0.483 3.93374741200828 -471.098620926815
0.508 -3.93700787401575 -475.035628800831
0.553 -0.904159132007233 -475.939787932838
0.512 3.515625 -472.424162932838
0.515 10.2912621359223 -462.132900796916
0.527 8.15939278937381 -453.973508007542
0.57 5.6140350877193 -448.359472919822
0.52 7.30769230769231 -441.05178061213
0.554 6.85920577617328 -434.192574835957
0.521 2.49520153550864 -431.697373300448
0.538 2.60223048327138 -429.095142817177
0.522 -3.83141762452107 -432.926560441698
0.544 -9.55882352941176 -442.48538397111
0.483 6.83229813664596 -435.653085834464
0.541 4.99075785582255 -430.662327978641
0.521 0.575815738963532 -430.086512239678
0.536 2.61194029850746 -427.47457194117
0.551 2.72232304900181 -424.752248892168
0.546 9.89010989010989 -414.862139002058
0.548 14.963503649635 -399.898635352423
0.559 8.76565295169946 -391.132982400724
0.526 -1.52091254752852 -392.653894948253
0.517 0.967117988394584 -391.686776959858
0.544 3.67647058823529 -388.010306371623
0.527 0.569259962049336 -387.441046409573
0.529 -0.56710775047259 -388.008154160046
0.551 1.63339382940109 -386.374760330645
0.556 0.359712230215827 -386.015048100429
0.508 9.84251968503937 -376.17252841539
0.538 13.0111524163569 -363.161375999033
0.536 6.34328358208955 -356.818092416943
0.542 15.1291512915129 -341.68894112543
0.552 5.07246376811594 -336.616477357314
0.545 4.22018348623853 -332.396293871076
0.496 8.87096774193548 -323.52532612914
0.514 -2.33463035019455 -325.859956479335
0.511 -6.45792563600783 -332.317882115343
0.513 4.48343079922027 -327.834451316122
0.547 6.76416819012797 -321.070283125994
0.531 -5.46139359698682 -326.531676722981
0.509 4.91159135559921 -321.620085367382
0.483 6.00414078674948 -315.615944580633
0.528 6.06060606060606 -309.555338520026
0.517 6.76982591876209 -302.785512601264
0.521 7.86948176583493 -294.916030835429
0.534 12.7340823970037 -282.181948438426
0.487 8.41889117043121 -273.763057267994
0.491 8.35030549898167 -265.412751769013
0.479 -2.71398747390397 -268.126739242917
0.514 1.94552529182879 -266.181213951088
0.526 -1.90114068441065 -268.082354635499
0.508 -4.33070866141732 -272.413063296916
0.494 2.83400809716599 -269.57905519975
0.507 3.35305719921105 -266.225998000539
0.518 5.40540540540541 -260.820592595134
0.537 -0.931098696461825 -261.751691291595
0.495 7.47474747474747 -254.276943816848
0.485 -2.68041237113402 -256.957356187982
0.5 2.8 -254.157356187982
0.497 6.2374245472837 -247.919931640698
0.541 3.88170055452865 -244.03823108617
0.506 4.74308300395257 -239.295148082217
0.535 4.67289719626168 -234.622250885955
0.516 -5.42635658914729 -240.048607475103
0.516 -7.75193798449612 -247.800545459599
0.559 -3.04114490161002 -250.841690361209
0.6 1.33333333333333 -249.508357027875
0.524 -3.43511450381679 -252.943471531692
0.516 -9.30232558139535 -262.245797113088
0.501 8.58283433133733 -253.66296278175
0.529 2.45746691871456 -251.205495863036
0.501 2.9940119760479 -248.211483886988
0.555 -1.98198198198198 -250.19346586897
0.503 -2.5844930417495 -252.777958910719
0.533 -0.187617260787992 -252.965576171507
0.552 0.72463768115942 -252.240938490348
0.531 -6.96798493408663 -259.208923424434
0.547 -3.47349177330896 -262.682415197743
0.538 4.83271375464684 -257.849701443097
0.508 3.93700787401575 -253.912693569081
0.506 9.88142292490119 -244.03127064418
0.481 7.69230769230769 -236.338962951872
0.518 3.08880308880309 -233.250159863069
0.527 3.60531309297913 -229.64484677009
0.537 0.186219739292365 -229.458627030797
0.52 3.46153846153846 -225.997088569259
0.559 5.18783542039356 -220.809253148865
0.535 -2.05607476635514 -222.86532791522
0.523 -2.48565965583174 -225.350987571052
0.544 2.94117647058824 -222.409811100464
0.514 2.72373540856031 -219.686075691904
0.503 5.36779324055666 -214.318282451347
0.507 6.11439842209073 -208.203884029256
0.487 1.43737166324435 -206.766512366012
0.509 3.33988212180747 -203.426630244204
0.485 11.340206185567 -192.086424058637
0.511 6.0665362035225 -186.019887855115
0.539 7.60667903525046 -178.413208819864
0.532 7.5187969924812 -170.894411827383
0.528 7.95454545454545 -162.939866372838
0.498 -4.81927710843374 -167.759143481272
0.494 0.404858299595142 -167.354285181676
0.491 0.203665987780041 -167.150619193896
0.524 4.19847328244275 -162.952145911454
0.486 8.23045267489712 -154.721693236556
0.505 -4.95049504950495 -159.672188286061
0.539 8.34879406307978 -151.323394222982
0.557 5.56552962298025 -145.757864600001
0.511 5.28375733855186 -140.47410726145
0.503 0.198807157057654 -140.275300104392
0.492 -4.47154471544715 -144.746844819839
0.51 0 -144.746844819839
0.553 4.15913200723327 -140.587712812606
0.514 5.44747081712062 -135.140241995485
0.52 8.84615384615385 -126.294088149331
0.5 8 -118.294088149331
0.5 6.4 -111.894088149331
0.516 5.03875968992248 -106.855328459409
0.513 2.53411306042885 -104.32121539898
0.515 7.57281553398058 -96.7483998649994
0.548 3.28467153284672 -93.4637283321527
0.508 5.51181102362205 -87.9519173085306
0.484 6.61157024793388 -81.3403470605968
0.514 6.6147859922179 -74.7255610683789
0.52 14.2307692307692 -60.4947918376096
0.485 14.639175257732 -45.8556165798777
0.509 -0.196463654223969 -46.0520802341016
0.497 0.603621730382294 -45.4484585037193
0.525 1.71428571428571 -43.7341727894336
0.521 4.79846449136276 -38.9357082980709
0.5 0 -38.9357082980709
0.534 -2.62172284644195 -41.5574311445128
0.51 -3.52941176470588 -45.0868429092187
0.515 0.194174757281553 -44.8926681519371
0.504 0.793650793650794 -44.0990173582864
0.509 4.51866404715128 -39.5803533111351
0.496 -1.61290322580645 -41.1932565369415
0.508 -3.93700787401575 -45.1302644109573
0.537 1.67597765363128 -43.454286757326
0.507 2.9585798816568 -40.4957068756692
0.514 12.84046692607 -27.6552399495991
0.534 8.61423220973783 -19.0410077398613
0.521 5.56621880998081 -13.4747889298805
0.506 5.92885375494071 -7.5459351749398
0.476 9.2436974789916 1.6977623040518
0.507 4.14201183431953 5.83977413837132
0.516 2.32558139534884 8.16535553372016
0.512 5.078125 13.2434805337202
0.491 1.42566191446029 14.6691424481804
0.512 12.890625 27.5597674481804
0.536 -3.35820895522388 24.2015584929566
0.501 7.78443113772455 31.9859896306811
0.504 1.19047619047619 33.1764658211573
0.505 7.72277227722772 40.899238098385
0.485 7.62886597938144 48.5281040777665
0.508 4.7244094488189 53.2525135265854
0.528 9.84848484848485 63.1009983750702
0.533 11.0694183864916 74.1704167615618
0.537 -5.77281191806332 68.3976048434985
0.521 7.10172744721689 75.4993322907153
0.533 -5.0656660412758 70.4336662494396
0.468 1.28205128205128 71.7157175314908
0.522 4.21455938697318 75.930276918464
0.455 8.57142857142857 84.5017054898926
0.471 3.60934182590234 88.1110473157949
0.488 9.01639344262295 97.1274407584179
0.512 9.375 106.502440758418
0.514 12.0622568093385 118.564697567756
0.524 9.9236641221374 128.488361689894
0.514 3.11284046692607 131.60120215682
0.505 12.8712871287129 144.472489285533
0.492 0.813008130081301 145.285497415614
0.513 -3.31384015594542 141.971657259669
0.496 -0.806451612903226 141.165205646765
0.529 5.86011342155009 147.025319068315
0.506 5.53359683794466 152.55891590626
0.513 1.75438596491228 154.313301871172
0.535 -3.92523364485981 150.388068226313
0.509 -0.589390962671906 149.798677263641
0.529 7.37240075614367 157.171078019784
0.531 8.09792843691149 165.269006456696
0.516 7.75193798449612 173.020944441192
0.524 8.77862595419847 181.79957039539
0.502 2.39043824701195 184.190008642402
0.529 8.12854442344045 192.318553065843
0.513 6.4327485380117 198.751301603855
0.499 9.4188376753507 208.170139279205
0.517 12.1856866537718 220.355825932977
0.538 3.71747211895911 224.073298051936
0.494 7.28744939271255 231.360747444649
0.504 -2.77777777777778 228.582969666871
0.527 10.8159392789374 239.398908945808
0.504 18.2539682539683 257.652877199777
0.519 4.81695568400771 262.469832883784
0.517 9.09090909090909 271.560741974693
0.514 5.05836575875486 276.619107733448
0.531 9.6045197740113 286.22362750746
0.51 1.56862745098039 287.79225495844
0.505 11.6831683168317 299.475423275272
0.506 12.2529644268775 311.728387702149
0.46 10 321.728387702149
0.509 17.0923379174853 338.820725619634
0.5 8.4 347.220725619634
0.538 6.31970260223048 353.540428221865
0.51 3.52941176470588 357.069839986571
0.516 7.75193798449612 364.821777971067
0.487 9.65092402464066 374.472701995707
0.496 -4.83870967741935 369.633992318288
0.494 6.07287449392713 375.706866812215
0.501 10.1796407185629 385.886507530778
0.51 6.66666666666667 392.553174197445
0.518 2.31660231660232 394.869776514047
0.512 3.515625 398.385401514047
0.518 3.47490347490348 401.860304988951
0.507 3.35305719921105 405.213362188162
0.515 1.35922330097087 406.572585489133
0.546 2.93040293040293 409.502988419535
0.554 15.5234657039711 425.026454123507
0.504 7.14285714285714 432.169311266364
0.503 8.15109343936382 440.320404705728
0.515 3.30097087378641 443.621375579514
0.491 2.64765784114053 446.269033420654
0.494 1.61943319838057 447.888466619035
0.503 1.78926441351889 449.677731032554
0.499 12.625250501002 462.302981533556
0.503 5.76540755467197 468.068389088228
0.502 1.19521912350598 469.263608211734
0.491 -12.4236252545825 456.839982957151
0.491 -2.24032586558045 454.599657091571
0.523 -6.69216061185468 447.907496479716
0.536 5.97014925373134 453.877645733448
0.498 2.40963855421687 456.287284287664
0.506 9.88142292490119 466.168707212566
0.514 10.1167315175097 476.285438730075
0.548 1.09489051094891 477.380329241024
0.519 8.67052023121387 486.050849472238
0.494089834515366 3.82775119617225 489.87860066841
