gc_content gc_skew gc_culm
0.53 12.4528301886792 12.4528301886792
0.476 18.9075630252101 31.3603932138893
0.467 14.3468950749465 45.7072882888358
0.423 5.43735224586288 51.1446405346987
0.485 9.27835051546392 60.4229910501626
0.461 11.9305856832972 72.3535767334598
0.432 12.5 84.8535767334598
0.444 4.95495495495495 89.8085316884147
0.451 -9.97782705099778 79.8307046374169
0.475 3.15789473684211 82.9885993742591
0.424 8.0188679245283 91.0074672987874
0.462 15.1515151515152 106.158982450303
0.401 3.24189526184539 109.400877712148
0.372 1.0752688172043 110.476146529352
0.436 0.917431192660551 111.393577722013
0.445 1.57303370786517 112.966611429878
0.45 -6.22222222222222 106.744389207656
0.46 11.304347826087 118.048737033743
0.434 7.83410138248848 125.882838416231
0.424 1.88679245283019 127.769630869061
0.404 24.7524752475248 152.522106116586
0.422 15.1658767772512 167.687982893837
0.479 18.1628392484342 185.850822142271
0.459 8.93246187363834 194.78328401591
0.442 4.07239819004525 198.855682205955
0.416 2.40384615384615 201.259528359801
0.427 -4.44964871194379 196.809879647857
0.481 9.35550935550935 206.165389003367
0.466 10.3004291845494 216.465818187916
0.471 17.1974522292994 233.663270417216
0.463 16.1987041036717 249.861974520887
0.439 10.7061503416856 260.568124862573
0.431 7.65661252900232 268.224737391575
0.454 6.6079295154185 274.832666906994
0.426 10.3286384976526 285.161305404646
0.443 2.48306997742664 287.644375382073
0.448 12.9464285714286 300.590803953502
0.449 7.79510022271715 308.385904176219
0.474 6.32911392405063 314.715018100269
0.455 11.2087912087912 325.92380930906
0.46 13.4782608695652 339.402070178626
0.472 -2.96610169491525 336.43596848371
0.485 4.74226804123711 341.178236524948
0.476 11.7647058823529 352.942942407301
0.44 7.27272727272727 360.215669680028
0.462 10.8225108225108 371.038180502539
0.475 8.21052631578947 379.248706818328
0.496 12.5 391.748706818328
0.439 12.5284738041002 404.277180622428
0.413 18.1598062953995 422.436986917828
0.444 8.10810810810811 430.545095025936
0.464 6.89655172413793 437.441646750074
0.496 8.46774193548387 445.909388685558
0.462 15.1515151515152 461.060903837073
0.476 13.4453781512605 474.506281988333
0.624 5.76923076923077 480.275512757564
0.648 6.79012345679012 487.065636214354
0.694 -7.49279538904899 479.572840825305
0.433 19.6304849884527 499.203325813758
0.465 4.94623655913978 504.149562372898
0.496 8.06451612903226 512.21407850193
0.474 5.90717299578059 518.121251497711
0.505 3.36633663366337 521.487588131374
0.425 5.41176470588235 526.899352837256
0.463 11.4470842332613 538.346437070518
0.495 3.03030303030303 541.376740100821
0.464 1.72413793103448 543.100878031855
0.421 2.13776722090261 545.238645252758
0.476 15.1260504201681 560.364695672926
0.515 7.18446601941748 567.549161692343
0.478 15.8995815899582 583.448743282302
0.444 12.1621621621622 595.610905444464
0.465 0.21505376344086 595.825959207904
0.48 16.6666666666667 612.492625874571
0.505 7.72277227722772 620.215398151799
0.491 7.94297352342159 628.15837167522
0.479 3.96659707724426 632.124968752465
0.482 12.448132780083 644.573101532548
0.483 9.3167701863354 653.889871718883
0.48 10.8333333333333 664.723205052216
0.48 9.16666666666667 673.889871718883
0.438 13.6986301369863 687.588501855869
0.503 10.5367793240557 698.125281179925
0.471 4.88322717622081 703.008508356146
0.457 7.22100656455142 710.229514920697
0.458 17.0305676855895 727.260082606287
0.543 -13.8121546961326 713.447927910154
0.482 4.5643153526971 718.012243262851
0.484 9.09090909090909 727.10315235376
0.48 14.1666666666667 741.269819020427
0.474 7.17299578059072 748.442814801018
0.457 9.40919037199125 757.852005173009
0.466 3.86266094420601 761.714666117215
0.464 7.75862068965517 769.47328680687
0.493 5.0709939148073 774.544280721678
0.517 6.38297872340426 780.927259445082
0.472 0 780.927259445082
0.47 9.78723404255319 790.714493487635
0.489 7.56646216768916 798.280955655324
0.491 16.0896130346232 814.370568689947
0.476 5.46218487394958 819.832753563897
0.46 9.56521739130435 829.397970955201
0.508 8.26771653543307 837.665687490634
0.47 6.38297872340426 844.048666214039
0.512 6.25 850.298666214039
0.482 11.6182572614108 861.916923475449
0.44 -4.09090909090909 857.82601438454
0.445 13.7078651685393 871.53387955308
0.438 1.82648401826484 873.360363571344
0.504 7.93650793650794 881.296871507852
0.473 10.7822410147992 892.079112522652
0.442 9.50226244343891 901.58137496609
0.462 13.8528138528139 915.434188818904
0.472 4.23728813559322 919.671476954498
0.473 1.47991543340381 921.151392387901
0.485 -5.15463917525773 915.996753212644
0.437 1.1441647597254 917.140917972369
0.432 10.1851851851852 927.326103157554
0.531 7.72128060263653 935.047383760191
0.503 10.1391650099404 945.186548770131
0.514 5.05836575875486 950.244914528886
0.526 17.4904942965779 967.735408825464
0.48 2.08333333333333 969.818742158797
0.515 4.85436893203883 974.673111090836
0.497 1.40845070422535 976.081561795061
0.509 -11.1984282907662 964.883133504295
0.47 0.425531914893617 965.308665419189
0.495 5.45454545454545 970.763210873734
0.503 12.9224652087475 983.685676082482
0.515 6.40776699029126 990.093443072773
0.451 13.5254988913525 1003.61894196413
0.512 0.390625 1004.00956696413
0.548 6.93430656934307 1010.94387353347
0.484 9.09090909090909 1020.03478262438
0.467 6.20985010706638 1026.24463273144
0.468 4.27350427350427 1030.51813700495
0.503 2.5844930417495 1033.1026300467
0.501 5.78842315369261 1038.89105320039
0.528 8.71212121212121 1047.60317441251
0.483 12.6293995859213 1060.23257399843
0.526 8.36501901140684 1068.59759300984
0.469 12.5799573560768 1081.17755036592
0.499 -3.0060120240481 1078.17153834187
0.496 3.2258064516129 1081.39734479348
0.471 -7.00636942675159 1074.39097536673
0.443 -5.19187358916479 1069.19910177757
0.511 -1.36986301369863 1067.82923876387
0.484 -0.826446280991736 1067.00279248287
0.492 12.6016260162602 1079.60441849913
0.453 4.63576158940397 1084.24018008854
0.438 6.84931506849315 1091.08949515703
0.461 -7.15835140997831 1083.93114374705
0.455 1.0989010989011 1085.03004484595
0.461 4.98915401301518 1090.01919885897
0.471 6.15711252653928 1096.17631138551
0.427 5.85480093676815 1102.03111232228
0.457 5.0328227571116 1107.06393507939
0.45 5.77777777777778 1112.84171285717
0.443 -4.28893905191874 1108.55277380525
0.422 0.947867298578199 1109.50064110383
0.424 -3.30188679245283 1106.19875431137
0.438 10.958904109589 1117.15765842096
0.476 8.40336134453782 1125.5610197655
0.432 -1.38888888888889 1124.17213087661
0.435 -2.52873563218391 1121.64339524443
0.45 -4 1117.64339524443
0.435 -6.20689655172414 1111.4364986927
0.434 -6.91244239631336 1104.52405629639
0.47 -3.82978723404255 1100.69426906235
0.491 5.90631364562118 1106.60058270797
0.51 -7.05882352941176 1099.54175917856
0.607 -3.78912685337727 1095.75263232518
0.566 0 1095.75263232518
0.569 8.96309314586995 1104.71572547105
0.565 4.42477876106195 1109.14050423211
0.553 5.24412296564195 1114.38462719775
0.477 -2.30607966457023 1112.07854753318
0.467 3.21199143468951 1115.29053896787
0.452 11.9469026548673 1127.23744162274
0.455 21.3186813186813 1148.55612294142
0.427 5.3864168618267 1153.94253980325
0.432 1.38888888888889 1155.33142869214
0.5 -4.4 1150.93142869214
0.504 3.96825396825397 1154.89968266039
0.476 9.66386554621849 1164.56354820661
0.527 9.29791271347249 1173.86146092008
0.495 11.1111111111111 1184.97257203119
0.453 6.84326710816777 1191.81583913936
0.505 -5.74257425742574 1186.07326488194
0.518 -0.772200772200772 1185.30106410973
0.462 14.7186147186147 1200.01967882835
0.466 1.28755364806867 1201.30723247642
0.464 0.431034482758621 1201.73826695918
0.521 -14.0115163147793 1187.7267506444
0.488 -5.73770491803279 1181.98904572636
0.476 4.6218487394958 1186.61089446586
0.529 12.6654064272212 1199.27630089308
0.53 3.0188679245283 1202.29516881761
0.524 5.34351145038168 1207.63868026799
0.51 -2.74509803921569 1204.89358222878
0.453 -9.49227373068433 1195.40130849809
0.465 -2.36559139784946 1193.03571710024
0.51 -10.9803921568627 1182.05532494338
0.429 1.16550116550117 1183.22082610888
0.417 4.07673860911271 1187.29756471799
0.464 -3.44827586206897 1183.84928885592
0.509 -7.26915520628684 1176.58013364964
0.478 0.418410041841004 1176.99854369148
0.46 -6.95652173913043 1170.04202195235
0.481 -8.10810810810811 1161.93391384424
0.425 1.64705882352941 1163.58097266777
0.45 -0.444444444444444 1163.13652822332
0.471 6.15711252653928 1169.29364074986
0.423 -21.0401891252955 1148.25345162457
0.454 -8.37004405286344 1139.8834075717
0.432 -0.462962962962963 1139.42044460874
0.465 -2.36559139784946 1137.05485321089
0.482 -5.80912863070539 1131.24572458019
0.467 -3.21199143468951 1128.0337331455
0.431 -6.72853828306264 1121.30519486243
0.474 0.421940928270042 1121.7271357907
0.41 -1.46341463414634 1120.26372115656
0.52 -6.15384615384615 1114.10987500271
0.476 -5.04201680672269 1109.06785819599
0.48 -7.91666666666667 1101.15119152932
0.474 -0.843881856540084 1100.30730967278
0.422 -5.21327014218009 1095.0940395306
0.404 -14.3564356435644 1080.73760388704
0.385 -12.2077922077922 1068.52981167925
0.41 -11.219512195122 1057.31029948412
0.433 -7.62124711316397 1049.68905237096
0.431 -8.12064965197216 1041.56840271899
0.446 -4.48430493273543 1037.08409778625
0.427 -1.17096018735363 1035.9131375989
0.435 -11.7241379310345 1024.18899966786
0.417 -8.87290167865707 1015.31609798921
0.406 -17.2413793103448 998.074718678863
0.417 -4.55635491606715 993.518363762796
0.44 -6.81818181818182 986.700181944614
0.412 -5.8252427184466 980.874939226167
0.453 -6.84326710816777 974.031672117999
0.439 -10.250569476082 963.781102641917
0.545 -8.62385321100918 955.157249430908
0.405 -2.71604938271605 952.441200048192
0.434 -12.4423963133641 939.998803734828
0.467 -15.203426124197 924.795377610631
0.412 -12.1359223300971 912.659455280534
0.383 -2.34986945169713 910.309585828837
0.434 -12.9032258064516 897.406360022385
0.446 -1.79372197309417 895.612638049291
0.488 -3.27868852459016 892.333949524701
0.481 -2.28690228690229 890.047047237799
0.482 -4.9792531120332 885.067794125765
0.468 5.12820512820513 890.195999253971
0.489 -11.2474437627812 878.948555491189
0.443 -12.8668171557562 866.081738335433
0.464 -9.48275862068965 856.598979714743
0.481 -8.10810810810811 848.490871606635
0.481 -17.6715176715177 830.819353935118
0.487 -9.24024640657084 821.579107528547
0.486 -11.1111111111111 810.467996417436
0.419 -16.4677804295943 794.000215987841
0.467 -6.20985010706638 787.790365880775
0.421 -12.5890736342043 775.201292246571
0.491 -14.0529531568228 761.148339089748
0.487 -7.59753593429158 753.550803155456
0.467 -4.49678800856531 749.054015146891
0.482 -12.8630705394191 736.190944607472
0.459 -6.31808278867102 729.872861818801
0.495 -3.43434343434343 726.438518384458
0.485 -3.91752577319588 722.520992611262
0.502 -7.56972111553785 714.951271495724
0.437 -15.3318077803204 699.619463715404
0.464 -3.44827586206897 696.171187853335
0.486 -5.76131687242798 690.409870980907
0.458 -13.9737991266376 676.436071854269
0.502 0.398406374501992 676.834478228771
0.469 -9.59488272921109 667.23959549956
0.482 -8.71369294605809 658.525902553502
0.455 1.53846153846154 660.064364091963
0.374 -0.53475935828877 659.529604733675
0.423 -12.5295508274232 647.000053906251
0.461 -11.9305856832972 635.069468222954
0.457 -8.09628008752735 626.973188135427
0.446 -3.1390134529148 623.834174682512
0.471 -1.91082802547771 621.923346657034
0.462 -2.5974025974026 619.325944059632
0.472 -5.08474576271186 614.24119829692
0.407 -24.3243243243243 589.916873972596
0.435 -13.5632183908046 576.353655581791
0.432 -16.6666666666667 559.686988915124
0.438 -4.5662100456621 555.120778869462
0.485 -18.3505154639175 536.770263405545
0.432 -10.1851851851852 526.585078220359
0.488 -10.2459016393443 516.339176581015
0.517 -9.47775628626692 506.861420294748
0.443 -16.0270880361174 490.834332258631
0.498 -12.0481927710843 478.786139487547
0.481 -7.69230769230769 471.093831795239
0.451 -16.629711751663 454.464120043576
0.434 -18.4331797235023 436.030940320074
0.417 -9.83213429256595 426.198806027508
0.446 -1.79372197309417 424.405084054414
0.58 -7.24137931034483 417.163704744069
0.6 -5 412.163704744069
0.537 -2.04841713221601 410.115287611853
0.466 -14.5922746781116 395.523012933741
0.426 -7.981220657277 387.541792276464
0.482 -19.5020746887967 368.039717587667
0.561 27.2727272727273 395.312444860395
0.523 -1.33843212237094 393.974012738024
0.494 -4.8582995951417 389.115713142882
0.488 -0.819672131147541 388.296041011734
0.464 -3.87931034482759 384.416730666907
0.481 -3.11850311850312 381.298227548404
0.464 -8.62068965517241 372.677537893231
0.528 1.89393939393939 374.571477287171
0.463 1.9438444924406 376.515321779611
0.433 -12.2401847575058 364.275137022106
0.462 -7.79220779220779 356.482929229898
0.518 -7.33590733590734 349.14702189399
0.534 0.374531835205993 349.521553729196
0.481 1.87110187110187 351.392655600298
0.525 -5.14285714285714 346.249798457441
0.507 -7.29783037475345 338.951968082688
0.498 -11.2449799196787 327.706988163009
0.501 2.19560878243513 329.902596945444
0.472 0.423728813559322 330.326325759003
0.457 1.09409190371991 331.420417662723
0.461 0.216919739696312 331.63733740242
0.438 -2.73972602739726 328.897611375022
0.437 -7.55148741418764 321.346123960835
0.405 -8.14814814814815 313.197975812687
0.469 -12.5799573560768 300.61801845661
0.464 -3.87931034482759 296.738708111782
0.443 -1.58013544018059 295.158572671602
0.492 -4.0650406504065 291.093532021195
0.457 -5.90809628008753 285.185435741108
0.469 -6.18336886993603 279.002066871172
0.42 -14.2857142857143 264.716352585457
0.456 3.07017543859649 267.786528024054
0.448 -4.46428571428571 263.322242309768
0.446 -7.17488789237668 256.147354417391
0.457 -13.3479212253829 242.799433192009
0.428 -3.73831775700935 239.061115434999
0.444 -0.900900900900901 238.160214534098
0.498 -6.42570281124498 231.734511722853
0.436 2.29357798165138 234.028089704505
0.454 -4.40528634361233 229.622803360892
0.46 -7.82608695652174 221.796716404371
0.465 -2.36559139784946 219.431125006521
0.413 -11.3801452784504 208.050979728071
0.45 -6.22222222222222 201.828757505849
0.475 -2.31578947368421 199.512968032164
0.458 -3.93013100436681 195.582837027798
0.477 -0.209643605870021 195.373193421928
0.469 -4.47761194029851 190.895581481629
0.492 -4.0650406504065 186.830540831222
0.475 0.631578947368421 187.462119778591
0.481 -0.207900207900208 187.254219570691
0.493 3.04259634888438 190.296815919575
0.434 -11.9815668202765 178.315249099299
0.494 -2.02429149797571 176.290957601323
0.487 -3.08008213552361 173.210875465799
0.496 -0.403225806451613 172.807649659348
0.447 -6.48769574944072 166.319953909907
0.544 -8.08823529411765 158.231718615789
0.529 -5.10396975425331 153.127748861536
0.535 -4.29906542056075 148.828683440975
0.464 -1.29310344827586 147.535579992699
0.448 -1.78571428571429 145.749865706985
0.464 -10.3448275862069 135.405038120778
0.467 -15.203426124197 120.201611996581
0.46 -10.4347826086957 109.766829387886
0.473 -6.97674418604651 102.790085201839
0.431 -8.12064965197216 94.6694355498669
0.469 -5.75692963752665 88.9125059123402
0.45 -15.5555555555556 73.3569503567847
0.468 -3.41880341880342 69.9381469379812
0.472 -8.47457627118644 61.4635706667948
0.45 -7.11111111111111 54.3524595556837
0.465 -17.8494623655914 36.5029971900923
0.504 -10.3174603174603 26.185536872632
0.451 -13.9689578713969 12.2165790012351
0.439 -15.2619589977221 -3.04537999648701
0.458 -12.6637554585153 -15.7091354550023
0.502 -2.78884462151394 -18.4979800765162
0.476 -8.82352941176471 -27.3215094882809
0.426 -4.22535211267606 -31.546861600957
0.483 -6.83229813664596 -38.379159737603
0.491 -11.6089613034623 -49.9881210410653
0.457 -5.0328227571116 -55.0209437981769
0.462 -5.19480519480519 -60.2157489929821
0.487 -1.02669404517454 -61.2424430381566
0.466 -3.86266094420601 -65.1051039823626
0.491 -9.57230142566191 -74.6774054080245
0.439 -15.7175398633257 -90.3949452713503
0.471 -7.85562632696391 -98.2505715983142
0.459 -5.88235294117647 -104.132924539491
0.435 0.689655172413793 -103.443269367077
0.457 -3.7199124726477 -107.163181839725
0.456 -7.01754385964912 -114.180725699374
0.452 2.21238938053097 -111.968336318843
0.465 5.37634408602151 -106.591992232821
0.486 5.76131687242798 -100.830675360393
0.431 -1.16009280742459 -101.990768167818
0.421 -5.93824228028504 -107.929010448103
0.45 -7.11111111111111 -115.040121559214
0.515 2.13592233009709 -112.904199229117
0.505 2.97029702970297 -109.933902199414
0.536 7.83582089552239 -102.098081303892
0.478 4.18410041841004 -97.9139808854815
0.474 -0.421940928270042 -98.3359218137515
0.521 -16.6986564299424 -115.034578243694
0.512 -24.21875 -139.253328243694
0.475 -3.57894736842105 -142.832275612115
0.441 -5.66893424036281 -148.501209852478
0.447 0.671140939597315 -147.83006891288
0.456 5.26315789473684 -142.566911018144
0.438 -2.73972602739726 -145.306637045541
0.47 -8.51063829787234 -153.817275343413
0.419 -2.62529832935561 -156.442573672769
0.464 6.03448275862069 -150.408090914148
0.453 -1.54525386313466 -151.953344777283
0.474 -3.37552742616034 -155.328872203443
0.507 -8.08678500986193 -163.415657213305
0.522 -2.29885057471264 -165.714507788018
0.492 0.813008130081301 -164.901499657936
0.515 -2.52427184466019 -167.425771502597
0.46 -3.04347826086957 -170.469249763466
0.495 -8.28282828282828 -178.752078046294
0.456 -2.19298245614035 -180.945060502435
0.51 -2.74509803921569 -183.690158541651
0.476 -13.4453781512605 -197.135536692911
0.488 -6.55737704918033 -203.692913742091
0.497 -7.84708249496982 -211.539996237061
0.461 -18.4381778741866 -229.978174111248
0.437 -9.83981693363844 -239.817991044886
0.414 -8.69565217391304 -248.513643218799
0.449 -14.9220489977728 -263.435692216572
0.5 -13.6 -277.035692216572
0.476 -10.9243697478992 -287.960061964471
0.471 -9.55414012738854 -297.51420209186
0.474 -16.4556962025316 -313.969898294391
0.511 -0.978473581213307 -314.948371875605
0.467 -6.63811563169165 -321.586487507296
0.464 -10.7758620689655 -332.362349576262
0.49 -6.12244897959184 -338.484798555854
0.456 -14.4736842105263 -352.95848276638
0.492 -4.8780487804878 -357.836531546868
0.458 -3.05676855895197 -360.89330010582
0.488 -6.9672131147541 -367.860513220574
0.437 -3.4324942791762 -371.29300749975
0.466 -8.15450643776824 -379.447513937518
0.428 -15.4205607476636 -394.868074685182
0.433 -10.8545034642032 -405.722578149385
0.435 -11.264367816092 -416.986945965477
0.441 -4.30839002267574 -421.295335988153
0.442 -3.16742081447964 -424.462756802632
0.46 -4.78260869565217 -429.245365498285
0.514 -7.39299610894942 -436.638361607234
0.453 -11.6997792494481 -448.338140856682
0.469 -13.0063965884861 -461.344537445168
0.483 -11.3871635610766 -472.731701006245
0.449 -6.45879732739421 -479.190498333639
0.466 -8.15450643776824 -487.345004771407
0.474 5.06329113924051 -482.281713632167
0.411 -5.10948905109489 -487.391202683262
0.457 -0.218818380743982 -487.610021064006
0.446 2.24215246636771 -485.367868597638
0.458 -6.55021834061135 -491.918086938249
0.452 12.8318584070796 -479.08622853117
0.454 0.440528634361233 -478.645699896808
0.493 -9.12778904665314 -487.773488943462
0.482 -8.29875518672199 -496.072244130184
0.464 -5.60344827586207 -501.675692406046
0.453 -9.05077262693157 -510.726465032977
0.475 -12.8421052631579 -523.568570296135
0.469 -21.5351812366738 -545.103751532809
0.471 -9.12951167728238 -554.233263210091
0.442 -4.07239819004525 -558.305661400137
0.437 4.34782608695652 -553.95783531318
0.416 3.36538461538462 -550.592450697795
0.412 -11.6504854368932 -562.242936134689
0.386 -2.59067357512953 -564.833609709818
0.436 -3.6697247706422 -568.50333448046
0.455 -1.97802197802198 -570.481356458482
0.447 -6.48769574944072 -576.969052207923
0.467 -6.20985010706638 -583.178902314989
0.428 -6.07476635514019 -589.25366867013
0.508 -4.33070866141732 -593.584377331547
0.448 -6.69642857142857 -600.280805902975
0.48 -2.5 -602.780805902975
0.45 -3.11111111111111 -605.891917014087
0.449 -6.90423162583519 -612.796148639922
0.484 1.2396694214876 -611.556479218434
0.511 6.0665362035225 -605.489943014912
0.514 -3.89105058365759 -609.380993598569
0.484 8.67768595041322 -600.703307648156
0.487 -7.59753593429158 -608.300843582448
0.48 -2.08333333333333 -610.384176915781
0.426 4.22535211267606 -606.158824803105
0.493 -7.09939148073022 -613.258216283835
0.445 1.12359550561798 -612.134620778217
0.422 -11.8483412322275 -623.982962010445
0.437 -9.83981693363844 -633.822778944083
0.473 6.553911205074 -627.268867739009
0.473 -15.8562367864693 -643.125104525478
0.497 -3.420523138833 -646.545627664311
0.479 -9.81210855949896 -656.35773622381
0.628 -0.636942675159236 -656.99467889897
0.49 6.93877551020408 -650.055903388766
0.547 -2.0109689213894 -652.066872310155
0.451 -8.64745011086474 -660.71432242102
0.492 -11.3821138211382 -672.096436242158
0.491 -10.7942973523422 -682.8907335945
0.496 -17.741935483871 -700.632669078371
0.497 4.22535211267606 -696.407316965695
0.478 -9.6234309623431 -706.030747928038
0.494 -12.1457489878543 -718.176496915892
0.487 -10.4722792607803 -728.648776176673
0.493 -5.88235294117647 -734.531129117849
0.441 -4.30839002267574 -738.839519140525
0.487 -6.36550308008214 -745.205022220607
0.432 -8.7962962962963 -754.001318516903
0.457 -6.78336980306346 -760.784688319967
0.435 -0.229885057471264 -761.014573377438
0.478 -9.20502092050209 -770.21959429794
0.493 -18.052738336714 -788.272332634654
0.447 -17.6733780760626 -805.945710710717
0.462 -1.2987012987013 -807.244412009418
0.472 -3.8135593220339 -811.057971331452
0.393 -6.87022900763359 -817.928200339085
0.403 1.73697270471464 -816.191227634371
0.443 0.225733634311512 -815.965494000059
0.42 -4.28571428571429 -820.251208285774
0.384 -9.375 -829.626208285774
0.376 -14.8936170212766 -844.51982530705
0.446 -0.448430493273543 -844.968255800324
0.423 -5.43735224586288 -850.405608046187
0.478 -7.94979079497908 -858.355398841166
0.456 3.94736842105263 -854.408030420113
0.405 -5.67901234567901 -860.087042765792
0.476 -6.30252100840336 -866.389563774195
0.459 -9.80392156862745 -876.193485342823
0.481 -9.77130977130977 -885.964795114133
0.461 -10.6290672451193 -896.593862359252
0.5 -7.2 -903.793862359252
0.459 -8.93246187363834 -912.72632423289
0.485 -10.9278350515464 -923.654159284437
0.465 -6.23655913978495 -929.890718424222
0.46 -3.04347826086957 -932.934196685091
0.449 2.89532293986637 -930.038873745225
0.478 -12.1338912133891 -942.172764958614
0.489 -10.838445807771 -953.011210766385
0.458 -7.86026200873362 -960.871472775119
0.442 -6.78733031674208 -967.658803091861
0.485 -5.97938144329897 -973.63818453516
0.485 -10.1030927835052 -983.741277318665
0.482 -8.71369294605809 -992.454970264723
0.466 -5.15021459227468 -997.605184856998
0.538 -2.23048327137546 -999.835668128373
0.469 -9.16844349680171 -1009.00411162517
0.461 1.08459869848156 -1007.91951292669
0.472 -1.27118644067797 -1009.19069936737
0.429 -12.8205128205128 -1022.01121218788
0.45 -18.2222222222222 -1040.23343441011
0.429 -8.62470862470862 -1048.85814303481
0.437 -16.7048054919908 -1065.56294852681
0.458 -17.0305676855895 -1082.5935162124
0.447 -6.48769574944072 -1089.08121196184
0.461 -13.6659436008677 -1102.7471555627
0.483 -8.48861283643892 -1111.23576839914
0.485 -8.8659793814433 -1120.10174778059
0.467 -7.49464668094218 -1127.59639446153
0.47 -1.27659574468085 -1128.87299020621
0.504 -5.55555555555556 -1134.42854576176
0.47 -10.2127659574468 -1144.64131171921
0.403 -12.1588089330025 -1156.80012065221
0.454 -12.3348017621145 -1169.13492241433
0.487 -6.36550308008214 -1175.50042549441
0.453 -2.42825607064018 -1177.92868156505
0.386 -17.6165803108808 -1195.54526187593
0.42 -16.6666666666667 -1212.2119285426
0.406 -15.7635467980296 -1227.97547534063
0.475 -2.73684210526316 -1230.71231744589
0.45 -2.22222222222222 -1232.93453966811
0.426 -10.7981220657277 -1243.73266173384
0.437 -4.80549199084668 -1248.53815372469
0.474 -6.32911392405063 -1254.86726764874
0.385 -2.33766233766234 -1257.2049299864
0.448 -10.2678571428571 -1267.47278712926
0.429 -1.16550116550117 -1268.63828829476
0.438 -8.21917808219178 -1276.85746637695
0.425 -3.05882352941176 -1279.91628990636
0.438 2.28310502283105 -1277.63318488353
0.407 -12.5307125307125 -1290.16389741424
0.421 -8.78859857482185 -1298.95249598907
0.43 -4.18604651162791 -1303.13854250069
0.425 -9.64705882352941 -1312.78560132422
0.4 -8 -1320.78560132422
0.409 -1.71149144254279 -1322.49709276677
0.442 2.26244343891403 -1320.23464932785
0.39 6.66666666666667 -1313.56798266118
0.396 3.03030303030303 -1310.53767963088
0.459 11.5468409586057 -1298.99083867228
0.397 -5.2896725440806 -1304.28051121636
0.395 -19.493670886076 -1323.77418210243
0.419 -15.5131264916468 -1339.28730859408
0.384 -17.1875 -1356.47480859408
0.359 -13.6490250696379 -1370.12383366372
0.306 -4.57516339869281 -1374.69899706241
0.31 -1.29032258064516 -1375.98931964306
0.343 -11.9533527696793 -1387.94267241273
0.361 4.15512465373961 -1383.787547759
0.378 -12.6984126984127 -1396.48596045741
0.377 -6.63129973474801 -1403.11726019216
0.426 -6.57276995305164 -1409.69003014521
0.49 -11.0204081632653 -1420.71043830847
0.484 -10.3305785123967 -1431.04101682087
0.46 -4.34782608695652 -1435.38884290783
0.472 -9.74576271186441 -1445.13460561969
0.471 -7.85562632696391 -1452.99023194665
0.465 -4.08602150537634 -1457.07625345203
0.445 -3.82022471910112 -1460.89647817113
0.462 -8.65800865800866 -1469.55448682914
0.468 -11.965811965812 -1481.52029879495
0.467 -13.0620985010707 -1494.58239729602
0.458 -15.2838427947598 -1509.86624009078
0.431 -12.2969837587007 -1522.16322384948
0.499 -13.4268537074148 -1535.5900775569
0.439 -13.8952164009112 -1549.48529395781
0.46 -11.7391304347826 -1561.22442439259
0.47 -8.93617021276596 -1570.16059460536
0.449 -5.12249443207127 -1575.28308903743
0.479 -12.3173277661795 -1587.60041680361
0.47 -5.95744680851064 -1593.55786361212
0.493 -3.85395537525355 -1597.41181898737
0.485 0.206185567010309 -1597.20563342036
0.502 -4.38247011952191 -1601.58810353988
0.485 -7.21649484536082 -1608.80459838525
0.507 -4.93096646942801 -1613.73556485467
0.472 -13.9830508474576 -1627.71861570213
0.492 -3.65853658536585 -1631.3771522875
0.453 -2.42825607064018 -1633.80540835814
0.488 -4.50819672131148 -1638.31360507945
0.531 -2.82485875706215 -1641.13846383651
0.478 -7.53138075313807 -1648.66984458965
0.47 -11.9148936170213 -1660.58473820667
0.474 -13.5021097046414 -1674.08684791131
0.457 -14.6608315098468 -1688.74767942116
0.471 -0.212314225053079 -1688.95999364621
0.435 8.04597701149425 -1680.91401663472
0.459 10.239651416122 -1670.6743652186
0.446 1.79372197309417 -1668.8806432455
0.376 -7.97872340425532 -1676.85936664976
0.411 -6.56934306569343 -1683.42870971545
0.458 -13.1004366812227 -1696.52914639667
0.48 -14.5833333333333 -1711.11247973001
0.495 -4.24242424242424 -1715.35490397243
0.495 -5.45454545454545 -1720.80944942698
0.534 -2.99625468164794 -1723.80570410862
0.484 -5.37190082644628 -1729.17760493507
0.523 -5.16252390057361 -1734.34012883564
0.492 -15.0406504065041 -1749.38077924215
0.503 -8.15109343936382 -1757.53187268151
0.483 1.44927536231884 -1756.08259731919
0.48 -15.4166666666667 -1771.49926398586
0.478 -15.0627615062761 -1786.56202549214
0.482 3.7344398340249 -1782.82758565811
0.463 -1.07991360691145 -1783.90749926502
0.47 -0.851063829787234 -1784.75856309481
0.429 -10.02331002331 -1794.78187311812
0.462 -12.1212121212121 -1806.90308523933
0.433 -12.70207852194 -1819.60516376127
0.477 -5.24109014675052 -1824.84625390802
0.472 -13.9830508474576 -1838.82930475548
0.463 -5.83153347732181 -1844.6608382328
0.447 -12.751677852349 -1857.41251608515
0.437 -10.7551487414188 -1868.16766482657
0.501 -10.1796407185629 -1878.34730554513
0.454 -9.69162995594714 -1888.03893550108
0.451 -9.53436807095344 -1897.57330357203
0.481 -21.8295218295218 -1919.40282540155
0.454 -11.4537444933921 -1930.85656989495
0.461 -10.6290672451193 -1941.48563714007
0.494 -11.7408906882591 -1953.22652782832
0.453 -14.7902869757174 -1968.01681480404
0.458 -17.0305676855895 -1985.04738248963
0.441 -10.2040816326531 -1995.25146412228
0.414 -4.83091787439614 -2000.08238199668
0.467 -7.06638115631692 -2007.148763153
0.461 -15.4013015184382 -2022.55006467144
0.475 -12.4210526315789 -2034.97111730301
0.456 -7.01754385964912 -2041.98866116266
0.483 -6.00414078674948 -2047.99280194941
0.442 -0.904977375565611 -2048.89777932498
0.451 -7.31707317073171 -2056.21485249571
0.448 -12.0535714285714 -2068.26842392428
0.483 -10.5590062111801 -2078.82743013546
0.475 -8.63157894736842 -2087.45900908283
0.495 -13.1313131313131 -2100.59032221414
0.458 -7.86026200873362 -2108.45058422288
0.462 -3.46320346320346 -2111.91378768608
0.458 -9.60698689956332 -2121.52077458564
0.48 -8.75 -2130.27077458564
0.438 -6.84931506849315 -2137.12008965414
0.46 -3.91304347826087 -2141.0331331324
0.484 -7.85123966942149 -2148.88437280182
0.468 -2.56410256410256 -2151.44847536592
0.465 1.0752688172043 -2150.37320654872
0.49 11.8367346938776 -2138.53647185484
0.467 -0.642398286937901 -2139.17887014178
0.466 -9.87124463519313 -2149.05011477697
0.445 -0.224719101123595 -2149.27483387809
0.47 -9.36170212765957 -2158.63653600575
0.476 -12.6050420168067 -2171.24157802256
0.473 -4.43974630021142 -2175.68132432277
0.464 -12.9310344827586 -2188.61235880553
0.415 -9.39759036144578 -2198.00994916698
0.436 -16.9724770642202 -2214.9824262312
0.482 -9.95850622406639 -2224.94093245526
0.468 -5.12820512820513 -2230.06913758347
0.474 -12.6582278481013 -2242.72736543157
0.485 -5.15463917525773 -2247.88200460683
0.46 -0.869565217391304 -2248.75156982422
0.486 -9.87654320987654 -2258.6281130341
0.49 -8.16326530612245 -2266.79137834022
0.471 -21.0191082802548 -2287.81048662047
0.459 -14.161220043573 -2301.97170666405
0.445 -19.1011235955056 -2321.07283025955
0.477 -2.30607966457023 -2323.37890992412
0.5 -0.8 -2324.17890992412
0.461 -4.55531453362256 -2328.73422445774
0.49 -5.71428571428571 -2334.44851017203
0.467 -13.4903640256959 -2347.93887419773
0.489 -11.2474437627812 -2359.18631796051
0.458 -10.4803493449782 -2369.66666730549
0.485 -14.2268041237113 -2383.8934714292
0.481 -13.0977130977131 -2396.99118452691
0.431 -13.2250580046404 -2410.21624253155
0.489 -15.3374233128834 -2425.55366584443
0.451 -17.960088691796 -2443.51375453623
0.472 3.38983050847458 -2440.12392402776
0.488 -5.32786885245902 -2445.45179288021
0.461 3.68763557483731 -2441.76415730538
0.455 -16.9230769230769 -2458.68723422845
0.457 -8.53391684901532 -2467.22115107747
0.467 -13.9186295503212 -2481.13978062779
0.496 -4.83870967741935 -2485.97849030521
0.493 -9.53346855983773 -2495.51195886505
0.472 -11.4406779661017 -2506.95263683115
0.441 -5.21541950113379 -2512.16805633228
0.446 -11.6591928251121 -2523.82724915739
0.415 -3.13253012048193 -2526.95977927788
0.451 -7.31707317073171 -2534.27685244861
0.492 4.8780487804878 -2529.39880366812
0.45 -4.44444444444444 -2533.84324811257
0.505 3.76237623762376 -2530.08087187494
0.453 -3.75275938189845 -2533.83363125684
0.46 -17.8260869565217 -2551.65971821336
0.497 15.0905432595573 -2536.5691749538
0.506 3.55731225296443 -2533.01186270084
0.47 -5.1063829787234 -2538.11824567956
0.436 -6.88073394495413 -2544.99897962452
0.421 -0.712589073634204 -2545.71156869815
0.406 -10.8374384236453 -2556.5490071218
0.397 -10.3274559193955 -2566.87646304119
0.475 -1.05263157894737 -2567.92909462014
0.41 4.39024390243902 -2563.5388507177
0.503 0.198807157057654 -2563.34004356064
0.547 0.914076782449726 -2562.42596677819
0.53 -0.754716981132076 -2563.18068375933
0.534 7.49063670411985 -2555.69004705521
0.491 -7.53564154786151 -2563.22568860307
0.472 0 -2563.22568860307
0.473 -9.93657505285412 -2573.16226365592
0.433 -11.7782909930716 -2584.94055464899
0.419 -5.01193317422434 -2589.95248782322
0.435 -13.1034482758621 -2603.05593609908
0.438 -1.36986301369863 -2604.42579911278
0.424 3.30188679245283 -2601.12391232032
0.457 -8.53391684901532 -2609.65782916934
0.441 -2.94784580498866 -2612.60567497433
0.447 2.46085011185682 -2610.14482486247
0.439 4.32801822323462 -2605.81680663924
0.445 -5.1685393258427 -2610.98534596508
0.422 -2.3696682464455 -2613.35501421153
0.432 3.7037037037037 -2609.65131050782
0.445 -4.71910112359551 -2614.37041163142
0.444 -2.25225225225225 -2616.62266388367
0.445 -1.57303370786517 -2618.19569759154
0.445 -8.31460674157303 -2626.51030433311
0.404 -7.92079207920792 -2634.43109641232
0.461 8.02603036876356 -2626.40506604355
0.447 -19.4630872483221 -2645.86815329187
0.499 -5.81162324649299 -2651.67977653837
0.455 -10.3296703296703 -2662.00944686804
0.435 -2.06896551724138 -2664.07841238528
0.504 0 -2664.07841238528
0.474 -12.2362869198312 -2676.31469930511
0.513 -10.3313840155945 -2686.6460833207
0.488 -9.42622950819672 -2696.0723128289
0.5 0.4 -2695.6723128289
0.486 -6.5843621399177 -2702.25667496882
0.491 -4.27698574338086 -2706.5336607122
0.48 -0.416666666666667 -2706.95032737887
0.423 -2.60047281323877 -2709.55080019211
0.457 -3.7199124726477 -2713.27071266475
0.476 -1.26050420168067 -2714.53121686643
0.458 6.55021834061135 -2707.98099852582
0.46 2.17391304347826 -2705.80708548234
0.45 11.1111111111111 -2694.69597437123
0.468 -4.27350427350427 -2698.96947864474
0.474 -2.53164556962025 -2701.50112421436
0.481 -10.6029106029106 -2712.10403481727
0.442 -9.04977375565611 -2721.15380857292
0.471 4.88322717622081 -2716.2705813967
0.459 -9.80392156862745 -2726.07450296533
0.478 -2.51046025104602 -2728.58496321638
0.444 5.40540540540541 -2723.17955781097
0.479 7.30688935281837 -2715.87266845815
0.463 -1.51187904967603 -2717.38454750783
0.466 -9.01287553648069 -2726.39742304431
0.436 -1.8348623853211 -2728.23228542963
0.452 -3.98230088495575 -2732.21458631459
0.474 -2.9535864978903 -2735.16817281248
0.456 -0.43859649122807 -2735.60676930371
0.47 -7.23404255319149 -2742.8408118569
0.444 -2.25225225225225 -2745.09306410915
0.433 -1.15473441108545 -2746.24779852023
0.418 -1.43540669856459 -2747.6832052188
0.45 7.55555555555556 -2740.12764966324
0.44 -4.09090909090909 -2744.21855875415
0.421 -1.66270783847981 -2745.88126659263
0.488 -0.409836065573771 -2746.29110265821
0.484 -2.89256198347107 -2749.18366464168
0.432 3.24074074074074 -2745.94292390094
0.463 5.39956803455724 -2740.54335586638
0.476 -0.420168067226891 -2740.96352393361
0.482 5.39419087136929 -2735.56933306224
0.475 2.73684210526316 -2732.83249095697
0.473 4.86257928118393 -2727.96991167579
0.485 -3.09278350515464 -2731.06269518094
0.545 3.11926605504587 -2727.9434291259
0.489 -0.613496932515337 -2728.55692605841
0.488 -5.32786885245902 -2733.88479491087
0.49 4.48979591836735 -2729.39499899251
0.484 1.65289256198347 -2727.74210643052
0.482 -3.7344398340249 -2731.47654626455
0.502 -4.38247011952191 -2735.85901638407
0.437 7.09382151029748 -2728.76519487377
0.457 3.7199124726477 -2725.04528240112
0.471 9.12951167728238 -2715.91577072384
0.466 -6.86695278969957 -2722.78272351354
0.509 -2.94695481335953 -2725.7296783269
0.496 5.24193548387097 -2720.48774284303
0.505 2.97029702970297 -2717.51744581333
0.468 1.70940170940171 -2715.80804410392
0.442 -2.26244343891403 -2718.07048754284
0.475 -8.21052631578947 -2726.28101385863
0.491 -4.27698574338086 -2730.55799960201
0.423 -0.709219858156028 -2731.26721946017
0.476 -2.52100840336134 -2733.78822786353
0.477 10.272536687631 -2723.5156911759
0.458 5.24017467248908 -2718.27551650341
0.471 4.45859872611465 -2713.81691777729
0.448 2.23214285714286 -2711.58477492015
0.462 9.52380952380952 -2702.06096539634
0.466 10.3004291845494 -2691.76053621179
0.464 9.91379310344828 -2681.84674310834
0.482 7.46887966804979 -2674.37786344029
0.45 8.88888888888889 -2665.4889745514
0.502 -1.59362549800797 -2667.08260004941
0.494 -1.61943319838057 -2668.70203324779
0.46 -2.60869565217391 -2671.31072889997
0.432 -0.462962962962963 -2671.77369186293
0.472 3.38983050847458 -2668.38386135445
0.451 -5.09977827050998 -2673.48363962496
0.47 -2.12765957446809 -2675.61129919943
0.47 0.851063829787234 -2674.76023536964
0.483 3.1055900621118 -2671.65464530753
0.467 -0.642398286937901 -2672.29704359447
0.472 2.54237288135593 -2669.75467071312
0.443 2.93453724604966 -2666.82013346707
0.465 5.37634408602151 -2661.44378938104
0.465 5.37634408602151 -2656.06744529502
0.478 6.69456066945607 -2649.37288462557
0.457 3.7199124726477 -2645.65297215292
0.508 0.78740157480315 -2644.86557057812
0.481 -4.36590436590437 -2649.23147494402
0.481 6.02910602910603 -2643.20236891491
0.473 2.74841437632135 -2640.45395453859
0.46 1.73913043478261 -2638.71482410381
0.488 0.409836065573771 -2638.30498803824
0.436 9.1743119266055 -2629.13067611163
0.426 6.10328638497653 -2623.02738972665
0.471 10.4033970276008 -2612.62399269905
0.475 4.42105263157895 -2608.20294006747
0.414 10.1449275362319 -2598.05801253124
0.466 3.43347639484979 -2594.62453613639
0.45 6.66666666666667 -2587.95786946973
0.479 -2.2964509394572 -2590.25432040918
0.492 2.84552845528455 -2587.4087919539
0.485 0.206185567010309 -2587.20260638689
0.461 -1.95227765726681 -2589.15488404415
0.464 -6.89655172413793 -2596.05143576829
0.514 -2.33463035019455 -2598.38606611849
0.445 -1.12359550561798 -2599.50966162411
0.415 5.06024096385542 -2594.44942066025
0.485 -2.68041237113402 -2597.12983303138
0.493 1.41987829614604 -2595.70995473524
0.47 1.70212765957447 -2594.00782707566
0.419 8.35322195704057 -2585.65460511862
0.476 4.6218487394958 -2581.03275637913
0.482 5.39419087136929 -2575.63856550776
0.522 4.59770114942529 -2571.04086435833
0.457 4.59518599562363 -2566.44567836271
0.453 8.60927152317881 -2557.83640683953
0.467 3.21199143468951 -2554.62441540484
0.54 3.33333333333333 -2551.29108207151
0.473 5.28541226215645 -2546.00566980935
0.508 2.75590551181102 -2543.24976429754
0.504 5.15873015873016 -2538.09103413881
0.504 2.77777777777778 -2535.31325636103
0.51 6.27450980392157 -2529.03874655711
0.474 1.26582278481013 -2527.7729237723
0.484 6.19834710743802 -2521.57457666486
0.468 2.56410256410256 -2519.01047410076
0.465 0.645161290322581 -2518.36531281044
0.504 7.14285714285714 -2511.22245566758
0.488 2.45901639344262 -2508.76343927414
0.535 7.66355140186916 -2501.09988787227
0.456 -0.43859649122807 -2501.5384843635
0.482 -2.4896265560166 -2504.02811091951
0.447 4.25055928411633 -2499.7775516354
0.514 6.22568093385214 -2493.55187070154
0.475 1.89473684210526 -2491.65713385944
0.473 7.39957716701903 -2484.25755669242
0.449 7.79510022271715 -2476.4624564697
0.471 -2.76008492569002 -2479.22254139539
0.416 11.5384615384615 -2467.68407985693
0.44 -0.909090909090909 -2468.59317076602
0.437 -8.46681922196796 -2477.05998998799
0.44 -4.09090909090909 -2481.1508990789
0.415 -0.240963855421687 -2481.39186293432
0.39 -5.12820512820513 -2486.52006806253
0.507 -0.591715976331361 -2487.11178403886
0.531 -2.44821092278719 -2489.55999496164
0.419 -0.715990453460621 -2490.2759854151
0.49 -8.97959183673469 -2499.25557725184
0.438 5.47945205479452 -2493.77612519705
0.435 -6.20689655172414 -2499.98302174877
0.417 -5.51558752997602 -2505.49860927875
0.437 3.89016018306636 -2501.60844909568
0.521 -8.25335892514395 -2509.86180802082
0.506 -9.48616600790514 -2519.34797402873
0.468 1.70940170940171 -2517.63857231933
0.449 -1.11358574610245 -2518.75215806543
0.453 -2.42825607064018 -2521.18041413607
0.518 12.3552123552124 -2508.82520178086
0.609 7.7175697865353 -2501.10763199432
0.518 -1.93050193050193 -2503.03813392482
0.42 -2.85714285714286 -2505.89527678197
0.522 -3.06513409961686 -2508.96041088158
0.475 4 -2504.96041088158
0.46 2.17391304347826 -2502.7864978381
0.497 10.6639839034205 -2492.12251393468
0.441 9.75056689342404 -2482.37194704126
0.472 11.864406779661 -2470.5075402616
0.534 -16.4794007490637 -2486.98694101066
0.491 2.24032586558045 -2484.74661514508
0.496 8.87096774193548 -2475.87564740315
0.449 -0.66815144766147 -2476.54379885081
0.444 0.900900900900901 -2475.64289794991
0.447 4.69798657718121 -2470.94491137273
0.511 8.02348336594912 -2462.92142800678
0.512 7.8125 -2455.10892800678
0.496 6.04838709677419 -2449.06054091
0.515 2.52427184466019 -2446.53626906534
0.479 8.1419624217119 -2438.39430664363
0.471 4.03397027600849 -2434.36033636762
0.495 5.85858585858586 -2428.50175050904
0.584 6.84931506849315 -2421.65243544054
0.529 -4.34782608695652 -2426.0002615275
0.495 4.64646464646465 -2421.35379688104
0.488 3.68852459016393 -2417.66527229087
0.517 -0.967117988394584 -2418.63239027927
0.512 9.375 -2409.25739027927
0.488 -4.50819672131148 -2413.76558700058
0.442 4.97737556561086 -2408.78821143497
0.449 2.89532293986637 -2405.8928884951
0.494 4.45344129554656 -2401.43944719955
0.469 0.639658848614073 -2400.79978835094
0.471 13.3757961783439 -2387.4239921726
0.555 2.7027027027027 -2384.72128946989
0.474 2.9535864978903 -2381.767702972
0.48 -3.33333333333333 -2385.10103630534
0.471 9.55414012738854 -2375.54689617795
0.486 4.11522633744856 -2371.4316698405
0.485 5.15463917525773 -2366.27703066524
0.497 15.0905432595573 -2351.18648740568
0.482 1.6597510373444 -2349.52673636834
0.466 5.15021459227468 -2344.37652177606
0.495 7.07070707070707 -2337.30581470536
0.484 -2.06611570247934 -2339.37193040784
0.474 6.32911392405063 -2333.04281648379
0.474 -0.843881856540084 -2333.88669834033
0.468 8.54700854700855 -2325.33968979332
0.44 14.5454545454545 -2310.79423524786
0.441 10.6575963718821 -2300.13663887598
0.454 -0.881057268722467 -2301.0176961447
0.46 -2.60869565217391 -2303.62639179688
0.476 0.420168067226891 -2303.20622372965
0.501 4.19161676646707 -2299.01460696318
0.453 6.40176600441501 -2292.61284095877
0.504 5.15873015873016 -2287.45411080004
0.485 4.32989690721649 -2283.12421389282
0.468 1.28205128205128 -2281.84216261077
0.521 3.26295585412668 -2278.57920675664
0.431 14.6171693735499 -2263.96203738309
0.455 6.81318681318681 -2257.14885056991
0.398 1.50753768844221 -2255.64131288147
0.445 9.21348314606742 -2246.4278297354
0.457 5.90809628008753 -2240.51973345531
0.533 6.19136960600375 -2234.32836384931
0.421 -12.5890736342043 -2246.91743748351
0.442 1.80995475113122 -2245.10748273238
0.404 1.98019801980198 -2243.12728471258
0.361 8.03324099722992 -2235.09404371535
0.458 2.62008733624454 -2232.4739563791
0.486 -2.05761316872428 -2234.53156954783
0.496 -4.83870967741935 -2239.37027922525
0.449 -2.44988864142539 -2241.82016786667
0.431 -3.94431554524362 -2245.76448341192
0.447 -5.59284116331096 -2251.35732457523
0.471 -9.55414012738854 -2260.91146470262
0.556 -1.07913669064748 -2261.99060139326
0.475 2.73684210526316 -2259.253759288
0.46 -3.47826086956522 -2262.73202015756
0.501 -8.58283433133733 -2271.3148544889
0.485 -3.50515463917526 -2274.82000912808
0.533 3.56472795497186 -2271.25528117311
0.479 -1.46137787056367 -2272.71665904367
0.446 -0.448430493273543 -2273.16508953694
0.492 2.84552845528455 -2270.31956108166
0.473 -2.74841437632135 -2273.06797545798
0.484 3.71900826446281 -2269.34896719352
0.461 -1.51843817787419 -2270.86740537139
0.467 1.07066381156317 -2269.79674155983
0.52 -3.07692307692308 -2272.87366463675
0.494 11.336032388664 -2261.53763224809
0.48 13.3333333333333 -2248.20429891475
0.458 17.4672489082969 -2230.73705000646
0.464 -3.44827586206897 -2234.18532586853
0.439 1.59453302961276 -2232.59079283891
0.454 -1.76211453744493 -2234.35290737636
0.499 1.40280561122244 -2232.95010176514
0.503 6.95825049701789 -2225.99185126812
0.488 -3.27868852459016 -2229.27053979271
0.482 11.2033195020747 -2218.06722029063
0.488 6.9672131147541 -2211.10000717588
0.499 1.80360721442886 -2209.29639996145
0.472 -2.11864406779661 -2211.41504402925
0.418 15.311004784689 -2196.10403924456
0.451 1.55210643015521 -2194.5519328144
0.441 2.94784580498866 -2191.60408700941
0.506 12.6482213438735 -2178.95586566554
0.459 6.31808278867102 -2172.63778287687
0.471 6.58174097664544 -2166.05604190022
0.524 6.10687022900763 -2159.94917167122
0.46 3.04347826086957 -2156.90569341035
0.491 7.53564154786151 -2149.37005186249
0.465 1.93548387096774 -2147.43456799152
0.493 4.25963488843813 -2143.17493310308
0.428 3.73831775700935 -2139.43661534607
0.481 1.03950103950104 -2138.39711430657
0.484 1.65289256198347 -2136.74422174459
0.492 11.3821138211382 -2125.36210792345
0.53 13.9622641509434 -2111.3998437725
0.364 1.0989010989011 -2110.3009426736
0.479 5.63674321503132 -2104.66419945857
0.467 7.49464668094218 -2097.16955277763
0.495 14.7474747474747 -2082.42207803015
0.471 8.28025477707006 -2074.14182325308
0.474 10.5485232067511 -2063.59330004633
0.47 -0.851063829787234 -2064.44436387612
0.485 1.03092783505155 -2063.41343604107
0.435 10.8045977011494 -2052.60883833992
0.457 8.97155361050328 -2043.63728472942
0.463 14.0388768898488 -2029.59840783957
0.47 7.65957446808511 -2021.93883337148
0.468 14.957264957265 -2006.98156841422
0.472 9.32203389830508 -1997.65953451591
0.441 15.6462585034014 -1982.01327601251
0.484 14.8760330578512 -1967.13724295466
0.458 15.2838427947598 -1951.8534001599
0.433 14.5496535796767 -1937.30374658022
0.43 7.90697674418605 -1929.39676983604
0.448 11.1607142857143 -1918.23605555032
0.469 5.33049040511727 -1912.90556514521
0.512 19.140625 -1893.76494014521
0.509 11.1984282907662 -1882.56651185444
0.462 11.2554112554113 -1871.31110059903
0.486 15.2263374485597 -1856.08476315047
0.477 7.75681341719078 -1848.32794973328
0.48 5.41666666666667 -1842.91128306661
0.515 7.18446601941748 -1835.72681704719
0.554 4.33212996389892 -1831.39468708329
0.51 2.74509803921569 -1828.64958904408
0.49 15.1020408163265 -1813.54754822775
0.463 17.4946004319654 -1796.05294779579
0.496 14.5161290322581 -1781.53681876353
0.47 2.12765957446809 -1779.40915918906
0.496 6.45161290322581 -1772.95754628583
0.433 4.38799076212471 -1768.56955552371
0.457 2.40700218818381 -1766.16255333553
0.463 3.67170626349892 -1762.49084707203
0.488 9.42622950819672 -1753.06461756383
0.47 8.93617021276596 -1744.12844735106
0.441 12.9251700680272 -1731.20327728304
0.461 12.3644251626898 -1718.83885212035
0.45 7.55555555555556 -1711.28329656479
0.447 10.9619686800895 -1700.3213278847
0.468 5.12820512820513 -1695.1931227565
0.454 4.40528634361233 -1690.78783641289
0.454 14.0969162995595 -1676.69092011333
0.455 5.05494505494505 -1671.63597505838
0.432 5.55555555555556 -1666.08041950283
0.43 19.0697674418605 -1647.01065206096
0.414 8.21256038647343 -1638.79809167449
0.447 8.7248322147651 -1630.07325945973
0.453 19.205298013245 -1610.86796144648
0.426 -0.469483568075117 -1611.33744501456
0.442 18.0995475113122 -1593.23789750324
0.431 19.7215777262181 -1573.51631977703
0.452 12.8318584070796 -1560.68446136995
0.471 11.2526539278132 -1549.43180744213
0.441 7.02947845804989 -1542.40232898408
0.454 17.1806167400881 -1525.221712244
0.462 9.52380952380952 -1515.69790272019
0.459 5.44662309368192 -1510.2512796265
0.475 5.26315789473684 -1504.98812173177
0.463 9.28725701943844 -1495.70086471233
0.446 10.762331838565 -1484.93853287376
0.468 6.41025641025641 -1478.52827646351
0.453 15.2317880794702 -1463.29648838404
0.454 0.440528634361233 -1462.85595974968
0.469 13.8592750533049 -1448.99668469637
0.461 5.42299349240781 -1443.57369120396
0.431 1.62412993039443 -1441.94956127357
0.438 6.84931506849315 -1435.10024620508
0.484 4.54545454545455 -1430.55479165962
0.479 16.4926931106472 -1414.06209854897
0.438 20.0913242009132 -1393.97077434806
0.44 15 -1378.97077434806
0.447 16.331096196868 -1362.63967815119
0.433 13.1639722863741 -1349.47570586482
0.424 9.43396226415094 -1340.04174360067
0.465 16.1290322580645 -1323.9127113426
0.521 13.6276391554703 -1310.28507218713
0.474 15.1898734177215 -1295.09519876941
0.464 19.8275862068966 -1275.26761256251
0.447 14.9888143176734 -1260.27879824484
0.45 19.5555555555556 -1240.72324268929
0.417 12.2302158273381 -1228.49302686195
0.442 14.027149321267 -1214.46587754068
0.484 7.43801652892562 -1207.02786101175
0.448 9.375 -1197.65286101175
0.476 8.82352941176471 -1188.82933159999
0.442 17.6470588235294 -1171.18227277646
0.445 12.3595505617978 -1158.82272221466
0.455 11.6483516483516 -1147.17437056631
0.489 11.6564417177914 -1135.51792884852
0.515 8.7378640776699 -1126.78006477085
0.465 12.258064516129 -1114.52200025472
0.462 9.09090909090909 -1105.43109116381
0.47 13.1914893617021 -1092.23960180211
0.49 -1.63265306122449 -1093.87225486333
0.484 -0.826446280991736 -1094.69870114433
0.459 10.239651416122 -1084.4590497282
0.471 9.12951167728238 -1075.32953805092
0.437 -1.60183066361556 -1076.93136871454
0.514 14.7859922178988 -1062.14537649664
0.463 14.902807775378 -1047.24256872126
0.483 17.184265010352 -1030.05830371091
0.441 12.9251700680272 -1017.13313364288
0.430327868852459 -8.57142857142857 -1025.70456221431
