gc_content gc_skew gc_culm
0.432 -2.77777777777778 -2.77777777777778
0.464 -4.74137931034483 -7.51915708812261
0.481 -1.87110187110187 -9.39025895922448
0.394 18.2741116751269 8.88385271590243
0.353 11.0481586402266 19.9320113561291
0.344 11.6279069767442 31.5599183328732
0.414 -17.8743961352657 13.6855221976075
0.393 7.37913486005089 21.0646570576584
0.376 21.8085106382979 42.8731676959563
0.435 19.5402298850575 62.4133975810138
0.405 24.9382716049383 87.351669185952
0.399 11.7794486215539 99.1311178075059
0.428 19.6261682242991 118.757286031805
0.399 9.27318295739348 128.030468989198
0.404 3.46534653465347 131.495815523852
0.454 9.2511013215859 140.746916845438
0.428 0.934579439252336 141.68149628469
0.443 3.38600451467269 145.067500799363
0.371 8.89487870619946 153.962379505562
0.422 14.6919431279621 168.654322633524
0.43 24.6511627906977 193.305485424222
0.391 -13.5549872122762 179.750498211946
0.352 13.6363636363636 193.38686184831
0.366 -4.37158469945355 189.015277148856
0.367 2.99727520435967 192.012552353216
0.363 13.4986225895317 205.511174942747
0.402 15.4228855721393 220.934060514887
0.419 12.6491646778043 233.583225192691
0.443 14.2212189616253 247.804444154316
0.446 6.72645739910314 254.530901553419
0.428 18.2242990654206 272.75520061884
0.424 6.13207547169811 278.887276090538
0.403 13.6476426799007 292.534918770439
0.387 2.84237726098191 295.377296031421
0.379 5.54089709762533 300.918193129046
0.449 13.5857461024499 314.503939231496
0.428 -6.07476635514019 308.429172876356
0.389 0.25706940874036 308.686242285096
0.396 17.6767676767677 326.363009961864
0.45 3.11111111111111 329.474121072975
0.411 13.38199513382 342.856116206795
0.412 22.3300970873786 365.186213294173
0.409 8.55745721271394 373.743670506887
0.389 13.1105398457584 386.854210352646
0.413 13.317191283293 400.171401635939
0.387 4.90956072351421 405.080962359453
0.384 6.25 411.330962359453
0.432 10.1851851851852 421.516147544638
0.446 10.3139013452915 431.83004888993
0.492 1.21951219512195 433.049561085052
0.571 4.72854640980736 437.778107494859
0.601 1.49750415973378 439.275611654593
0.462 3.03030303030303 442.305914684896
0.396 21.2121212121212 463.518035897017
0.381 -5.51181102362205 458.006224873395
0.425 -0.235294117647059 457.770930755748
0.387 2.32558139534884 460.096512151097
0.419 11.2171837708831 471.31369592198
0.43 6.97674418604651 478.290440108026
0.366 19.672131147541 497.962571255567
0.419 6.92124105011933 504.883812305687
0.387 22.9974160206718 527.881228326358
0.379 -1.31926121372032 526.561967112638
0.38 7.89473684210526 534.456703954743
0.389 12.5964010282776 547.053104983021
0.381 3.93700787401575 550.990112857037
0.429 15.6177156177156 566.607828474752
0.422 9.95260663507109 576.560435109823
0.365 5.75342465753425 582.313859767358
0.477 -0.628930817610063 581.684928949748
0.557 17.7737881508079 599.458717100555
0.453 5.51876379690949 604.977480897465
0.454 23.7885462555066 628.766027152972
0.408 13.2352941176471 642.001321270619
0.424 17.4528301886792 659.454151459298
0.384 -7.29166666666667 652.162484792631
0.47 2.97872340425532 655.141208196887
0.467 7.06638115631692 662.207589353204
0.35 5.14285714285714 667.350446496061
0.44 10 677.350446496061
0.476 1.68067226890756 679.031118764968
0.449 1.11358574610245 680.144704511071
0.412 8.25242718446602 688.397131695537
0.416 1.92307692307692 690.320208618613
0.417 -6.95443645083933 683.365772167774
0.44 11.3636363636364 694.729408531411
0.412 6.79611650485437 701.525525036265
0.451 7.31707317073171 708.842598206997
0.369 2.9810298102981 711.823628017295
0.461 7.59219088937093 719.415818906666
0.442 15.8371040723982 735.252922979064
0.417 3.11750599520384 738.370428974268
0.431 22.5058004640371 760.876229438305
0.474 21.9409282700422 782.817157708347
0.422 0.947867298578199 783.765025006925
0.399 1.75438596491228 785.519410971837
0.432 25.462962962963 810.9823739348
0.415 6.98795180722892 817.970325742029
0.413 16.2227602905569 834.193086032586
0.401 12.2194513715711 846.412537404157
0.399 7.76942355889724 854.181960963055
0.504 14.6825396825397 868.864500645594
0.425 14.8235294117647 883.688030057359
0.344 22.6744186046512 906.36244866201
0.43 20.9302325581395 927.29268122015
0.325 4.61538461538461 931.908065835534
0.362 9.94475138121547 941.85281721675
0.379 6.59630606860158 948.449123285351
0.395 4.30379746835443 952.752920753706
0.392 -8.16326530612245 944.589655447583
0.315 10.4761904761905 955.065845923774
0.38 13.6842105263158 968.75005645009
0.392 3.06122448979592 971.811280939885
0.349 -11.1747851002865 960.636495839599
0.394 6.09137055837563 966.727866397975
0.476 -4.6218487394958 962.106017658479
0.418 11.0047846889952 973.110802347474
0.371 12.1293800539084 985.240182401382
0.436 1.8348623853211 987.075044786704
0.41 13.1707317073171 1000.24577649402
0.365 -1.36986301369863 998.875913480322
0.374 11.2299465240642 1010.10586000439
0.424 21.6981132075472 1031.80397321193
0.377 8.22281167108753 1040.02678488302
0.366 13.6612021857923 1053.68798706881
0.369 5.69105691056911 1059.37904397938
0.387 -8.01033591731266 1051.36870806207
0.405 8.14814814814815 1059.51685621022
0.4 9 1068.51685621022
0.388 1.54639175257732 1070.0632479628
0.373 -1.87667560321716 1068.18657235958
0.388 6.18556701030928 1074.37213936989
0.412 8.7378640776699 1083.11000344756
0.399 4.26065162907268 1087.37065507663
0.37 3.78378378378378 1091.15443886041
0.415 6.50602409638554 1097.6604629568
0.375 19.4666666666667 1117.12712962347
0.352 -5.11363636363636 1112.01349325983
0.402 13.9303482587065 1125.94384151854
0.416 11.0576923076923 1137.00153382623
0.404 12.8712871287129 1149.87282095494
0.405 17.5308641975309 1167.40368515247
0.416 2.88461538461538 1170.28830053709
0.384 -0.520833333333333 1169.76746720375
0.429 -5.82750582750583 1163.93996137625
0.434 10.5990783410138 1174.53903971726
0.424 13.6792452830189 1188.21828500028
0.395 3.79746835443038 1192.01575335471
0.4 22.5 1214.51575335471
0.416 19.2307692307692 1233.74652258548
0.485 3.50515463917526 1237.25167722466
0.438 7.76255707762557 1245.01423430228
0.412 11.6504854368932 1256.66471973917
0.451 6.87361419068736 1263.53833392986
0.4 19 1282.53833392986
0.399 16.7919799498747 1299.33031387974
0.388 9.79381443298969 1309.12412831273
0.406 -4.92610837438424 1304.19801993834
0.414 -6.28019323671498 1297.91782670163
0.389 0.77120822622108 1298.68903492785
0.403 9.18114143920596 1307.87017636705
0.403 11.6625310173697 1319.53270738442
0.403 11.6625310173697 1331.19523840179
0.498 4.41767068273092 1335.61290908452
0.432 7.40740740740741 1343.02031649193
0.447 2.01342281879195 1345.03373931072
0.452 27.4336283185841 1372.46736762931
0.397 3.77833753148615 1376.24570516079
0.402 6.96517412935323 1383.21087929015
0.401 5.7356608478803 1388.94654013803
0.401 8.72817955112219 1397.67471968915
0.369 25.7452574525745 1423.41997714172
0.407 21.8673218673219 1445.28729900905
0.38 2.10526315789474 1447.39256216694
0.4 9 1456.39256216694
0.369 11.6531165311653 1468.04567869811
0.391 4.34782608695652 1472.39350478506
0.355 2.53521126760563 1474.92871605267
0.344 15.1162790697674 1490.04499512244
0.398 4.52261306532663 1494.56760818776
0.4 3 1497.56760818776
0.434 3.68663594470046 1501.25424413246
0.396 8.58585858585859 1509.84010271832
0.445 12.8089887640449 1522.64909148237
0.44 25.4545454545455 1548.10363693691
0.411 7.05596107055961 1555.15959800747
0.431 5.80046403712297 1560.96006204459
0.411 11.4355231143552 1572.39558515895
0.421 14.0142517814727 1586.40983694042
0.422 11.8483412322275 1598.25817817265
0.433 -9.46882217090069 1588.78935600175
0.496 7.66129032258065 1596.45064632433
0.464 -0.862068965517241 1595.58857735881
0.481 0.623700623700624 1596.21227798251
0.507 7.29783037475345 1603.51010835727
0.479 11.0647181628392 1614.57482652011
0.431 11.8329466357309 1626.40777315584
0.453 5.51876379690949 1631.92653695275
0.401 -3.74064837905237 1628.18588857369
0.343 2.04081632653061 1630.22670490022
0.418 10.5263157894737 1640.7530206897
0.442 5.42986425339367 1646.18288494309
0.436 10.0917431192661 1656.27462806236
0.391 0.767263427109974 1657.04189148947
0.434 4.60829493087558 1661.65018642034
0.416 -0.961538461538462 1660.6886479588
0.373 5.63002680965147 1666.31867476846
0.409 3.17848410757946 1669.49715887604
0.484 -7.43801652892562 1662.05914234711
0.458 4.80349344978166 1666.86263579689
0.555 1.62162162162162 1668.48425741851
0.44 10.9090909090909 1679.3933483276
0.432 4.62962962962963 1684.02297795723
0.405 2.22222222222222 1686.24520017946
0.35 21.1428571428571 1707.38805732231
0.387 5.42635658914729 1712.81441391146
0.416 14.9038461538462 1727.71826006531
0.456 3.50877192982456 1731.22703199513
0.49 3.26530612244898 1734.49233811758
0.455 5.05494505494505 1739.54728317253
0.465 6.23655913978495 1745.78384231231
0.445 10.561797752809 1756.34564006512
0.505 5.34653465346535 1761.69217471858
0.463 4.53563714902808 1766.22781186761
0.458 4.36681222707424 1770.59462409469
0.447 6.04026845637584 1776.63489255106
0.425 11.0588235294118 1787.69371608047
0.422 1.4218009478673 1789.11551702834
0.416 0 1789.11551702834
0.437 7.55148741418764 1796.66700444253
0.441 7.93650793650794 1804.60351237904
0.457 1.96936542669584 1806.57287780573
0.449 1.11358574610245 1807.68646355184
0.463 -0.647948164146868 1807.03851538769
0.366 9.83606557377049 1816.87458096146
0.42 -5.71428571428571 1811.16029524717
0.428 -5.60747663551402 1805.55281861166
0.42 7.61904761904762 1813.17186623071
0.395 -1.26582278481013 1811.9060434459
0.41 8.29268292682927 1820.19872637273
0.431 17.4013921113689 1837.6001184841
0.393 11.4503816793893 1849.05050016348
0.437 5.26315789473684 1854.31365805822
0.374 31.0160427807487 1885.32970083897
0.382 13.0890052356021 1898.41870607457
0.367 6.26702997275204 1904.68573604732
0.425 7.29411764705882 1911.97985369438
0.368 28.2608695652174 1940.2407232596
0.457 10.7221006564551 1950.96282391606
0.43 12.093023255814 1963.05584717187
0.471 5.73248407643312 1968.7883312483
0.404 -3.96039603960396 1964.8279352087
0.456 12.719298245614 1977.54723345431
0.421 11.1638954869359 1988.71112894125
0.454 9.69162995594714 1998.4027588972
0.429 12.3543123543124 2010.75707125151
0.433 12.70207852194 2023.45914977345
0.395 7.34177215189873 2030.80092192535
0.444 -5.85585585585586 2024.94506606949
0.398 10.5527638190955 2035.49782988859
0.403 4.71464019851117 2040.2124700871
0.37 -5.94594594594595 2034.26652414115
0.364 8.79120879120879 2043.05773293236
0.406 2.95566502463054 2046.01339795699
0.411 7.05596107055961 2053.06935902755
0.377 16.1803713527851 2069.24973038034
0.456 13.5964912280702 2082.84622160841
0.428 21.0280373831776 2103.87425899158
0.415 5.54216867469879 2109.41642766628
0.506 10.2766798418972 2119.69310750818
0.383 10.1827676240209 2129.8758751322
0.376 14.8936170212766 2144.76949215348
0.382 4.18848167539267 2148.95797382887
0.29 7.58620689655172 2156.54418072542
0.396 18.1818181818182 2174.72599890724
0.483 9.73084886128364 2184.45684776852
0.458 3.49344978165939 2187.95029755018
0.435 3.44827586206897 2191.39857341225
0.482 6.63900414937759 2198.03757756163
0.466 5.5793991416309 2203.61697670326
0.451 -0.665188470066519 2202.95178823319
0.433 11.7782909930716 2214.73007922627
0.462 9.52380952380952 2224.25388875007
0.347 15.2737752161383 2239.52766396621
0.443 13.3182844243792 2252.84594839059
0.468 10.2564102564103 2263.102358647
0.384 14.0625 2277.164858647
0.424 8.49056603773585 2285.65542468474
0.459 0.65359477124183 2286.30901945598
0.427 -10.5386416861827 2275.7703777698
0.431 5.80046403712297 2281.57084180692
0.422 -5.21327014218009 2276.35757166474
0.344 9.88372093023256 2286.24129259497
0.397 19.8992443324937 2306.14053692747
0.411 20.1946472019465 2326.33518412941
0.471 2.33545647558386 2328.670640605
0.434 4.14746543778802 2332.81810604279
0.408 8.82352941176471 2341.64163545455
0.419 7.39856801909308 2349.04020347364
0.619 6.30048465266559 2355.34068812631
0.428 0.467289719626168 2355.80797784593
0.353 3.68271954674221 2359.49069739268
0.367 15.5313351498638 2375.02203254254
0.383 8.61618798955614 2383.6382205321
0.356 7.86516853932584 2391.50338907142
0.366 16.9398907103825 2408.4432797818
0.346 12.1387283236994 2420.5820081055
0.382 3.66492146596859 2424.24692957147
0.414 9.66183574879227 2433.90876532027
0.341 3.2258064516129 2437.13457177188
0.389 16.1953727506427 2453.32994452252
0.422 15.6398104265403 2468.96975494906
0.377 19.893899204244 2488.86365415331
0.394 0 2488.86365415331
0.403 1.73697270471464 2490.60062685802
0.456 -1.75438596491228 2488.84624089311
0.443 12.8668171557562 2501.71305804886
0.402 -3.98009950248756 2497.73295854638
0.391 1.79028132992327 2499.5232398763
0.4 0.5 2500.0232398763
0.452 -15.4867256637168 2484.53651421258
0.476 8.40336134453782 2492.93987555712
0.353 15.014164305949 2507.95403986307
0.397 13.3501259445844 2521.30416580765
0.337 17.5074183976261 2538.81158420528
0.351 8.83190883190883 2547.64349303719
0.366 -4.37158469945355 2543.27190833774
0.354 11.2994350282486 2554.57134336598
0.377 5.03978779840849 2559.61113116439
0.379 25.065963060686 2584.67709422508
0.343 20.6997084548105 2605.37680267989
0.347 4.32276657060519 2609.69956925049
0.41 -6.34146341463415 2603.35810583586
0.401 0.748129675810474 2604.10623551167
0.405 20 2624.10623551167
0.379 -7.65171503957784 2616.45452047209
0.393 4.83460559796438 2621.28912607006
0.481 10.6029106029106 2631.89203667297
0.403 18.1141439205955 2650.00618059356
0.468 18.3760683760684 2668.38224896963
0.474 17.7215189873418 2686.10376795697
0.383 8.61618798955614 2694.71995594653
0.411 17.2749391727494 2711.99489511928
0.426 5.16431924882629 2717.15921436811
0.378 18.5185185185185 2735.67773288662
0.392 15.8163265306122 2751.49405941724
0.374 5.88235294117647 2757.37641235841
0.421 19.7149643705463 2777.09137672896
0.405 10.6172839506173 2787.70866067958
0.412 -5.33980582524272 2782.36885485433
0.407 0.737100737100737 2783.10595559143
0.393 12.9770992366412 2796.08305482808
0.411 12.4087591240876 2808.49181395216
0.386 21.2435233160622 2829.73533726823
0.403 14.6401985111663 2844.37553577939
0.398 -2.01005025125628 2842.36548552813
0.392 10.7142857142857 2853.07977124242
0.417 -3.59712230215827 2849.48264894026
0.405 -1.23456790123457 2848.24808103903
0.429 15.6177156177156 2863.86579665674
0.423 19.6217494089835 2883.48754606573
0.41 22.9268292682927 2906.41437533402
0.396 6.56565656565657 2912.98003189968
0.416 18.2692307692308 2931.24926266891
0.406 15.2709359605911 2946.5201986295
0.398 13.0653266331658 2959.58552526266
0.402 8.95522388059701 2968.54074914326
0.37 18.3783783783784 2986.91912752164
0.393 16.5394402035623 3003.4585677252
0.411 13.38199513382 3016.84056285902
0.403 -1.24069478908189 3015.59986806994
0.431 6.26450116009281 3021.86436923003
0.417 16.0671462829736 3037.93151551301
0.42 20.4761904761905 3058.4077059892
0.401 26.1845386533666 3084.59224464256
0.415 13.7349397590361 3098.3271844016
0.42 11.4285714285714 3109.75575583017
0.404 19.8019801980198 3129.55773602819
0.383 19.5822454308094 3149.139981459
0.395 18.4810126582278 3167.62099411723
0.344 0.581395348837209 3168.20238946607
0.428 5.60747663551402 3173.80986610158
0.409 6.60146699266504 3180.41133309424
0.358 1.11731843575419 3181.52865153
0.385 2.85714285714286 3184.38579438714
0.395 1.77215189873418 3186.15794628588
0.38 -0.526315789473684 3185.6316304964
0.388 -1.54639175257732 3184.08523874382
0.42 5.71428571428571 3189.79952445811
0.424 22.6415094339623 3212.44103389207
0.424 16.9811320754717 3229.42216596754
0.437 26.3157894736842 3255.73795544123
0.353 9.91501416430595 3265.65296960553
0.385 14.2857142857143 3279.93868389125
0.361 3.601108033241 3283.53979192449
0.385 7.01298701298701 3290.55277893748
0.378 1.05820105820106 3291.61097999568
0.421 -2.13776722090261 3289.47321277477
0.452 1.76991150442478 3291.2431242792
0.368 8.15217391304348 3299.39529819224
0.42 7.61904761904762 3307.01434581129
0.376 4.25531914893617 3311.26966496023
0.445 3.82022471910112 3315.08988967933
0.383 -1.30548302872063 3313.78440665061
0.443 0.225733634311512 3314.01014028492
0.418 7.17703349282297 3321.18717377774
0.35 2.28571428571429 3323.47288806346
0.412 -5.8252427184466 3317.64764534501
0.458 -3.49344978165939 3314.15419556335
0.546 -13.1868131868132 3300.96738237654
0.385 0.25974025974026 3301.22712263628
0.461 8.89370932754881 3310.12083196383
0.412 1.45631067961165 3311.57714264344
0.39 1.02564102564103 3312.60278366908
0.445 -2.02247191011236 3310.58031175897
0.396 -3.53535353535354 3307.04495822361
0.408 3.43137254901961 3310.47633077263
0.407 5.15970515970516 3315.63603593234
0.385 8.57142857142857 3324.20746450377
0.358 -2.79329608938547 3321.41416841438
0.374 -12.8342245989305 3308.57994381545
0.342 7.60233918128655 3316.18228299674
0.366 2.73224043715847 3318.9145234339
0.294 11.5646258503401 3330.47914928424
0.338 -2.36686390532544 3328.11228537891
0.399 -7.76942355889724 3320.34286182001
0.381 -8.13648293963255 3312.20637888038
0.336 -9.52380952380952 3302.68256935657
0.393 15.5216284987277 3318.2041978553
0.391 0.255754475703325 3318.459952331
0.366 -7.10382513661202 3311.35612719439
0.384 -5.20833333333333 3306.14779386106
0.353 -0.84985835694051 3305.29793550412
0.386 0.518134715025907 3305.81607021914
0.412 5.33980582524272 3311.15587604438
0.368 3.26086956521739 3314.4167456096
0.443 5.19187358916479 3319.60861919877
0.44 12.2727272727273 3331.88134647149
0.422 8.53080568720379 3340.4121521587
0.396 8.08080808080808 3348.49296023951
0.417 6.47482014388489 3354.96778038339
0.423 5.43735224586288 3360.40513262925
0.449 -3.78619153674833 3356.61894109251
0.476 -6.30252100840336 3350.3164200841
0.405 11.6049382716049 3361.92135835571
0.448 9.375 3371.29635835571
0.446 2.69058295964126 3373.98694131535
0.394 -12.1827411167513 3361.8042001986
0.418 -22.0095693779904 3339.79463082061
0.451 -5.54323725055432 3334.25139357005
0.461 -26.6811279826464 3307.57026558741
0.519 -1.34874759152216 3306.22151799588
0.455 -23.0769230769231 3283.14459491896
0.451 -5.09977827050998 3278.04481664845
0.414 -12.0772946859903 3265.96752196246
0.482 -20.3319502074689 3245.63557175499
0.407 -7.61670761670762 3238.01886413828
0.399 -19.7994987468672 3218.21936539142
0.437 -19.908466819222 3198.31089857219
0.45 -16 3182.31089857219
0.452 -6.19469026548673 3176.11620830671
0.431 3.01624129930394 3179.13244960601
0.411 -4.13625304136253 3174.99619656465
0.417 -12.2302158273381 3162.76598073731
0.438 -37.8995433789954 3124.86643735832
0.42 -19.047619047619 3105.8188183107
0.442 -21.7194570135747 3084.09936129712
0.471 1.91082802547771 3086.0101893226
0.445 11.4606741573034 3097.4708634799
0.432 -11.1111111111111 3086.35975236879
0.346 -13.2947976878613 3073.06495468093
0.435 -20.4597701149425 3052.60518456599
0.458 -10.0436681222707 3042.56151644372
0.425 -11.5294117647059 3031.03210467901
0.452 -15.4867256637168 3015.54537901529
0.402 -9.9502487562189 3005.59513025908
0.395 4.30379746835443 3009.89892772743
0.395 -7.84810126582278 3002.05082646161
0.413 6.05326876513317 3008.10409522674
0.37 4.86486486486486 3012.96896009161
0.413 -11.864406779661 3001.10455331194
0.427 1.17096018735363 3002.2755134993
0.403 0.744416873449132 3003.01993037275
0.436 0.458715596330275 3003.47864596908
0.42 1.42857142857143 3004.90721739765
0.401 4.23940149625935 3009.14661889391
0.316 -1.26582278481013 3007.8807961091
0.344 1.74418604651163 3009.62498215561
0.34 5.29411764705882 3014.91909980267
0.328 3.04878048780488 3017.96788029047
0.283 -1.06007067137809 3016.9078096191
0.355 -20 2996.9078096191
0.339 -2.65486725663717 2994.25294236246
0.411 -2.67639902676399 2991.57654333569
0.385 -3.37662337662338 2988.19991995907
0.357 5.88235294117647 2994.08227290025
0.351 -11.6809116809117 2982.40136121934
0.355 -5.35211267605634 2977.04924854328
0.41 -10.2439024390244 2966.80534610425
0.394 -10.6598984771574 2956.1454476271
0.415 9.87951807228916 2966.02496569939
0.384 -9.375 2956.64996569939
0.37 -12.4324324324324 2944.21753326695
0.383 0.783289817232376 2945.00082308419
0.389 3.34190231362468 2948.34272539781
0.389 -4.88431876606684 2943.45840663174
0.404 -7.92079207920792 2935.53761455254
0.367 -7.35694822888283 2928.18066632365
0.352 -18.75 2909.43066632365
0.337 -5.6379821958457 2903.79268412781
0.388 2.57731958762887 2906.37000371544
0.337 -13.353115727003 2893.01688798843
0.348 -10.9195402298851 2882.09734775855
0.33 -13.3333333333333 2868.76401442522
0.353 -11.0481586402266 2857.71585578499
0.377 3.97877984084881 2861.69463562584
0.446 -27.3542600896861 2834.34037553615
0.394 -15.7360406091371 2818.60433492701
0.386 -2.59067357512953 2816.01366135188
0.357 -8.12324929971989 2807.89041205216
0.38 3.68421052631579 2811.57462257848
0.412 -14.5631067961165 2797.01151578236
0.41 -9.26829268292683 2787.74322309944
0.476 -15.9663865546218 2771.77683654482
0.399 -17.2932330827068 2754.48360346211
0.419 -31.7422434367542 2722.74136002535
0.429 -10.4895104895105 2712.25184953584
0.402 4.47761194029851 2716.72946147614
0.405 -5.67901234567901 2711.05044913046
0.347 -0.864553314121037 2710.18589581634
0.348 4.02298850574713 2714.20888432209
0.391 -15.0895140664962 2699.11937025559
0.367 -1.36239782016349 2697.75697243543
0.39 -7.17948717948718 2690.57748525594
0.387 1.80878552971576 2692.38627078566
0.361 1.93905817174515 2694.3253289574
0.397 1.7632241813602 2696.08855313876
0.389 -16.1953727506427 2679.89318038812
0.383 -20.1044386422977 2659.78874174582
0.409 -11.9804400977995 2647.80830164802
0.395 -9.87341772151899 2637.93488392651
0.398 2.01005025125628 2639.94493417776
0.427 -19.4379391100703 2620.50699506769
0.413 -5.56900726392252 2614.93798780377
0.458 -16.1572052401747 2598.78078256359
0.47 5.95744680851064 2604.7382293721
0.368 10.8695652173913 2615.6077945895
0.454 -6.6079295154185 2608.99986507408
0.457 4.15754923413567 2613.15741430821
0.388 -11.340206185567 2601.81720812265
0.349 2.57879656160458 2604.39600468425
0.376 -9.57446808510638 2594.82153659914
0.36 -2.77777777777778 2592.04375882137
0.408 1.47058823529412 2593.51434705666
0.413 -3.6319612590799 2589.88238579758
0.427 -13.3489461358314 2576.53343966175
0.374 -2.13903743315508 2574.39440222859
0.406 -8.86699507389163 2565.5274071547
0.476 5.46218487394958 2570.98959202865
0.44 -12.2727272727273 2558.71686475593
0.397 -6.29722921914358 2552.41963553678
0.399 0.25062656641604 2552.6702621032
0.405 1.72839506172839 2554.39865716493
0.388 -11.340206185567 2543.05845097936
0.374 0.53475935828877 2543.59321033765
0.396 -16.1616161616162 2527.43159417603
0.421 -18.2897862232779 2509.14180795275
0.4 -3 2506.14180795275
0.415 -8.43373493975904 2497.70807301299
0.379 -16.622691292876 2481.08538172012
0.452 -19.0265486725664 2462.05883304755
0.345 -0.289855072463768 2461.76897797509
0.374 6.95187165775401 2468.72084963284
0.401 -6.23441396508728 2462.48643566775
0.382 -2.61780104712042 2459.86863462063
0.381 3.93700787401575 2463.80564249465
0.364 -3.84615384615385 2459.9594886485
0.369 -0.813008130081301 2459.14648051842
0.383 -6.00522193211488 2453.1412585863
0.34 2.94117647058824 2456.08243505689
0.382 5.75916230366492 2461.84159736055
0.387 8.01033591731266 2469.85193327787
0.376 -2.12765957446809 2467.7242737034
0.358 5.02793296089385 2472.75220666429
0.396 5.55555555555556 2478.30776221985
0.421 -0.712589073634204 2477.59517314621
0.488 13.9344262295082 2491.52959937572
0.433 1.61662817551963 2493.14622755124
0.363 0.275482093663912 2493.42170964491
0.418 1.43540669856459 2494.85711634347
0.414 0 2494.85711634347
0.41 -10.2439024390244 2484.61321390445
0.419 -15.5131264916468 2469.1000874128
0.414 -14.975845410628 2454.12424200217
0.433 -4.84988452655889 2449.27435747561
0.395 -9.87341772151899 2439.40093975409
0.413 -16.7070217917676 2422.69391796233
0.455 -22.6373626373626 2400.05655532496
0.386 2.07253886010363 2402.12909418507
0.395 -9.87341772151899 2392.25567646355
0.34 -17.0588235294118 2375.19685293414
0.406 -0.492610837438424 2374.7042420967
0.448 3.125 2377.8292420967
0.427 -4.91803278688525 2372.91120930981
0.404 -18.3168316831683 2354.59437762664
0.406 -13.3004926108374 2341.29388501581
0.409 -4.15647921760391 2337.1374057982
0.466 -10.3004291845494 2326.83697661365
0.443 -11.0609480812641 2315.77602853239
0.37 -16.2162162162162 2299.55981231617
0.397 -22.9219143576826 2276.63789795849
0.417 -17.5059952038369 2259.13190275465
0.376 -17.0212765957447 2242.11062615891
0.368 -7.60869565217391 2234.50193050673
0.413 -9.9273607748184 2224.57456973192
0.374 -9.09090909090909 2215.48366064101
0.397 -11.8387909319899 2203.64486970902
0.38 -6.31578947368421 2197.32908023533
0.391 -3.83631713554987 2193.49276309978
0.411 -8.51581508515815 2184.97694801462
0.38 -8.42105263157895 2176.55589538305
0.396 -11.6161616161616 2164.93973376688
0.436 -6.88073394495413 2158.05899982193
0.446 -17.0403587443946 2141.01864107753
0.41 -17.0731707317073 2123.94547034583
0.408 -9.80392156862745 2114.1415487772
0.428 -3.73831775700935 2110.40323102019
0.439 -13.4396355353075 2096.96359548488
0.417 -9.83213429256595 2087.13146119232
0.412 -5.33980582524272 2081.79165536707
0.388 -14.4329896907216 2067.35866567635
0.395 -9.36708860759494 2057.99157706876
0.407 -14.004914004914 2043.98666306384
0.361 -8.58725761772853 2035.39940544612
0.411 -9.00243309002433 2026.39697235609
0.361 -4.15512465373961 2022.24184770235
0.416 10.0961538461538 2032.33800154851
0.397 -1.25944584382872 2031.07855570468
0.395 0.253164556962025 2031.33172026164
0.421 -0.237529691211401 2031.09419057043
0.426 -23.943661971831 2007.1505285986
0.374 6.95187165775401 2014.10240025635
0.39 8.71794871794872 2022.8203489743
0.369 4.0650406504065 2026.88538962471
0.403 -7.19602977667494 2019.68935984803
0.426 -13.1455399061033 2006.54381994193
0.405 -18.5185185185185 1988.02530142341
0.415 -12.7710843373494 1975.25421708606
0.427 -18.9695550351288 1956.28466205093
0.42 -19.047619047619 1937.23704300331
0.409 -8.06845965770171 1929.16858334561
0.369 -1.8970189701897 1927.27156437542
0.382 -17.8010471204188 1909.470517255
0.444 6.30630630630631 1915.77682356131
0.375 -3.46666666666667 1912.31015689464
0.409 -26.6503667481663 1885.65979014647
0.371 -9.97304582210243 1875.68674432437
0.4 -1.5 1874.18674432437
0.346 -19.0751445086705 1855.1115998157
0.413 -28.8135593220339 1826.29804049367
0.404 7.42574257425743 1833.72378306793
0.394 7.61421319796954 1841.3379962659
0.381 -6.56167979002625 1834.77631647587
0.417 -20.3836930455636 1814.39262343031
0.394 1.52284263959391 1815.9154660699
0.394 0 1815.9154660699
0.384 -6.25 1809.6654660699
0.437 -10.2974828375286 1799.36798323237
0.422 -12.7962085308057 1786.57177470156
0.397 -8.81612090680101 1777.75565379476
0.387 -17.312661498708 1760.44299229606
0.389 -4.37017994858612 1756.07281234747
0.372 -15.5913978494624 1740.48141449801
0.404 -10.8910891089109 1729.5903253891
0.391 -3.32480818414322 1726.26551720495
0.407 -4.66830466830467 1721.59721253665
0.378 0 1721.59721253665
0.434 -3.2258064516129 1718.37140608504
0.396 -0.505050505050505 1717.86635557999
0.365 0.821917808219178 1718.6882733882
0.404 -5.94059405940594 1712.7476793288
0.443 -19.6388261851016 1693.1088531437
0.351 -19.0883190883191 1674.02053405538
0.389 -23.9074550128535 1650.11307904252
0.404 -18.8118811881188 1631.30119785441
0.375 -26.9333333333333 1604.36786452107
0.355 -30.7042253521127 1573.66363916896
0.366 -24.5901639344262 1549.07347523453
0.381 -27.5590551181102 1521.51442011642
0.432 -8.33333333333333 1513.18108678309
0.407 3.68550368550369 1516.86659046859
0.403 -21.5880893300248 1495.27850113857
0.41 -23.9024390243902 1471.37606211418
0.442 -12.6696832579186 1458.70637885626
0.38 6.31578947368421 1465.02216832994
0.41 -19.0243902439024 1445.99777808604
0.393 -11.9592875318066 1434.03849055423
0.377 -14.0583554376658 1419.98013511657
0.385 -19.4805194805195 1400.49961563605
0.367 12.8065395095368 1413.30615514559
0.378 16.9312169312169 1430.2373720768
0.446 6.72645739910314 1436.96382947591
0.422 -10.4265402843602 1426.53728919155
0.392 -18.8775510204082 1407.65973817114
0.372 -5.91397849462366 1401.74575967651
0.418 -11.4832535885167 1390.262506088
0.394 -18.7817258883249 1371.48078019967
0.397 -7.80856423173804 1363.67221596793
0.42 14.2857142857143 1377.95793025365
0.403 4.21836228287841 1382.17629253653
0.373 -0.268096514745308 1381.90819602178
0.425 -19.0588235294118 1362.84937249237
0.356 -10.1123595505618 1352.73701294181
0.366 -5.46448087431694 1347.27253206749
0.382 -2.09424083769634 1345.1782912298
0.346 2.3121387283237 1347.49042995812
0.362 1.65745856353591 1349.14788852165
0.339 -15.0442477876106 1334.10364073404
0.333 -21.9219219219219 1312.18171881212
0.351 -1.42450142450142 1310.75721738762
0.39 15.3846153846154 1326.14183277224
0.366 7.10382513661202 1333.24565790885
0.383 0.783289817232376 1334.02894772608
0.392 -3.57142857142857 1330.45751915465
0.363 -3.58126721763085 1326.87625193702
0.393 -3.30788804071247 1323.56836389631
0.395 -2.27848101265823 1321.28988288365
0.369 -6.23306233062331 1315.05682055303
0.382 -7.32984293193717 1307.72697762109
0.335 -14.0298507462687 1293.69712687482
0.371 -23.4501347708895 1270.24699210393
0.392 -10.7142857142857 1259.53270638965
0.4 -20 1239.53270638965
0.406 -17.2413793103448 1222.2913270793
0.41 -7.80487804878049 1214.48644903052
0.41 -21.4634146341463 1193.02303439637
0.36 0 1193.02303439637
0.324 16.6666666666667 1209.68970106304
0.415 8.91566265060241 1218.60536371364
0.374 -9.09090909090909 1209.51445462273
0.411 -7.05596107055961 1202.45849355218
0.415 -24.3373493975904 1178.12114415458
0.357 -4.20168067226891 1173.91946348232
0.399 -23.8095238095238 1150.10993967279
0.424 -15.0943396226415 1135.01560005015
0.389 -10.5398457583548 1124.4757542918
0.38 -4.21052631578947 1120.26522797601
0.406 -3.44827586206897 1116.81695211394
0.445 4.26966292134831 1121.08661503529
0.386 -19.1709844559585 1101.91563057933
0.392 3.06122448979592 1104.97685506912
0.38 -14.2105263157895 1090.76632875333
0.409 -3.17848410757946 1087.58784464575
0.397 -2.77078085642317 1084.81706378933
0.401 -22.6932668329177 1062.12379695641
0.409 -8.06845965770171 1054.05533729871
0.384 -14.5833333333333 1039.47200396538
0.414 -9.17874396135266 1030.29326000403
0.403 -6.69975186104218 1023.59350814298
0.401 -18.7032418952618 1004.89026624772
0.367 -9.53678474114441 995.353481506577
0.326 1.22699386503067 996.580475371608
0.383 -20.1044386422977 976.47603672931
0.419 -17.4224343675418 959.053602361768
0.387 -10.077519379845 948.976082981923
0.367 -13.8964577656676 935.079625216256
0.365 -11.2328767123288 923.846748503927
0.373 -12.0643431635389 911.782405340388
0.389 13.1105398457584 924.892945186146
0.398 9.54773869346734 934.440683879614
0.392 -19.8979591836735 914.54272469594
0.394 -7.10659898477157 907.436125711169
0.408 -4.90196078431373 902.534164926855
0.394 -3.55329949238579 898.980865434469
0.398 -8.04020100502512 890.940664429444
0.39 -15.3846153846154 875.556049044829
0.392 -23.9795918367347 851.576457208094
0.353 -14.4475920679887 837.128865140105
0.363 6.33608815426997 843.464953294375
0.32 -13.75 829.714953294375
0.354 -7.90960451977401 821.805348774601
0.36 -1.66666666666667 820.138682107935
0.363 5.23415977961433 825.372841887549
0.341 -13.1964809384164 812.176360949132
0.413 -20.0968523002421 792.07950864889
0.404 12.8712871287129 804.950795777603
0.401 9.22693266832918 814.177728445932
0.419 11.6945107398568 825.872239185789
0.388 11.8556701030928 837.727909288882
0.408 10.2941176470588 848.022026935941
0.339 12.6843657817109 860.706392717652
0.365 20.5479452054795 881.254337923131
0.362 17.1270718232044 898.381409746336
0.466 8.58369098712446 906.96510073346
0.398 5.0251256281407 911.990226361601
0.352 -3.40909090909091 908.58113545251
0.353 5.94900849858357 914.530143951093
0.372 15.5913978494624 930.121541800556
0.366 -10.3825136612022 919.739028139354
0.357 -8.12324929971989 911.615778839634
0.407 -0.737100737100737 910.878678102533
0.411 -9.97566909975669 900.903009002776
0.4 -10 890.903009002776
0.376 0.531914893617021 891.434923896393
0.378 -10.0529100529101 881.382013843483
0.381 -9.71128608923885 871.670727754244
0.383 -9.13838120104439 862.5323465532
0.4 -12.5 850.0323465532
0.387 -9.56072351421189 840.471623038988
0.352 -14.7727272727273 825.698895766261
0.33 -2.42424242424242 823.274653342018
0.36 7.77777777777778 831.052431119796
0.382 -3.66492146596859 827.387509653828
0.384 -4.6875 822.700009653828
0.37 -16.2162162162162 806.483793437611
0.399 -8.7719298245614 797.71186361305
0.363 -6.33608815426997 791.37577545878
0.413 -8.95883777239709 782.416937686383
0.402 -7.46268656716418 774.954251119219
0.395 -4.81012658227848 770.14412453694
0.372 4.3010752688172 774.445199805758
0.412 -13.5922330097087 760.852966796049
0.364 2.74725274725275 763.600219543301
0.415 -12.7710843373494 750.829135205952
0.427 -21.3114754098361 729.517659796116
0.412 -6.31067961165049 723.206980184466
0.409 2.68948655256724 725.896466737033
0.434 -8.75576036866359 717.140706368369
0.44 -9.09090909090909 708.04979727746
0.384 -18.75 689.29979727746
0.364 -3.2967032967033 686.003093980757
0.369 -1.8970189701897 684.106075010567
0.353 4.24929178470255 688.35536679527
0.374 16.0427807486631 704.398147543933
0.38 8.42105263157895 712.819200175512
0.378 -2.11640211640212 710.70279805911
0.365 -0.821917808219178 709.88088025089
0.393 -12.9770992366412 696.903781014249
0.346 4.04624277456647 700.950023788816
0.382 1.04712041884817 701.997144207664
0.363 -12.396694214876 689.600449992788
0.355 -3.66197183098592 685.938478161802
0.364 -4.94505494505495 680.993423216747
0.387 -7.49354005167959 673.499883165067
0.381 2.36220472440945 675.862087889477
0.361 -4.15512465373961 671.706963235737
0.37 -12.4324324324324 659.274530803305
0.352 -10.2272727272727 649.047258076032
0.385 -6.49350649350649 642.553751582526
0.365 4.10958904109589 646.663340623621
0.349 -8.88252148997135 637.78081913365
0.375 -29.0666666666667 608.714152466983
0.355 0.845070422535211 609.559222889519
0.348 -9.19540229885057 600.363820590668
0.368 3.80434782608696 604.168168416755
0.357 3.0812324929972 607.249400909752
0.354 -21.4689265536723 585.78047435608
0.381 -16.5354330708661 569.245041285214
0.357 8.12324929971989 577.368290584934
0.357 -10.9243697478992 566.443920837035
0.395 -8.86075949367089 557.583161343364
0.373 -2.41286863270777 555.170292710656
0.345 -8.98550724637681 546.184785464279
0.363 -4.6831955922865 541.501589871992
0.365 -10.1369863013699 531.364603570623
0.37 -10.8108108108108 520.553792759812
0.363 -1.37741046831956 519.176382291492
0.371 -12.6684636118598 506.507918679632
0.355 -13.8028169014085 492.705101778224
0.336 10.7142857142857 503.41938749251
0.367 -6.81198910081744 496.607398391692
0.353 0.28328611898017 496.890684510672
0.368 -16.304347826087 480.586336684585
0.367 -11.716621253406 468.869715431179
0.389 -14.1388174807198 454.73089795046
0.392 -19.3877551020408 435.343142848419
0.325 -6.46153846153846 428.88160438688
0.359 -11.4206128133705 417.46099157351
0.393 -11.4503816793893 406.010609894121
0.365 4.10958904109589 410.120198935217
0.339 -7.9646017699115 402.155597165305
0.35 -24 378.155597165305
0.35 -21.1428571428571 357.012740022448
0.301 7.64119601328904 364.653936035737
0.272 -4.41176470588235 360.242171329855
0.319 -20.3761755485893 339.865995781265
0.344 -8.13953488372093 331.726460897544
0.33 -2.42424242424242 329.302218473302
0.307 -8.79478827361564 320.507430199686
0.289 -7.95847750865052 312.548952691036
0.342 -14.6198830409357 297.9290696501
0.33 -19.3939393939394 278.535130256161
0.38 -7.36842105263158 271.166709203529
0.383 -13.3159268929504 257.850782310579
0.366 -3.82513661202186 254.025645698557
0.401 -8.22942643391521 245.796219264642
0.379 -17.1503957783641 228.645823486277
0.386 -11.9170984455959 216.728725040682
0.415 -3.13253012048193 213.5961949202
0.391 4.34782608695652 217.944021007156
0.381 -14.4356955380577 203.508325469098
0.392 -2.55102040816327 200.957305060935
0.336 -11.3095238095238 189.647781251411
0.384 -19.2708333333333 170.376947918078
0.375 -13.0666666666667 157.310281251411
0.424 -11.3207547169811 145.98952653443
0.412 -20.3883495145631 125.601177019867
0.424 -12.7358490566038 112.865327963263
0.429 -14.6853146853147 98.1800132779487
0.424 -9.90566037735849 88.2743529005902
0.44 -7.72727272727273 80.5470801733175
0.437 -19.4508009153318 61.0962792579857
0.388 -9.79381443298969 51.302464824996
0.402 -9.45273631840796 41.849728506588
0.407 -7.61670761670762 34.2330208898804
0.442 -16.7420814479638 17.4909394419166
0.431 -24.3619489559165 -6.87100951399987
0.432 -11.1111111111111 -17.982120625111
0.357 0.840336134453782 -17.1417844906572
0.366 -6.01092896174863 -23.1527134524058
0.376 -18.0851063829787 -41.2378198353846
0.418 -12.4401913875598 -53.6780112229444
0.422 -17.0616113744076 -70.739622597352
0.454 -11.4537444933921 -82.193367090744
0.444 -2.25225225225225 -84.4456193429963
0.436 -12.3853211009174 -96.8309404439137
0.444 -19.3693693693694 -116.200309813283
0.437 -7.09382151029748 -123.294131323581
0.437 -21.2814645308924 -144.575595854473
0.39 -11.2820512820513 -155.857647136524
0.394 -14.7208121827411 -170.578459319265
0.423 -3.54609929078014 -174.124558610046
0.406 -1.97044334975369 -176.095001959799
0.393 5.34351145038168 -170.751490509418
0.441 -12.9251700680272 -183.676660577445
0.432 -16.6666666666667 -200.343327244111
0.431 -13.2250580046404 -213.568385248752
0.36 0 -213.568385248752
0.372 -6.98924731182796 -220.55763256058
0.373 -5.09383378016086 -225.651466340741
0.377 -18.3023872679045 -243.953853608645
0.373 -9.91957104557641 -253.873424654222
0.39 -15.3846153846154 -269.258040038837
0.406 -15.2709359605911 -284.528975999428
0.41 -16.5853658536585 -301.114341853087
0.39 7.17948717948718 -293.934854673599
0.375 -5.06666666666667 -299.001521340266
0.438 -5.02283105022831 -304.024352390494
0.367 5.17711171662125 -298.847240673873
0.344 -11.046511627907 -309.89375230178
0.376 2.12765957446809 -307.766092727312
0.344 0.581395348837209 -307.184697378475
0.359 0.835654596100279 -306.349042782375
0.342 0.584795321637427 -305.764247460737
0.364 0.549450549450549 -305.214796911287
0.366 -4.91803278688525 -310.132829698172
0.356 -8.42696629213483 -318.559795990307
0.33 -7.27272727272727 -325.832523263034
0.299 -13.0434782608696 -338.876001523903
0.334 -10.7784431137725 -349.654444637676
0.336 -4.16666666666667 -353.821111304343
0.339 -18.5840707964602 -372.405182100803
0.342 -11.1111111111111 -383.516293211914
0.329 -12.4620060790274 -395.978299290941
0.346 2.89017341040462 -393.088125880537
0.354 1.12994350282486 -391.958182377712
0.334 5.98802395209581 -385.970158425616
0.304 -10.5263157894737 -396.49647421509
0.363 3.03030303030303 -393.466171184787
0.351 3.7037037037037 -389.762467481083
0.344 -6.97674418604651 -396.739211667129
0.329 5.16717325227964 -391.57203841485
0.365 -10.6849315068493 -402.256969921699
0.39 5.12820512820513 -397.128764793494
0.361 4.15512465373961 -392.973640139754
0.373 1.87667560321716 -391.096964536537
0.395 -11.8987341772152 -402.995698713752
0.368 3.26086956521739 -399.734829148535
0.344 -6.97674418604651 -406.711573334582
0.348 -0.574712643678161 -407.28628597826
0.338 -1.18343195266272 -408.469717930922
0.348 -3.44827586206897 -411.917993792991
0.333 -2.1021021021021 -414.020095895093
0.363 -22.3140495867769 -436.33414548187
0.343 -3.79008746355685 -440.124232945427
0.364 -3.2967032967033 -443.42093624213
0.346 -8.09248554913295 -451.513421791263
0.342 -1.16959064327485 -452.683012434538
0.338 10.6508875739645 -442.032124860574
0.348 -3.44827586206897 -445.480400722643
0.377 -7.69230769230769 -453.17270841495
0.406 -4.92610837438424 -458.098816789335
0.453 4.19426048565121 -453.904556303683
0.379 -17.6781002638522 -471.582656567536
0.453 2.86975717439294 -468.712899393143
0.371 9.97304582210243 -458.73985357104
0.386 9.32642487046632 -449.413428700574
0.392 -3.57142857142857 -452.984857272003
0.418 -0.478468899521531 -453.463326171524
0.446 6.2780269058296 -447.185299265695
0.395 10.379746835443 -436.805552430252
0.411 6.08272506082725 -430.722827369424
0.406 9.35960591133005 -421.363221458094
0.429 6.75990675990676 -414.603314698187
0.424 0 -414.603314698187
0.393 10.4325699745547 -404.170744723633
0.415 -13.7349397590361 -417.905684482669
0.446 4.93273542600897 -412.97294905666
0.421 5.46318289786223 -407.509766158798
0.4 4 -403.509766158798
0.42 -12.3809523809524 -415.89071853975
0.422 -6.63507109004739 -422.525789629797
0.426 -8.92018779342723 -431.445977423225
0.415 -14.6987951807229 -446.144772603948
0.368 7.06521739130435 -439.079555212643
0.381 -1.31233595800525 -440.391891170648
0.403 0.744416873449132 -439.647474297199
0.407 -14.4963144963145 -454.143788793514
0.433 -2.07852193995381 -456.222310733468
0.427 3.04449648711944 -453.177814246348
0.41 -10.7317073170732 -463.909521563421
0.427 -7.25995316159251 -471.169474725014
0.436 -12.3853211009174 -483.554795825931
0.47 8.08510638297872 -475.469689442953
0.456 7.89473684210526 -467.574952600847
0.403 5.70719602977668 -461.867756571071
0.346 0.578034682080925 -461.28972188899
0.401 6.73316708229426 -454.556554806695
0.39 12.3076923076923 -442.248862499003
0.395 3.29113924050633 -438.957723258497
0.335 -0.895522388059702 -439.853245646557
0.352 -0.568181818181818 -440.421427464738
0.392 -17.8571428571429 -458.278570321881
0.37 -16.2162162162162 -474.494786538097
0.388 -7.21649484536082 -481.711281383458
0.384 17.1875 -464.523781383458
0.357 20.4481792717087 -444.07560211175
0.354 2.82485875706215 -441.250743354687
0.414 -2.41545893719807 -443.666202291885
0.378 -2.11640211640212 -445.782604408288
0.361 -1.38504155124654 -447.167645959534
0.338 -7.10059171597633 -454.26823767551
0.377 6.10079575596817 -448.167441919542
0.441 1.13378684807256 -447.03365507147
0.422 0.947867298578199 -446.085787772892
0.409 8.55745721271394 -437.528330560178
0.404 -12.3762376237624 -449.90456818394
0.382 5.75916230366492 -444.145405880275
0.37 -1.62162162162162 -445.767027501897
0.385 0.779220779220779 -444.987806722676
0.374 -5.3475935828877 -450.335400305564
0.413 -14.2857142857143 -464.621114591278
0.418 -23.9234449760766 -488.544559567354
0.418 -17.7033492822966 -506.247908849651
0.377 -4.50928381962865 -510.75719266928
0.392 -12.7551020408163 -523.512294710096
0.436 -6.42201834862385 -529.93431305872
0.397 -9.31989924433249 -539.254212303052
0.386 -2.59067357512953 -541.844885878182
0.391 -1.79028132992327 -543.635167208105
0.421 -20.6650831353919 -564.300250343497
0.372 -7.52688172043011 -571.827132063927
0.378 -5.82010582010582 -577.647237884033
0.429 -4.42890442890443 -582.076142312937
0.431 -14.6171693735499 -596.693311686487
0.414 -6.28019323671498 -602.973504923202
0.413 0.726392251815981 -602.247112671386
0.377 -1.85676392572944 -604.103876597116
0.406 -6.40394088669951 -610.507817483815
0.383 8.09399477806788 -602.413822705747
0.364 6.04395604395604 -596.369866661791
0.356 -15.1685393258427 -611.538405987634
0.395 -7.34177215189873 -618.880178139533
0.358 -2.79329608938547 -621.673474228918
0.383 -14.3603133159269 -636.033787544845
0.419 -0.715990453460621 -636.749777998306
0.424 -5.18867924528302 -641.938457243589
0.438 -6.84931506849315 -648.787772312082
0.478 18.4100418410042 -630.377730471078
0.392 -8.16326530612245 -638.5409957772
0.412 3.88349514563107 -634.657500631569
0.414 -2.89855072463768 -637.556051356207
0.36 18.3333333333333 -619.222718022874
0.346 15.028901734104 -604.19381628877
0.359 18.1058495821727 -586.087966706597
0.323 2.1671826625387 -583.920784044058
0.346 -0.578034682080925 -584.498818726139
0.369 13.2791327913279 -571.219685934811
0.369 8.40108401084011 -562.818601923971
0.403 15.136476426799 -547.682125497172
0.452 5.30973451327434 -542.372390983898
0.401 12.7182044887781 -529.65418649512
0.39 3.07692307692308 -526.577263418196
0.402 3.48258706467662 -523.09467635352
0.35 4.57142857142857 -518.523247782091
0.354 -4.51977401129944 -523.043021793391
0.357 -1.40056022408964 -524.44358201748
0.378 8.46560846560847 -515.977973551872
0.384 -2.60416666666667 -518.582140218539
0.425 -0.235294117647059 -518.817434336186
0.423 -16.7848699763593 -535.602304312545
0.435 1.60919540229885 -533.993108910246
0.389 -5.39845758354756 -539.391566493794
0.361 -0.831024930747922 -540.222591424542
0.393 2.29007633587786 -537.932515088664
0.379 13.4564643799472 -524.476050708717
0.423 -8.74704491725768 -533.223095625974
0.396 0 -533.223095625974
0.396 -6.06060606060606 -539.28370168658
0.395 -6.83544303797468 -546.119144724555
0.386 -8.80829015544041 -554.927434879995
0.395 -9.87341772151899 -564.800852601514
0.417 14.1486810551559 -550.652171546358
0.393 8.9058524173028 -541.746319129056
0.415 -6.50602409638554 -548.252343225441
0.405 -3.7037037037037 -551.956046929145
0.404 4.95049504950495 -547.00555187964
0.406 8.86699507389163 -538.138556805748
0.408 1.47058823529412 -536.667968570454
0.436 7.79816513761468 -528.86980343284
0.452 3.09734513274336 -525.772458300096
0.481 2.7027027027027 -523.069755597394
0.412 2.9126213592233 -520.15713423817
0.428 5.14018691588785 -515.016947322282
0.397 13.8539042821159 -501.163043040166
0.397 1.25944584382872 -499.903597196338
0.4 -5 -504.903597196338
0.383 4.96083550913838 -499.942761687199
0.397 0.251889168765743 -499.690872518434
0.393 -1.27226463104326 -500.963137149477
0.391 -1.27877237851662 -502.241909527994
0.439 6.1503416856492 -496.091567842344
0.391 15.0895140664962 -481.002053775848
0.401 -7.23192019950125 -488.233973975349
0.342 -1.75438596491228 -489.988359940262
0.373 3.48525469168901 -486.503105248573
0.388 -2.06185567010309 -488.564960918676
0.369 -15.9891598915989 -504.554120810275
0.407 -12.039312039312 -516.593432849587
0.433 -12.70207852194 -529.295511371527
0.389 -8.48329048843188 -537.778801859959
0.413 -13.8014527845036 -551.580254644462
0.396 -15.1515151515152 -566.731769795977
0.395 -9.87341772151899 -576.605187517496
0.423 -15.3664302600473 -591.971617777544
0.388 -7.21649484536082 -599.188112622904
0.387 -1.29198966408269 -600.480102286987
0.362 9.39226519337017 -591.087837093617
0.416 12.0192307692308 -579.068606324386
0.407 2.7027027027027 -576.365903621684
0.432 -3.24074074074074 -579.606644362424
0.488 8.19672131147541 -571.409923050949
0.431 3.94431554524362 -567.465607505705
0.474 -0.421940928270042 -567.887548433975
0.447 4.69798657718121 -563.189561856794
0.458 -2.18340611353712 -565.372967970331
0.45 1.33333333333333 -564.039634636998
0.458 0 -564.039634636998
0.465 -8.38709677419355 -572.426731411191
0.442 -6.33484162895928 -578.761573040151
0.482 -7.05394190871369 -585.815514948864
0.46 -5.21739130434783 -591.032906253212
0.466 -9.01287553648069 -600.045781789693
0.476 -9.2436974789916 -609.289479268684
0.479 -8.55949895615866 -617.848978224843
0.467 -11.3490364025696 -629.198014627413
0.474 -8.43881856540084 -637.636833192814
0.453 -9.93377483443709 -647.570608027251
0.476 -7.14285714285714 -654.713465170108
0.472 -8.89830508474576 -663.611770254853
0.445 -10.561797752809 -674.173568007663
0.47 -5.95744680851064 -680.131014816173
0.45 -4.44444444444444 -684.575459260618
0.469 -5.75692963752665 -690.332388898144
0.483 -4.76190476190476 -695.094293660049
0.485 -8.8659793814433 -703.960273041492
0.458 -6.98689956331878 -710.947172604811
0.477 -0.209643605870021 -711.156816210681
0.456 -5.26315789473684 -716.419974105418
0.469 -10.0213219616205 -726.441296067038
0.442 0.904977375565611 -725.536318691473
0.466 -6.00858369098712 -731.54490238246
0.478 -12.5523012552301 -744.09720363769
0.494 -12.1457489878543 -756.242952625544
0.48 -4.16666666666667 -760.409619292211
0.459 -13.7254901960784 -774.135109488289
0.473 -13.7420718816068 -787.877181369896
0.452 -6.19469026548673 -794.071871635383
0.454 -10.5726872246696 -804.644558860052
0.463 -11.4470842332613 -816.091643093314
0.452 -9.73451327433628 -825.82615636765
0.468 -7.69230769230769 -833.518464059958
0.453 0.22075055187638 -833.297713508081
0.483 -8.07453416149068 -841.372247669572
0.476 -10.9243697478992 -852.296617417471
0.471 -5.73248407643312 -858.029101493904
0.466 -10.3004291845494 -868.329530678454
0.474 -3.37552742616034 -871.705058104614
0.466 -10.3004291845494 -882.005487289163
0.456 -3.07017543859649 -885.07566272776
0.481 -4.78170478170478 -889.857367509465
0.439 -6.60592255125285 -896.463290060718
0.448 -12.0535714285714 -908.516861489289
0.475 1.47368421052632 -907.043177278763
0.485 -12.5773195876289 -919.620496866392
0.501 -7.38522954091816 -927.00572640731
0.438 0.45662100456621 -926.549105402744
0.332 -2.40963855421687 -928.95874395696
0.428 -0.934579439252336 -929.893323396213
0.421 13.5391923990499 -916.354130997163
0.368 6.52173913043478 -909.832391866728
0.421 5.46318289786223 -904.369208968866
0.381 -1.83727034120735 -906.206479310073
0.429 9.09090909090909 -897.115570219164
0.426 5.63380281690141 -891.481767402263
0.432 3.24074074074074 -888.241026661522
0.451 7.76053215077605 -880.480494510746
0.409 7.57946210268949 -872.901032408056
0.374 -5.88235294117647 -878.783385349233
0.401 -6.73316708229426 -885.516552431527
0.408 -4.90196078431373 -890.418513215841
0.423 -3.54609929078014 -893.964612506621
0.41 -13.1707317073171 -907.135344213938
0.417 -7.43405275779376 -914.569396971732
0.367 1.90735694822888 -912.662040023503
0.368 11.9565217391304 -900.705518284372
0.439 -2.50569476082005 -903.211213045192
0.389 -5.91259640102828 -909.123809446221
0.391 3.83631713554987 -905.287492310671
0.418 1.91387559808612 -903.373616712585
0.384 8.85416666666667 -894.519450045918
0.394 7.61421319796954 -886.905236847949
0.411 -10.4622871046229 -897.367523952571
0.471 1.91082802547771 -895.456695927094
0.445 -0.674157303370786 -896.130853230465
0.411 -3.16301703163017 -899.293870262095
0.424 -0.943396226415094 -900.23726648851
0.451 -12.6385809312639 -912.875847419774
0.382 -23.0366492146597 -935.912496634433
0.413 -11.3801452784504 -947.292641912884
0.443 -0.677200902934537 -947.969842815818
0.413 -9.9273607748184 -957.897203590637
0.398 -7.53768844221106 -965.434892032848
0.41 3.90243902439024 -961.532453008458
0.413 4.11622276029056 -957.416230248167
0.425 9.64705882352941 -947.769171424638
0.411 6.56934306569343 -941.199828358944
0.409 7.57946210268949 -933.620366256255
0.343 11.9533527696793 -921.667013486575
0.352 -1.13636363636364 -922.803377122939
0.382 4.71204188481675 -918.091335238122
0.427 19.4379391100703 -898.653396128052
0.383 11.2271540469974 -887.426242081055
0.385 7.53246753246753 -879.893774548587
0.37 14.0540540540541 -865.839720494533
0.351 -7.12250712250712 -872.96222761704
0.402 7.96019900497512 -865.002028612065
0.353 0.28328611898017 -864.718742493085
0.388 -4.12371134020619 -868.842453833291
0.402 7.96019900497512 -860.882254828316
0.421 23.0403800475059 -837.84187478081
0.418 11.0047846889952 -826.837090091815
0.402 3.48258706467662 -823.354503027138
0.417 20.3836930455636 -802.970809981575
0.456 16.2280701754386 -786.742739806136
0.398 6.03015075376884 -780.712589052367
0.356 6.17977528089888 -774.532813771468
0.405 6.17283950617284 -768.359974265295
0.412 14.0776699029126 -754.282304362383
0.438 13.6986301369863 -740.583674225396
0.386 14.5077720207254 -726.075902204671
0.392 17.3469387755102 -708.728963429161
0.441 -1.13378684807256 -709.862750277233
0.446 -5.82959641255605 -715.692346689789
0.428 0.467289719626168 -715.225056970163
0.4 6 -709.225056970163
0.43 3.25581395348837 -705.969243016675
0.465 23.4408602150538 -682.528382801621
0.396 26.2626262626263 -656.265756538995
0.394216133942161 12.7413127413127 -643.524443797682
