gc_content gc_skew gc_culm
0.635 -12.4409448818898 -12.4409448818898
0.477 11.5303983228512 -0.910546559038609
0.619 -4.36187399030695 -5.27242054934556
0.61 -6.88524590163934 -12.1576664509849
0.475 4.42105263157895 -7.73661381940595
0.526 -0.760456273764259 -8.49707009317021
0.65 -12 -20.4970700931702
0.607 1.4827018121911 -19.0143682809791
0.514 -10.1167315175097 -29.1310997984888
0.644 -11.4906832298137 -40.6217830283025
0.59 -1.35593220338983 -41.9777152316923
0.528 1.13636363636364 -40.8413515953287
0.65 -11.3846153846154 -52.2259669799441
0.646 -0.619195046439629 -52.8451620263837
0.627 -8.45295055821372 -61.2981125845974
0.682 4.69208211143695 -56.6060304731605
0.606 -2.97029702970297 -59.5763275028634
0.492 -9.75609756097561 -69.3324250638391
0.465 -4.08602150537634 -73.4184465692154
0.603 -2.1558872305141 -75.5743337997295
0.602 -3.32225913621262 -78.8965929359421
0.554 -10.8303249097473 -89.7269178456894
0.573 3.31588132635253 -86.4110365193369
0.686 6.41399416909621 -79.9970423502407
0.439 7.06150341685649 -72.9355389333842
0.576 8.68055555555556 -64.2549833778286
0.657 11.1111111111111 -53.1438722667175
0.646 8.04953560371517 -45.0943366630023
0.619 -1.77705977382876 -46.8713964368311
0.614 -2.28013029315961 -49.1515267299907
0.607 13.0148270181219 -36.1366997118688
0.596 7.38255033557047 -28.7541493762983
0.635 11.1811023622047 -17.5730470140936
0.596 9.06040268456376 -8.51264432952984
0.613 9.29853181076672 0.78588748123688
0.608 9.53947368421053 10.3253611654474
0.597 3.18257956448911 13.5079407299365
0.627 1.11642743221691 14.6243681621534
0.625 7.52 22.1443681621534
0.65 0.923076923076923 23.0674450852303
0.626 4.47284345047923 27.5402885357096
0.656 3.65853658536585 31.1988251210754
0.585 15.2136752136752 46.4125003347506
0.651 9.98463901689708 56.3971393516477
0.642 11.214953271028 67.6120926226758
0.656 4.8780487804878 72.4901414031636
0.605 9.42148760330578 81.9116290064694
0.571 7.88091068301226 89.7925396894816
0.613 10.2773246329527 100.069864322434
0.611 2.12765957446809 102.197523896902
0.592 4.72972972972973 106.927253626632
0.613 9.62479608482871 116.552049711461
0.623 9.47030497592295 126.022354687384
0.621 -3.7037037037037 122.31865098368
0.642 11.5264797507788 133.845130734459
0.653 6.27871362940276 140.123844363862
0.563 9.41385435168739 149.537698715549
0.635 5.82677165354331 155.364470369092
0.613 8.31973898858075 163.684209357673
0.627 7.17703349282297 170.861242850496
0.57 -0.350877192982456 170.510365657514
0.532 2.63157894736842 173.141944604882
0.553 -2.7124773960217 170.42946720886
0.569 3.69068541300527 174.120152621866
0.575 7.47826086956522 181.598413491431
0.573 13.7870855148342 195.385499006265
0.521 3.26295585412668 198.648454860392
0.537 11.3594040968343 210.007858957226
0.586 6.8259385665529 216.833797523779
0.58 7.24137931034483 224.075176834124
0.619 13.4087237479806 237.483900582104
0.611 13.911620294599 251.395520876703
0.581 -0.516351118760757 250.879169757943
0.621 7.2463768115942 258.125546569537
0.609 1.47783251231527 259.603379081852
0.569 6.50263620386643 266.106015285718
0.633 5.21327014218009 271.319285427899
0.611 8.01963993453355 279.338925362432
0.665 12.4812030075188 291.820128369951
0.706 5.38243626062323 297.202564630574
0.689 11.4658925979681 308.668457228542
0.676 5.02958579881657 313.698043027359
0.664 2.40963855421687 316.107681581576
0.652 0 316.107681581576
0.671 13.8599105812221 329.967592162798
0.647 5.10046367851623 335.068055841314
0.684 -0.292397660818713 334.775658180495
0.615 4.39024390243902 339.165902082934
0.612 5.88235294117647 345.048255024111
0.644 11.8012422360248 356.849497260136
0.625 10.4 367.249497260136
0.557 5.2064631956912 372.455960455827
0.522 6.51340996168582 378.969370417513
0.471 4.45859872611465 383.427969143627
0.482 9.54356846473029 392.971537608358
0.494 8.90688259109312 401.878420199451
0.474 9.28270042194093 411.161120621392
0.494 -3.64372469635628 407.517395925035
0.468 5.98290598290598 413.500301907941
0.479 6.88935281837161 420.389654726313
0.48 16.6666666666667 437.05632139298
0.464 6.03448275862069 443.0908041516
0.457 6.34573304157549 449.436537193176
0.44 4.54545454545455 453.98199173863
0.479 5.63674321503132 459.618734953662
0.58 1.37931034482759 460.998045298489
0.477 -6.49895178197065 454.499093516519
0.559 0.894454382826476 455.393547899345
0.6 4.33333333333333 459.726881232678
0.609 0.821018062397373 460.547899295076
0.643 1.08864696734059 461.636546262416
0.633 5.21327014218009 466.849816404596
0.633 4.58135860979463 471.431175014391
0.621 4.66988727858293 476.101062292974
0.592 5.40540540540541 481.506467698379
0.563 8.70337477797513 490.209842476355
0.673 11.1441307578009 501.353973234155
0.621 1.44927536231884 502.803248596474
0.616 8.44155844155844 511.244807038033
0.605 2.14876033057851 513.393567368611
0.589 3.90492359932088 517.298490967932
0.651 3.53302611367128 520.831517081603
0.577 1.21317157712305 522.044688658726
0.607 -2.8006589785832 519.244029680143
0.573 5.41012216404887 524.654151844192
0.629 6.51828298887122 531.172434833063
0.634 9.46372239747634 540.63615723054
0.632 11.0759493670886 551.712106597628
0.665 13.6842105263158 565.396317123944
0.612 0 565.396317123944
0.64 5.625 571.021317123944
0.59 -3.38983050847458 567.631486615469
0.671 0.745156482861401 568.376643098331
0.615 10.2439024390244 578.620545537355
0.602 4.65116279069767 583.271708328053
0.608 10.5263157894737 593.798024117527
0.589 11.3752122241087 605.173236341635
0.636 15.0943396226415 620.267575964277
0.636 10.377358490566 630.644934454843
0.688 15.406976744186 646.051911199029
0.658 11.5501519756839 657.602063174713
0.626 7.3482428115016 664.950305986214
0.597 13.5678391959799 678.518145182194
0.596 10.4026845637584 688.920829745953
0.6 4.33333333333333 693.254163079286
0.592 4.05405405405405 697.30821713334
0.651 9.06298003072197 706.371197164062
0.653 12.0980091883614 718.469206352423
0.636 14.7798742138365 733.24908056626
0.643 2.33281493001555 735.581895496275
0.638 2.82131661442006 738.403212110695
0.595 2.52100840336134 740.924220514057
0.613 9.29853181076672 750.222752324824
0.61 9.83606557377049 760.058817898594
0.597 4.18760469011725 764.246422588711
0.626 8.62619808306709 772.872620671778
0.591 3.8917089678511 776.76432963963
0.614 2.28013029315961 779.044459932789
0.59 2.71186440677966 781.756324339569
0.528 8.71212121212121 790.46844555169
0.576 3.81944444444444 794.287889996134
0.553 3.79746835443038 798.085358350565
0.547 12.2486288848263 810.333987235391
0.505 8.51485148514852 818.84883872054
0.533 11.4446529080675 830.293491628607
0.577 2.59965337954939 832.893145008157
0.594 3.36700336700337 836.26014837516
0.655 10.5343511450382 846.794499520198
0.588 2.04081632653061 848.835315846729
0.54 5.18518518518519 854.020501031914
0.608 15.7894736842105 869.809974716124
0.614 4.88599348534202 874.695968201466
0.63 3.17460317460317 877.87057137607
0.628 8.9171974522293 886.787768828299
0.674 13.0563798219585 899.844148650257
0.647 10.355486862442 910.199635512699
0.633 6.47709320695103 916.67672871965
0.642 7.16510903426791 923.841837753918
0.605 -2.14876033057851 921.69307742334
0.641 7.64430577223089 929.337383195571
0.598 4.0133779264214 933.350761121992
0.631 4.27892234548336 937.629683467476
0.644 8.07453416149068 945.704217628966
0.567 4.05643738977072 949.760655018737
0.582 7.56013745704467 957.320792475782
0.559 13.0590339892665 970.379826465048
0.593 9.27487352445194 979.6546999895
0.59 8.13559322033898 987.790293209839
0.535 9.1588785046729 996.949171714512
0.598 12.7090301003344 1009.65820181485
0.591 4.90693739424704 1014.56513920909
0.605 7.76859504132231 1022.33373425042
0.671 7.00447093889717 1029.33820518931
0.606 7.92079207920792 1037.25899726852
0.573 10.6457242582897 1047.90472152681
0.6 13 1060.90472152681
0.644 12.111801242236 1073.01652276905
0.685 13.8686131386861 1086.88513590773
0.613 5.70962479608483 1092.59476070382
0.635 4.88188976377953 1097.4766504676
0.558 0.716845878136201 1098.19349634573
0.678 9.73451327433628 1107.92800962007
0.649 6.00924499229584 1113.93725461237
0.609 5.09031198686371 1119.02756659923
0.607 3.13014827018122 1122.15771486941
0.641 11.3884555382215 1133.54617040763
0.627 8.7719298245614 1142.31810023219
0.631 3.96196513470681 1146.2800653669
0.634 3.47003154574133 1149.75009691264
0.61 7.54098360655738 1157.2910805192
0.6 9 1166.2910805192
0.663 12.8205128205128 1179.11159333971
0.654 11.9266055045872 1191.0381988443
0.619 6.94668820678514 1197.98488705108
0.682 8.21114369501466 1206.1960307461
0.613 7.99347471451876 1214.18950546062
0.6 -5.66666666666667 1208.52283879395
0.577 8.49220103986135 1217.01503983381
0.632 14.5569620253165 1231.57200185913
0.623 13.322632423756 1244.89463428288
0.649 6.31741140215717 1251.21204568504
0.683 6.00292825768668 1257.21497394273
0.614 7.49185667752443 1264.70683062025
0.591 7.95262267343486 1272.65945329369
0.532 11.2781954887218 1283.93764878241
0.643 5.44323483670296 1289.38088361911
0.655 4.42748091603053 1293.80836453514
0.587 4.59965928449744 1298.40802381964
0.653 5.05359877488515 1303.46162259453
0.663 11.9155354449472 1315.37715803947
0.666 6.00600600600601 1321.38316404548
0.667 6.14692653673163 1327.53009058221
0.649 7.85824345146379 1335.38833403367
0.666 -0.600600600600601 1334.78773343307
0.664 5.12048192771084 1339.90821536078
0.644 7.14285714285714 1347.05107250364
0.645 2.01550387596899 1349.06657637961
0.63 3.17460317460317 1352.24117955421
0.605 12.0661157024793 1364.30729525669
0.564 14.1843971631206 1378.49169241981
0.519 13.6801541425819 1392.1718465624
0.61 15.4098360655738 1407.58168262797
0.638 16.6144200626959 1424.19610269067
0.587 8.68824531516184 1432.88434800583
0.63 0.634920634920635 1433.51926864075
0.703 8.39260312944523 1441.91187177019
0.647 9.11901081916538 1451.03088258936
0.632 5.69620253164557 1456.727085121
0.666 6.00600600600601 1462.73309112701
0.657 10.5022831050228 1473.23537423203
0.681 8.37004405286344 1481.6054182849
0.672 4.46428571428571 1486.06970399918
0.648 4.01234567901235 1490.08204967819
0.668 1.49700598802395 1491.57905566622
0.673 10.5497771173848 1502.1288327836
0.663 10.4072398190045 1512.53607260261
0.651 10.2918586789555 1522.82793128156
0.642 12.7725856697819 1535.60051695134
0.613 3.09951060358891 1538.70002755493
0.681 9.2511013215859 1547.95112887652
0.626 3.83386581469649 1551.78499469122
0.631 6.49762282091918 1558.28261751214
0.614 5.21172638436482 1563.4943438965
0.623 4.65489566613162 1568.14923956263
0.643 6.37636080870918 1574.52560037134
0.591 5.58375634517767 1580.10935671652
0.638 3.76175548589342 1583.87111220241
0.638 4.07523510971787 1587.94634731213
0.64 5.625 1593.57134731213
0.646 1.54798761609907 1595.11933492823
0.612 10.1307189542484 1605.25005388248
0.669 5.23168908819133 1610.48174297067
0.639 10.1721439749609 1620.65388694563
0.63 9.20634920634921 1629.86023615198
0.603 8.12603648424544 1637.98627263622
0.632 11.3924050632911 1649.37867769952
0.606 10.8910891089109 1660.26976680843
0.615 6.01626016260163 1666.28602697103
0.628 6.36942675159236 1672.65545372262
0.598 -4.68227424749164 1667.97317947513
0.629 7.15421303656598 1675.12739251169
0.634 5.36277602523659 1680.49016853693
0.6 14 1694.49016853693
0.487 11.2936344969199 1705.78380303385
0.484 11.9834710743802 1717.76727410823
0.613 16.4763458401305 1734.24361994836
0.605 -1.48760330578512 1732.75601664258
0.573 9.24956369982548 1742.0055803424
0.623 11.7174959871589 1753.72307632956
0.679 9.86745213549337 1763.59052846505
0.625 8.16 1771.75052846505
0.674 10.6824925816024 1782.43302104666
0.683 10.688140556369 1793.12116160303
0.71 7.04225352112676 1800.16341512415
0.664 6.62650602409639 1806.78992114825
0.661 2.26928895612708 1809.05921010438
0.652 9.8159509202454 1818.87516102462
0.454 5.72687224669604 1824.60203327132
0.638 14.7335423197492 1839.33557559107
0.684 11.1111111111111 1850.44668670218
0.641 11.3884555382215 1861.8351422404
0.622 2.89389067524116 1864.72903291564
0.571 8.23117338003503 1872.96020629568
0.625 9.12 1882.08020629568
0.597 2.17755443886097 1884.25776073454
0.571 9.98248686514886 1894.24024759969
0.598 13.0434782608696 1907.28372586055
0.563 14.3872113676732 1921.67093722823
0.63 11.1111111111111 1932.78204833934
0.638 15.6739811912226 1948.45602953056
0.659 9.86342943854325 1958.3194589691
0.643 16.0186625194401 1974.33812148855
0.634 4.73186119873817 1979.06998268728
0.59 2.71186440677966 1981.78184709406
0.551 -5.62613430127042 1976.15571279279
0.645 8.21705426356589 1984.37276705636
0.626 -4.47284345047923 1979.89992360588
0.639 5.79029733959311 1985.69022094547
0.664 7.53012048192771 1993.2203414274
0.591 1.1844331641286 1994.40477459153
0.575 -5.39130434782609 1989.0134702437
0.617 6.645056726094 1995.6585269698
0.618 8.7378640776699 2004.39639104747
0.449 -2.44988864142539 2001.94650240604
0.653 7.50382848392037 2009.45033088996
0.472 3.8135593220339 2013.263890212
0.552 0.72463768115942 2013.98852789315
0.516 -0.387596899224806 2013.60093099393
0.621 11.7552334943639 2025.35616448829
0.603 6.79933665008292 2032.15550113838
0.555 10.990990990991 2043.14649212937
0.616 8.11688311688312 2051.26337524625
0.648 2.46913580246914 2053.73251104872
0.646 5.88235294117647 2059.6148639899
0.637 2.04081632653061 2061.65568031643
0.68 0.882352941176471 2062.5380332576
0.635 3.62204724409449 2066.1600805017
0.627 7.49601275917065 2073.65609326087
0.617 -4.37601296596434 2069.2800802949
0.65 4.61538461538461 2073.89546491029
0.639 2.34741784037559 2076.24288275066
0.649 1.07858243451464 2077.32146518518
0.608 7.89473684210526 2085.21620202728
0.671 6.11028315946349 2091.32648518675
0.62 6.45161290322581 2097.77809808997
0.637 11.4599686028257 2109.2380666928
0.467 20.3426124197002 2129.5806791125
0.644 13.6645962732919 2143.24527538579
0.61 8.19672131147541 2151.44199669727
0.632 11.3924050632911 2162.83440176056
0.643 14.4634525660964 2177.29785432665
0.619 3.39256865912763 2180.69042298578
0.644 5.59006211180124 2186.28048509758
0.598 11.371237458194 2197.65172255578
0.612 11.437908496732 2209.08963105251
0.61 9.18032786885246 2218.26995892136
0.628 11.4649681528662 2229.73492707423
0.632 5.06329113924051 2234.79821821347
0.624 -0.641025641025641 2234.15719257244
0.618 10.0323624595469 2244.18955503199
0.62 8.06451612903226 2252.25407116102
0.514 10.8949416342412 2263.14901279526
0.605 -5.12396694214876 2258.02504585311
0.617 3.72771474878444 2261.7527606019
0.64 2.1875 2263.9402606019
0.626 7.66773162939297 2271.60799223129
0.657 11.4155251141553 2283.02351734545
0.663 13.7254901960784 2296.74900754153
0.651 19.2012288786482 2315.95023642017
0.653 5.97243491577335 2321.92267133595
0.659 7.73899848254932 2329.6616698185
0.605 -0.165289256198347 2329.4963805623
0.615 5.04065040650407 2334.5370309688
0.618 3.23624595469256 2337.77327692349
0.588 -4.42176870748299 2333.35150821601
0.618 0.647249190938511 2333.99875740695
0.469 -3.62473347547974 2330.37402393147
0.622 0.321543408360129 2330.69556733983
0.625 6.24 2336.93556733983
0.629 10.9697933227345 2347.90536066257
0.612 7.84313725490196 2355.74849791747
0.623 5.93900481540931 2361.68750273288
0.631 11.8858954041204 2373.573398137
0.621 11.7552334943639 2385.32863163136
0.65 5.53846153846154 2390.86709316982
0.567 3.35097001763668 2394.21806318746
0.511 4.50097847358121 2398.71904166104
0.481 1.45530145530146 2400.17434311634
0.512 14.453125 2414.62746811634
0.655 4.12213740458015 2418.74960552092
0.674 16.0237388724036 2434.77334439333
0.614 8.46905537459283 2443.24239976792
0.61 5.9016393442623 2449.14403911218
0.63 10.1587301587302 2459.30276927091
0.643 0.46656298600311 2459.76933225691
0.664 7.2289156626506 2466.99824791956
0.66 10.3030303030303 2477.30127822259
0.579 13.9896373056995 2491.29091552829
0.575 13.3913043478261 2504.68221987612
0.624 5.12820512820513 2509.81042500433
0.631 9.35023771790808 2519.16066272223
0.618 2.9126213592233 2522.07328408146
0.574 3.13588850174216 2525.2091725832
0.619 10.8239095315024 2536.0330821147
0.654 8.25688073394495 2544.28996284865
0.682 3.2258064516129 2547.51576930026
0.585 3.24786324786325 2550.76363254812
0.628 5.73248407643312 2556.49611662456
0.6 5.33333333333333 2561.82944995789
0.628 7.32484076433121 2569.15429072222
0.604 6.62251655629139 2575.77680727851
0.626 3.83386581469649 2579.61067309321
0.581 12.5645438898451 2592.17521698305
0.592 12.1621621621622 2604.33737914522
0.624 2.24358974358974 2606.58096888881
0.673 0.445765230312036 2607.02673411912
0.66 6.66666666666667 2613.69340078578
0.626 7.3482428115016 2621.04164359729
0.561 3.38680926916221 2624.42845286645
0.624 4.80769230769231 2629.23614517414
0.656 6.70731707317073 2635.94346224731
0.655 11.7557251908397 2647.69918743815
0.638 11.2852664576803 2658.98445389583
0.591 14.3824027072758 2673.36685660311
0.547 15.5393053016453 2688.90616190475
0.654 6.42201834862385 2695.32818025338
0.67 0.597014925373134 2695.92519517875
0.633 0.789889415481833 2696.71508459423
0.659 8.649468892261 2705.36455348649
0.665 3.45864661654135 2708.82320010303
0.599 -5.50918196994992 2703.31401813308
0.684 -6.14035087719298 2697.17366725589
0.612 -0.326797385620915 2696.84686987027
0.563 -3.01953818827709 2693.82733168199
0.638 7.83699059561128 2701.6643222776
0.614 4.56026058631922 2706.22458286392
0.58 -2.41379310344828 2703.81078976047
0.613 4.07830342577488 2707.88909318625
0.552 -2.89855072463768 2704.99054246161
0.564 11.7021276595745 2716.69267012119
0.637 0.470957613814757 2717.163627735
0.643 5.44323483670296 2722.6068625717
0.632 -2.53164556962025 2720.07521700208
0.616 10.3896103896104 2730.46482739169
0.57 0.701754385964912 2731.16658177766
0.561 3.74331550802139 2734.90989728568
0.573 1.57068062827225 2736.48057791395
0.534 7.86516853932584 2744.34574645328
0.606 1.32013201320132 2745.66587846648
0.54 -3.7037037037037 2741.96217476278
0.527 2.46679316888046 2744.42896793166
0.549 2.36794171220401 2746.79690964386
0.529 1.70132325141777 2748.49823289528
0.629 -1.11287758346582 2747.38535531181
0.594 -3.36700336700337 2744.01835194481
0.629 -5.24642289348172 2738.77192905133
0.592 12.5 2751.27192905133
0.609 4.43349753694581 2755.70542658827
0.635 6.77165354330709 2762.47708013158
0.594 4.04040404040404 2766.51748417198
0.582 1.3745704467354 2767.89205461872
0.653 6.89127105666156 2774.78332567538
0.65 0 2774.78332567538
0.676 2.36686390532544 2777.15018958071
0.666 6.30630630630631 2783.45649588701
0.649 -2.31124807395994 2781.14524781305
0.603 4.80928689883914 2785.95453471189
0.533 -2.81425891181989 2783.14027580007
0.558 -3.9426523297491 2779.19762347032
0.597 7.87269681742044 2787.07032028774
0.681 -1.02790014684288 2786.0424201409
0.684 -5.84795321637427 2780.19446692453
0.642 6.23052959501558 2786.42499651954
0.634 -8.51735015772871 2777.90764636181
0.62 -0.967741935483871 2776.93990442633
0.652 3.68098159509202 2780.62088602142
0.696 -3.16091954022989 2777.45996648119
0.644 2.79503105590062 2780.25499753709
0.606 4.29042904290429 2784.54542658
0.612 -4.90196078431373 2779.64346579568
0.642 -0.623052959501558 2779.02041283618
0.646 -3.40557275541796 2775.61484008076
0.608 0 2775.61484008076
0.618 -0.647249190938511 2774.96759088982
0.628 10.5095541401274 2785.47714502995
0.61 8.19672131147541 2793.67386634143
0.594 5.05050505050505 2798.72437139193
0.618 5.8252427184466 2804.54961411038
0.603 9.78441127694859 2814.33402538733
0.646 0.928792569659443 2815.26281795699
0.592 1.01351351351351 2816.2763314705
0.564 3.54609929078014 2819.82243076128
0.569 -0.527240773286467 2819.29518998799
0.52 -12.3076923076923 2806.9874976803
0.513 -0.974658869395711 2806.01283881091
0.463 1.9438444924406 2807.95668330335
0.595 -4.87394957983193 2803.08273372352
0.536 4.1044776119403 2807.18721133546
0.563 -2.30905861456483 2804.87815272089
0.608 -0.657894736842105 2804.22025798405
0.523 2.10325047801147 2806.32350846206
0.525 5.14285714285714 2811.46636560492
0.53 -7.54716981132075 2803.9191957936
0.53 -2.26415094339623 2801.6550448502
0.481 -0.623700623700624 2801.0313442265
0.473 4.0169133192389 2805.04825754574
0.497 1.81086519114688 2806.85912273689
0.476 -6.30252100840336 2800.55660172848
0.49 -8.57142857142857 2791.98517315705
0.494 0.809716599190283 2792.79488975624
0.513 -1.75438596491228 2791.04050379133
0.465 -7.95698924731183 2783.08351454402
0.462 -1.2987012987013 2781.78481324532
0.518 -8.88030888030888 2772.90450436501
0.492 2.84552845528455 2775.75003282029
0.484 0.826446280991736 2776.57647910129
0.552 -0.36231884057971 2776.21416026071
0.555 -4.86486486486486 2771.34929539584
0.467 -11.3490364025696 2760.00025899327
0.392 -6.12244897959184 2753.87781001368
0.571 9.28196147110333 2763.15977148478
0.624 2.88461538461538 2766.0443868694
0.632 0 2766.0443868694
0.614 -1.30293159609121 2764.74145527331
0.616 -1.62337662337662 2763.11807864993
0.631 3.64500792393027 2766.76308657386
0.68 -0.882352941176471 2765.88073363268
0.637 0.470957613814757 2766.3516912465
0.597 -0.50251256281407 2765.84917868368
0.638 4.38871473354232 2770.23789341723
0.676 1.77514792899408 2772.01304134622
0.619 -4.36187399030695 2767.65116735591
0.653 0.765696784073507 2768.41686413999
0.589 -8.65874363327674 2759.75812050671
0.6 0 2759.75812050671
0.647 2.93663060278207 2762.69475110949
0.67 1.7910447761194 2764.48579588561
0.65 1.53846153846154 2766.02425742407
0.642 -5.29595015576324 2760.72830726831
0.681 -4.25844346549192 2756.46986380282
0.642 -1.86915887850467 2754.60070492431
0.582 -2.74914089347079 2751.85156403084
0.541 -0.55452865064695 2751.2970353802
0.626 -14.0575079872204 2737.23952739298
0.621 -14.3317230273752 2722.9078043656
0.608 -16.7763157894737 2706.13148857613
0.604 -3.97350993377483 2702.15797864235
0.562 -3.91459074733096 2698.24338789502
0.557 -3.41113105924596 2694.83225683578
0.603 -4.80928689883914 2690.02296993694
0.601 -2.49584026622296 2687.52712967071
0.577 -1.55979202772964 2685.96733764298
0.622 0.643086816720257 2686.6104244597
0.645 -6.66666666666667 2679.94375779304
0.61 4.59016393442623 2684.53392172746
0.625 2.08 2686.61392172746
0.65 7.69230769230769 2694.30622941977
0.643 -0.46656298600311 2693.83966643377
0.637 -1.41287284144427 2692.42679359232
0.625 -3.04 2689.38679359232
0.636 -0.628930817610063 2688.75786277471
0.615 5.69105691056911 2694.44891968528
0.6 8.33333333333333 2702.78225301862
0.62 4.83870967741935 2707.62096269604
0.589 -2.88624787775891 2704.73471481828
0.561 -4.81283422459893 2699.92188059368
0.499 -0.601202404809619 2699.32067818887
0.49 -3.26530612244898 2696.05537206642
0.466 -10.3004291845494 2685.75494288187
0.485 2.2680412371134 2688.02298411898
0.567 -4.05643738977072 2683.96654672921
0.485 4.32989690721649 2688.29644363643
0.428 -3.73831775700935 2684.55812587942
0.46 -9.1304347826087 2675.42769109681
0.523 0.191204588910134 2675.61889568572
0.513 -2.92397660818713 2672.69491907753
0.529 6.61625708884688 2679.31117616638
0.546 -2.93040293040293 2676.38077323598
0.496 -18.5483870967742 2657.8323861392
0.566 -2.12014134275618 2655.71224479645
0.632 -4.74683544303798 2650.96540935341
0.611 2.7823240589198 2653.74773341233
0.653 -1.99081163859112 2651.75692177374
0.554 -2.52707581227437 2649.22984596146
0.598 0.668896321070234 2649.89874228253
0.526 -2.66159695817491 2647.23714532436
0.636 13.5220125786164 2660.75915790298
0.651 9.37019969278034 2670.12935759576
0.641 -3.27613104524181 2666.85322655051
0.541 2.77264325323475 2669.62586980375
0.622 11.5755627009646 2681.20143250471
0.662 4.53172205438066 2685.73315455909
0.646 3.40557275541796 2689.13872731451
0.641 -6.70826833073323 2682.43045898378
0.602 -4.65116279069767 2677.77929619308
0.64 2.8125 2680.59179619308
0.585 -4.95726495726496 2675.63453123582
0.609 0.821018062397373 2676.45554929821
0.614 -6.84039087947883 2669.61515841873
0.604 0.33112582781457 2669.94628424655
0.67 -6.86567164179105 2663.08061260476
0.67 -5.07462686567164 2658.00598573909
0.631 -0.158478605388273 2657.8475071337
0.627 -6.2200956937799 2651.62741143992
0.616 -1.94805194805195 2649.67935949187
0.632 2.53164556962025 2652.21100506149
0.623 -0.160513643659711 2652.05049141783
0.6 -2.33333333333333 2649.71715808449
0.595 -0.168067226890756 2649.5490908576
0.61 -6.22950819672131 2643.31958266088
0.616 0.324675324675325 2643.64425798556
0.617 -4.70016207455429 2638.944095911
0.59 -1.01694915254237 2637.92714675846
0.622 -1.60771704180064 2636.31942971666
0.597 -11.2227805695142 2625.09664914715
0.512 1.171875 2626.26852414715
0.553 -3.07414104882459 2623.19438309832
0.564 -1.77304964539007 2621.42133345293
0.623 0.802568218298555 2622.22390167123
0.636 0 2622.22390167123
0.609 -4.76190476190476 2617.46199690932
0.679 -3.38733431516937 2614.07466259416
0.647 -2.00927357032457 2612.06538902383
0.668 3.89221556886228 2615.95760459269
0.6 -4.66666666666667 2611.29093792603
0.647 4.17310664605873 2615.46404457208
0.662 -6.64652567975831 2608.81751889233
0.539 -3.52504638218924 2605.29247251014
0.611 -1.80032733224223 2603.4921451779
0.626 6.70926517571885 2610.20141035361
0.63 3.49206349206349 2613.69347384568
0.653 -0.765696784073507 2612.9277770616
0.596 -6.71140939597315 2606.21636766563
0.497 -1.40845070422535 2604.80791696141
0.587 5.28109028960818 2610.08900725101
0.619 2.74636510500808 2612.83537235602
0.627 -2.07336523125997 2610.76200712476
0.588 4.08163265306122 2614.84363977782
0.625 -5.6 2609.24363977782
0.627 -1.75438596491228 2607.48925381291
0.539 2.04081632653061 2609.53007013944
0.605 -6.11570247933884 2603.4143676601
0.627 -1.43540669856459 2601.97896096154
0.638 6.26959247648903 2608.24855343803
0.594 -10.7744107744108 2597.47414266362
0.653 -1.99081163859112 2595.48333102503
0.634 -1.89274447949527 2593.59058654553
0.686 -9.03790087463557 2584.55268567089
0.637 10.5180533751962 2595.07073904609
0.595 2.85714285714286 2597.92788190323
0.632 4.74683544303798 2602.67471734627
0.563 0.177619893428064 2602.8523372397
0.618 0.647249190938511 2603.49958643064
0.578 9.68858131487889 2613.18816774552
0.549 -6.3752276867031 2606.81294005881
0.648 2.46913580246914 2609.28207586128
0.614 5.21172638436482 2614.49380224565
0.614 2.60586319218241 2617.09966543783
0.61 -8.19672131147541 2608.90294412635
0.623 -4.65489566613162 2604.24804846022
0.607 1.4827018121911 2605.73075027241
0.654 5.19877675840979 2610.92952703082
0.666 0.600600600600601 2611.53012763142
0.66 1.51515151515152 2613.04527914658
0.635 -1.10236220472441 2611.94291694185
0.635 -5.82677165354331 2606.11614528831
0.614 5.86319218241042 2611.97933747072
0.603 -1.82421227197347 2610.15512519875
0.607 5.10708401976936 2615.26220921851
0.637 -2.66875981161695 2612.5934494069
0.588 3.40136054421769 2615.99480995112
0.563 3.01953818827709 2619.01434813939
0.643 7.93157076205288 2626.94591890145
0.627 8.7719298245614 2635.71784872601
0.615 4.0650406504065 2639.78288937641
0.609 4.10509031198686 2643.8879796884
0.667 3.74812593703148 2647.63610562543
0.651 -1.99692780337942 2645.63917782205
0.646 8.04953560371517 2653.68871342577
0.637 -1.0989010989011 2652.58981232687
0.645 5.11627906976744 2657.70609139663
0.642 -2.18068535825545 2655.52540603838
0.61 -1.9672131147541 2653.55819292362
0.63 3.80952380952381 2657.36771673315
0.623 -0.802568218298555 2656.56514851485
0.594 -3.03030303030303 2653.53484548455
0.617 2.75526742301459 2656.29011290756
0.598 -2.0066889632107 2654.28342394435
0.543 4.60405156537753 2658.88747550973
0.594 -5.05050505050505 2653.83697045922
0.544 -6.61764705882353 2647.2193234004
0.6 -1 2646.2193234004
0.613 3.75203915171289 2649.97136255211
0.581 -9.12220309810671 2640.84915945401
0.6 -0.666666666666667 2640.18249278734
0.63 2.53968253968254 2642.72217532702
0.607 -3.78912685337727 2638.93304847364
0.555 7.38738738738739 2646.32043586103
0.617 -1.45867098865478 2644.86176487238
0.625 -4.96 2639.90176487238
0.656 -5.79268292682927 2634.10908194555
0.576 -1.38888888888889 2632.72019305666
0.645 -7.5968992248062 2625.12329383185
0.446 -0.448430493273543 2624.67486333858
0.61 0.655737704918033 2625.3306010435
0.604 5.62913907284768 2630.95974011634
0.679 4.27098674521355 2635.23072686156
0.657 4.10958904109589 2639.34031590265
0.645 1.70542635658915 2641.04574225924
0.659 2.27617602427921 2643.32191828352
0.621 -1.44927536231884 2641.8726429212
0.632 5.37974683544304 2647.25238975665
0.637 -1.0989010989011 2646.15348865775
0.609 1.80623973727422 2647.95972839502
0.613 -5.38336052202284 2642.576367873
0.63 2.85714285714286 2645.43351073014
0.626 -3.83386581469649 2641.59964491544
0.604 -1.65562913907285 2639.94401577637
0.626 3.83386581469649 2643.77788159107
0.657 1.97869101978691 2645.75657261085
0.632 2.84810126582278 2648.60467387668
0.69 3.76811594202899 2652.37278981871
0.629 4.61049284578696 2656.98328266449
0.496 -0.403225806451613 2656.58005685804
0.55 -1.81818181818182 2654.76187503986
0.681 3.67107195301028 2658.43294699287
0.696 3.73563218390805 2662.16857917678
0.591 1.52284263959391 2663.69142181637
0.642 -7.16510903426791 2656.5263127821
0.647 -9.73724884080371 2646.7890639413
0.569 -4.04217926186292 2642.74688467944
0.495 -13.1313131313131 2629.61557154812
0.629 3.33863275039746 2632.95420429852
0.625 -0.48 2632.47420429852
0.611 3.10965630114566 2635.58386059967
0.616 -0.974025974025974 2634.60983462564
0.566 3.18021201413428 2637.79004663977
0.636 -0.314465408805031 2637.47558123097
0.633 0.789889415481833 2638.26547064645
0.647 0.154559505409583 2638.42003015186
0.676 10.6508875739645 2649.07091772583
0.668 6.2874251497006 2655.35834287553
0.652 -1.53374233128834 2653.82460054424
0.644 -0.93167701863354 2652.8929235256
0.623 -0.802568218298555 2652.09035530731
0.629 3.02066772655008 2655.11102303386
0.639 -4.85133020344288 2650.25969283041
0.533 -1.31332082551595 2648.9463720049
0.576 8.33333333333333 2657.27970533823
0.667 2.84857571214393 2660.12828105037
0.542 6.27306273062731 2666.401343781
0.483 1.0351966873706 2667.43654046837
0.616 -4.87012987012987 2662.56641059824
0.645 -2.01550387596899 2660.55090672227
0.637 -2.04081632653061 2658.51009039574
0.611 -3.10965630114566 2655.4004340946
0.663 7.39064856711916 2662.79108266172
0.616 1.94805194805195 2664.73913460977
0.646 0 2664.73913460977
0.609 -0.492610837438424 2664.24652377233
0.525 -6.28571428571429 2657.96080948662
0.604 -2.31788079470199 2655.64292869191
0.571 -27.84588441331 2627.7970442786
0.594 -2.69360269360269 2625.103441585
0.487 9.24024640657084 2634.34368799157
0.557 2.69299820466786 2637.03668619624
0.543 2.76243093922652 2639.79911713547
0.546 5.86080586080586 2645.65992299627
0.528 4.54545454545455 2650.20537754173
0.527 2.84629981024668 2653.05167735197
0.523 7.83938814531549 2660.89106549729
0.536 -1.86567164179104 2659.0253938555
0.518 1.54440154440154 2660.5697953999
0.505 -6.13861386138614 2654.43118153851
0.45 -1.77777777777778 2652.65340376074
0.468 4.27350427350427 2656.92690803424
0.51 0.784313725490196 2657.71122175973
0.52 -4.61538461538461 2653.09583714434
0.486 -4.93827160493827 2648.15756553941
0.514 0 2648.15756553941
0.502 6.37450199203187 2654.53206753144
0.459 8.06100217864924 2662.59306971009
0.516 -5.42635658914729 2657.16671312094
0.492 -0.40650406504065 2656.7602090559
0.547 -3.83912248628885 2652.92108656961
0.555 1.98198198198198 2654.90306855159
0.545 0.917431192660551 2655.82049974425
0.48 -0.416666666666667 2655.40383307759
0.476 -2.52100840336134 2652.88282467423
0.474 4.21940928270042 2657.10223395693
0.435 -9.42528735632184 2647.6769466006
0.401 1.74563591022444 2649.42258251083
0.406 8.86699507389163 2658.28957758472
0.427 -0.702576112412178 2657.58700147231
0.491 -0.203665987780041 2657.38333548453
0.507 1.38067061143984 2658.76400609597
0.547 -4.20475319926874 2654.5592528967
0.456 -1.31578947368421 2653.24346342301
0.512 5.078125 2658.32158842301
0.507 4.53648915187377 2662.85807757489
0.519 2.50481695568401 2665.36289453057
0.449 2.89532293986637 2668.25821747044
0.483 -2.69151138716356 2665.56670608328
0.521 -1.34357005758157 2664.22313602569
0.416 4.32692307692308 2668.55005910262
0.399 2.75689223057644 2671.30695133319
0.522 3.44827586206897 2674.75522719526
0.55 2.18181818181818 2676.93704537708
0.487 -2.6694045174538 2674.26764085963
0.483 -3.93374741200828 2670.33389344762
0.515 -11.4563106796117 2658.87758276801
0.645 0.155038759689922 2659.0326215277
0.611 -1.80032733224223 2657.23229419545
0.63 -6.03174603174603 2651.20054816371
0.57 -1.75438596491228 2649.4461621988
0.568 3.52112676056338 2652.96728895936
0.55 4 2656.96728895936
0.576 3.125 2660.09228895936
0.529 -6.61625708884688 2653.47603187051
0.59 -6.10169491525424 2647.37433695526
0.555 1.98198198198198 2649.35631893724
0.623 5.29695024077047 2654.65326917801
0.594 1.34680134680135 2656.00007052481
0.615 6.66666666666667 2662.66673719148
0.635 1.10236220472441 2663.7690993962
0.59 -7.45762711864407 2656.31147227756
0.63 2.22222222222222 2658.53369449978
0.611 2.12765957446809 2660.66135407425
0.647 7.88253477588872 2668.54388885014
0.625 2.4 2670.94388885014
0.633 0.157977883096367 2671.10186673323
0.616 -1.2987012987013 2669.80316543453
0.589 3.2258064516129 2673.02897188615
0.671 7.60059612518629 2680.62956801133
0.624 -4.16666666666667 2676.46290134467
0.646 0.928792569659443 2677.39169391433
0.609 1.47783251231527 2678.86952642664
0.592 8.10810810810811 2686.97763453475
0.558 9.31899641577061 2696.29663095052
0.635 5.51181102362205 2701.80844197414
0.607 3.13014827018122 2704.93859024432
0.625 0.8 2705.73859024432
0.615 -3.41463414634146 2702.32395609798
0.61 0 2702.32395609798
0.606 -2.64026402640264 2699.68369207158
0.611 2.45499181669394 2702.13868388827
0.635 3.30708661417323 2705.44577050245
0.576 -5.55555555555556 2699.89021494689
0.573 -2.61780104712042 2697.27241389977
0.62 4.51612903225806 2701.78854293203
0.594 2.02020202020202 2703.80874495223
0.65 0 2703.80874495223
0.615 2.4390243902439 2706.24776934247
0.616 12.987012987013 2719.23478232949
0.605 10.0826446280992 2729.31742695759
0.586 7.50853242320819 2736.82595938079
0.619 9.53150242326333 2746.35746180406
0.631 2.69413629160063 2749.05159809566
0.614 1.30293159609121 2750.35452969175
0.629 -4.61049284578696 2745.74403684596
0.613 -4.73083197389886 2741.01320487206
0.59 0.677966101694915 2741.69117097376
0.657 2.28310502283105 2743.97427599659
0.568 2.8169014084507 2746.79117740504
0.574 0.696864111498258 2747.48804151654
0.569 -8.6115992970123 2738.87644221953
0.589 4.24448217317487 2743.1209243927
0.587 2.21465076660988 2745.33557515931
0.604 3.97350993377483 2749.30908509309
0.606 -1.65016501650165 2747.65892007658
0.633 3.00157977883096 2750.66049985541
0.595 1.84873949579832 2752.50923935121
0.611 2.7823240589198 2755.29156341013
0.631 2.69413629160063 2757.98569970173
0.624 5.76923076923077 2763.75493047096
0.653 5.35987748851455 2769.11480795948
0.625 -10.08 2759.03480795948
0.625 1.12 2760.15480795948
0.674 3.26409495548961 2763.41890291497
0.607 0.494233937397035 2763.91313685237
0.614 6.84039087947883 2770.75352773184
0.645 -1.3953488372093 2769.35817889464
0.625 -3.04 2766.31817889464
0.632 2.84810126582278 2769.16628016046
0.613 5.05709624796085 2774.22337640842
0.448 10.2678571428571 2784.49123355128
0.447 10.0671140939597 2794.55834764524
0.505 -3.76237623762376 2790.79597140761
0.615 -2.76422764227642 2788.03174376534
0.632 -7.91139240506329 2780.12035136027
0.623 -5.29695024077047 2774.8234011195
0.63 -4.12698412698413 2770.69641699252
0.634 -14.1955835962145 2756.5008333963
0.664 0 2756.5008333963
0.613 -3.09951060358891 2753.40132279271
0.612 2.61437908496732 2756.01570187768
0.585 3.58974358974359 2759.60544546742
0.643 0.46656298600311 2760.07200845343
0.601 -2.49584026622296 2757.57616818721
0.627 -3.66826156299841 2753.90790662421
0.659 -8.95295902883156 2744.95494759538
0.649 1.38674884437596 2746.34169643975
0.663 1.65912518853695 2748.00082162829
0.662 3.62537764350453 2751.62619927179
0.653 -1.99081163859112 2749.6353876332
0.598 0.334448160535117 2749.96983579374
0.59 -10.5084745762712 2739.46136121747
0.627 -1.43540669856459 2738.0259545189
0.61 10.1639344262295 2748.18988894513
0.617 5.9967585089141 2754.18664745404
0.637 2.04081632653061 2756.22746378058
0.617 -0.162074554294976 2756.06538922628
0.613 -0.163132137030995 2755.90225708925
0.548 -4.01459854014599 2751.8876585491
0.58 6.55172413793103 2758.43938268703
0.616 3.8961038961039 2762.33548658314
0.642 5.60747663551402 2767.94296321865
0.596 -1.00671140939597 2766.93625180926
0.582 -3.43642611683849 2763.49982569242
0.608 -1.64473684210526 2761.85508885031
0.624 -1.28205128205128 2760.57303756826
0.643 -2.02177293934681 2758.55126462891
0.63 0 2758.55126462891
0.637 -0.470957613814757 2758.0803070151
0.634 2.8391167192429 2760.91942373434
0.602 1.66112956810631 2762.58055330245
0.674 -3.85756676557863 2758.72298653687
0.67 4.47761194029851 2763.20059847717
0.625 -5.28 2757.92059847717
0.631 0.475435816164818 2758.39603429333
0.608 -8.22368421052632 2750.17235008281
0.618 -0.323624595469256 2749.84872548734
0.583 -8.40480274442539 2741.44392274291
0.634 -5.04731861198738 2736.39660413092
0.626 0.319488817891374 2736.71609294882
0.584 4.79452054794521 2741.51061349676
0.616 -7.46753246753247 2734.04308102923
0.622 -0.321543408360129 2733.72153762087
0.626 5.43130990415335 2739.15284752502
0.588 3.40136054421769 2742.55420806924
0.61 7.54098360655738 2750.0951916758
0.626 3.19488817891374 2753.29007985471
0.65 -0.923076923076923 2752.36700293163
0.63 6.03174603174603 2758.39874896338
0.595 4.20168067226891 2762.60042963565
0.646 3.40557275541796 2766.00600239107
0.651 7.21966205837174 2773.22566444944
0.646 1.54798761609907 2774.77365206554
0.603 4.80928689883914 2779.58293896438
0.616 2.92207792207792 2782.50501688645
0.618 -3.23624595469256 2779.26877093176
0.582 2.06185567010309 2781.33062660187
0.641 -3.90015600624025 2777.43047059563
0.479 11.482254697286 2788.91272529291
0.603 4.47761194029851 2793.39033723321
0.561 -2.67379679144385 2790.71654044177
0.554 3.24909747292419 2793.96563791469
0.617 -0.486223662884927 2793.47941425181
0.604 -0.993377483443709 2792.48603676836
0.637 2.35478806907378 2794.84082483744
0.622 -1.60771704180064 2793.23310779563
0.631 3.64500792393027 2796.87811571956
0.624 -2.24358974358974 2794.63452597598
0.602 -6.64451827242525 2787.99000770355
0.631 3.01109350237718 2791.00110120593
0.669 10.9118086696562 2801.91290987558
0.642 4.98442367601246 2806.8973335516
0.644 3.72670807453416 2810.62404162613
0.643 -3.26594090202177 2807.35810072411
0.635 4.56692913385827 2811.92502985797
0.621 1.77133655394525 2813.69636641191
0.626 2.55591054313099 2816.25227695504
0.614 -2.93159609120521 2813.32068086384
0.602 -0.664451827242525 2812.6562290366
0.562 9.25266903914591 2821.90889807574
0.635 6.45669291338583 2828.36559098913
0.585 1.1965811965812 2829.56217218571
0.624 -1.6025641025641 2827.95960808314
0.62 0.32258064516129 2828.28218872831
0.618 -3.23624595469256 2825.04594277361
0.631 -0.158478605388273 2824.88746416822
0.579 -1.20898100172712 2823.6784831665
0.586 -2.38907849829352 2821.2894046682
0.611 9.00163666121113 2830.29104132941
0.581 8.43373493975904 2838.72477626917
0.637 -0.156985871271586 2838.5677903979
0.64 -6.25 2832.3177903979
0.566 -4.24028268551237 2828.07750771239
0.612 -5.55555555555556 2822.52195215683
0.601 -4.82529118136439 2817.69666097547
0.576 1.73611111111111 2819.43277208658
0.616 0.649350649350649 2820.08212273593
0.559 6.97674418604651 2827.05886692198
0.576 -4.86111111111111 2822.19775581087
0.593 4.5531197301855 2826.75087554105
0.605 4.79338842975207 2831.5442639708
0.603 1.49253731343284 2833.03680128424
0.645 7.5968992248062 2840.63370050904
0.597 1.84254606365159 2842.4762465727
0.606 -3.3003300330033 2839.17591653969
0.632 6.0126582278481 2845.18857476754
0.611 5.07364975450082 2850.26222452204
0.605 2.14876033057851 2852.41098485262
0.579 -3.62694300518135 2848.78404184744
0.531 -4.33145009416196 2844.45259175328
0.504 2.77777777777778 2847.23036953105
0.587 -2.21465076660988 2845.01571876444
0.647 -2.00927357032457 2843.00644519412
0.556 -9.71223021582734 2833.29421497829
0.621 2.73752012882448 2836.03173510712
0.577 -5.02599653379549 2831.00573857332
0.577 -1.55979202772964 2829.44594654559
0.612 -2.94117647058824 2826.504770075
0.629 4.29252782193959 2830.79729789694
0.624 -8.65384615384615 2822.1434517431
0.565 -10.4424778761062 2811.70097386699
0.531 -15.6308851224105 2796.07008874458
0.56 -13.9285714285714 2782.14151731601
0.544 -18.3823529411765 2763.75916437483
0.568 -13.3802816901408 2750.37888268469
0.608 -2.63157894736842 2747.74730373732
0.607 4.11861614497529 2751.8659198823
0.571 5.77933450087566 2757.64525438317
0.522 -5.3639846743295 2752.28126970884
0.619 2.10016155088853 2754.38143125973
0.626 0.638977635782748 2755.02040889552
0.602 1.32890365448505 2756.34931255
0.611 3.43698854337152 2759.78630109337
0.594 -1.01010101010101 2758.77620008327
0.618 -1.94174757281553 2756.83445251046
0.609 -4.76190476190476 2752.07254774855
0.603 3.48258706467662 2755.55513481323
0.638 7.21003134796238 2762.76516616119
0.607 -2.47116968698517 2760.2939964742
0.595 -10.5882352941176 2749.70576118009
0.568 6.33802816901408 2756.0437893491
0.602 3.65448504983389 2759.69827439894
0.621 -2.09339774557166 2757.60487665336
0.64 3.75 2761.35487665336
0.58 7.24137931034483 2768.59625596371
0.608 -0.657894736842105 2767.93836122687
0.552 6.88405797101449 2774.82241919788
0.579 -1.89982728842832 2772.92259190945
0.653 2.29709035222052 2775.21968226167
0.647 -3.86398763523957 2771.35569462643
0.643 -6.06531881804044 2765.29037580839
0.586 -3.7542662116041 2761.53610959679
0.598 -1.33779264214047 2760.19831695465
0.604 -1.98675496688742 2758.21156198776
0.611 2.45499181669394 2760.66655380445
0.598 1.67224080267559 2762.33879460713
0.619 -5.65428109854604 2756.68451350858
0.569 -0.878734622144112 2755.80577888644
0.625 2.08 2757.88577888644
0.585 2.56410256410256 2760.44988145054
0.594 1.01010101010101 2761.45998246064
0.637 1.0989010989011 2762.55888355954
0.624 0.961538461538462 2763.52042202108
0.616 4.87012987012987 2768.39055189121
0.653 4.74732006125574 2773.13787195247
0.65 4.61538461538461 2777.75325656785
0.623 -0.481540930979133 2777.27171563687
0.641 -4.21216848673947 2773.05954715013
0.614 0.977198697068404 2774.0367458472
0.578 1.03806228373702 2775.07480813094
0.605 0.826446280991736 2775.90125441193
0.609 1.80623973727422 2777.70749414921
0.67 2.08955223880597 2779.79704638801
0.659 -4.09711684370258 2775.69992954431
0.634 5.6782334384858 2781.3781629828
0.659 3.1866464339909 2784.56480941679
0.637 -0.784929356357928 2783.77988006043
0.66 2.42424242424242 2786.20412248467
0.598 -0.668896321070234 2785.5352261636
0.647 -0.154559505409583 2785.38066665819
0.64 -7.5 2777.88066665819
0.624 2.88461538461538 2780.76528204281
0.636 0.314465408805031 2781.07974745161
0.628 -3.18471337579618 2777.89503407582
0.616 -3.24675324675325 2774.64828082906
0.61 7.21311475409836 2781.86139558316
0.592 0 2781.86139558316
0.637 -1.72684458398744 2780.13455099917
0.581 0.172117039586919 2780.30666803876
0.616 5.51948051948052 2785.82614855824
0.601 -0.166389351081531 2785.65975920716
0.571 -0.525394045534151 2785.13436516162
0.592 2.02702702702703 2787.16139218865
0.607 1.4827018121911 2788.64409400084
0.615 -0.813008130081301 2787.83108587076
0.585 2.56410256410256 2790.39518843486
0.631 4.5958795562599 2794.99106799112
0.608 1.31578947368421 2796.30685746481
0.595 -6.5546218487395 2789.75223561607
0.633 -3.94944707740916 2785.80278853866
0.635 3.93700787401575 2789.73979641268
0.616 -4.22077922077922 2785.5190171919
0.641 -0.78003120124805 2784.73898599065
0.539 -2.78293135435993 2781.95605463629
0.577 6.06585788561525 2788.0219125219
0.618 -0.323624595469256 2787.69828792643
0.597 -1.84254606365159 2785.85574186278
0.648 -11.7283950617284 2774.12734680105
0.642 -2.18068535825545 2771.9466614428
0.635 0.47244094488189 2772.41910238768
0.653 4.74732006125574 2777.16642244894
0.598 -1.33779264214047 2775.8286298068
0.612 -8.49673202614379 2767.33189778065
0.476 -2.10084033613445 2765.23105744452
0.554 0 2765.23105744452
0.616 6.49350649350649 2771.72456393802
0.505 -7.72277227722772 2764.0017916608
0.457 1.53172866520788 2765.533520326
0.621 0.483091787439614 2766.01661211344
0.61 -5.9016393442623 2760.11497276918
0.644 -3.41614906832298 2756.69882370086
0.627 3.66826156299841 2760.36708526386
0.617 -2.10696920583468 2758.26011605802
0.603 5.80431177446103 2764.06442783248
0.587 5.28109028960818 2769.34551812209
0.61 -1.63934426229508 2767.7061738598
0.63 0.952380952380952 2768.65855481218
0.641 0.46801872074883 2769.12657353293
0.667 3.74812593703148 2772.87469946996
0.628 -4.14012738853503 2768.73457208142
0.628 3.5031847133758 2772.2377567948
0.649 -3.54391371340524 2768.69384308139
0.617 -2.75526742301459 2765.93857565838
0.633 -0.4739336492891 2765.46464200909
0.642 3.73831775700935 2769.2029597661
0.619 -1.45395799676898 2767.74900176933
0.606 0 2767.74900176933
0.609 -4.10509031198686 2763.64391145734
0.633 -1.4218009478673 2762.22211050948
0.589 -1.18845500848896 2761.03365550099
0.631 1.42630744849445 2762.45996294948
0.609 -6.73234811165846 2755.72761483782
0.546 -4.76190476190476 2750.96571007592
0.602 2.32558139534884 2753.29129147127
0.608 -10.1973684210526 2743.09392305021
0.637 -0.470957613814757 2742.6229654364
0.546 0.366300366300366 2742.9892658027
0.476 2.10084033613445 2745.09010613883
0.642 -1.55763239875389 2743.53247374008
0.6 -1.66666666666667 2741.86580707341
0.624 0.961538461538462 2742.82734553495
0.605 2.14876033057851 2744.97610586553
0.627 -0.159489633173844 2744.81661623236
0.613 3.4257748776509 2748.24239111001
0.62 -6.12903225806452 2742.11335885194
0.586 -2.38907849829352 2739.72428035365
0.626 -5.43130990415335 2734.2929704495
0.622 -5.14469453376206 2729.14827591573
0.6 3.33333333333333 2732.48160924907
0.613 -0.489396411092985 2731.99221283797
0.64 1.875 2733.86721283797
0.602 4.31893687707641 2738.18614971505
0.636 -5.34591194968553 2732.84023776537
0.655 0.458015267175573 2733.29825303254
0.509 -4.51866404715128 2728.77958898539
0.604 9.27152317880795 2738.0511121642
0.657 0.45662100456621 2738.50773316876
0.623 -0.481540930979133 2738.02619223778
0.633 -3.00157977883096 2735.02461245895
0.622 -0.643086816720257 2734.38152564223
0.596 -3.35570469798658 2731.02582094425
0.617 1.45867098865478 2732.4844919329
0.551 5.62613430127042 2738.11062623417
0.595 1.84873949579832 2739.95936572997
0.636 4.71698113207547 2744.67634686205
0.588 0.340136054421769 2745.01648291647
0.612 1.30718954248366 2746.32367245895
0.659 -2.27617602427921 2744.04749643467
0.627 -1.43540669856459 2742.61208973611
0.581 -2.92598967297762 2739.68610006313
0.622 -0.321543408360129 2739.36455665477
0.621 -0.161030595813205 2739.20352605896
0.634 2.20820189274448 2741.4117279517
0.642 1.55763239875389 2742.96936035046
0.564 -2.83687943262411 2740.13248091783
0.495 5.05050505050505 2745.18298596834
0.547 -7.12979890310786 2738.05318706523
0.565 -6.90265486725664 2731.15053219797
0.599 -12.1869782971619 2718.96355390081
0.59 2.3728813559322 2721.33643525674
0.613 -2.44698205546493 2718.88945320128
0.564 2.4822695035461 2721.37172270482
0.545 -1.28440366972477 2720.0873190351
0.577 -5.02599653379549 2715.0613225013
0.556 -3.59712230215827 2711.46420019914
0.575 -5.39130434782609 2706.07289585132
0.563 5.15097690941385 2711.22387276073
0.535 2.80373831775701 2714.02761107849
0.556 0 2714.02761107849
0.564 -0.354609929078014 2713.67300114941
0.588 1.02040816326531 2714.69340931268
0.578 -2.07612456747405 2712.6172847452
0.56 0.714285714285714 2713.33157045949
0.584 -6.16438356164384 2707.16718689784
0.564 5.67375886524823 2712.84094576309
0.574 2.09059233449477 2714.93153809759
0.595 3.86554621848739 2718.79708431607
0.603 -6.79933665008292 2711.99774766599
0.589 -5.94227504244482 2706.05547262355
0.579 -7.7720207253886 2698.28345189816
0.577 -1.21317157712305 2697.07028032104
0.571 -1.92644483362522 2695.14383548741
0.581 -1.89328743545611 2693.25054805195
0.561 -2.31729055258467 2690.93325749937
0.531 -4.33145009416196 2686.60180740521
0.458 0.873362445414847 2687.47516985062
0.547 5.30164533820841 2692.77681518883
0.656 0.304878048780488 2693.08169323761
0.636 -3.77358490566038 2689.30810833195
0.645 -2.94573643410853 2686.36237189784
0.611 2.7823240589198 2689.14469595676
0.627 6.85805422647528 2696.00275018324
0.634 -2.20820189274448 2693.79454829049
0.619 8.23909531502423 2702.03364360552
0.635 2.99212598425197 2705.02576958977
0.572 9.09090909090909 2714.11667868068
0.616 9.41558441558442 2723.53226309626
0.575 -7.1304347826087 2716.40182831365
0.625 -0.48 2715.92182831365
0.618 -6.14886731391586 2709.77296099974
0.63 -1.9047619047619 2707.86819909498
0.67 2.6865671641791 2710.55476625916
0.649 0.154083204930663 2710.70884946409
0.625 3.68 2714.38884946409
0.649 -0.154083204930663 2714.23476625916
0.649 -2.92758089368259 2711.30718536547
0.632 -1.58227848101266 2709.72490688446
0.637 -0.784929356357928 2708.9399775281
0.621 1.12721417069243 2710.06719169879
0.638 -6.26959247648903 2703.79759922231
0.642 -4.04984423676012 2699.74775498555
0.6 -4.66666666666667 2695.08108831888
0.599 6.17696160267112 2701.25804992155
0.62 8.70967741935484 2709.9677273409
0.655 3.20610687022901 2713.17383421113
0.621 1.44927536231884 2714.62310957345
0.629 7.47217806041335 2722.09528763387
0.621 -0.483091787439614 2721.61219584643
0.58 -3.79310344827586 2717.81909239815
0.558 5.01792114695341 2722.8370135451
0.603 0.829187396351575 2723.66620094146
0.577 8.83882149046794 2732.50502243192
0.607 -0.164744645799012 2732.34027778612
0.578 0.692041522491349 2733.03231930862
0.623 -2.72873194221509 2730.3035873664
0.601 7.48752079866888 2737.79110816507
0.625 2.4 2740.19110816507
0.533 -2.4390243902439 2737.75208377483
0.44 0 2737.75208377483
0.523 -3.63288718929254 2734.11919658553
0.617 -4.37601296596434 2729.74318361957
0.593 -0.168634064080944 2729.57454955549
0.614 -2.28013029315961 2727.29441926233
0.591 3.8917089678511 2731.18612823018
0.612 2.94117647058824 2734.12730470077
0.655 1.98473282442748 2736.11203752519
0.621 -4.34782608695652 2731.76421143824
0.565 3.00884955752212 2734.77306099576
0.644 -2.48447204968944 2732.28858894607
0.611 -1.80032733224223 2730.48826161383
0.632 -3.48101265822785 2727.0072489556
0.595 -3.86554621848739 2723.14170273711
0.648 -8.64197530864197 2714.49972742847
0.596 -4.69798657718121 2709.80174085129
0.614 -6.84039087947883 2702.96134997181
0.612 0.980392156862745 2703.94174212867
0.588 -5.10204081632653 2698.83970131235
0.595 4.87394957983193 2703.71365089218
0.603 -7.46268656716418 2696.25096432502
0.635 -1.41732283464567 2694.83364149037
0.639 4.85133020344288 2699.68497169381
0.623 0.481540930979133 2700.16651262479
0.642 2.49221183800623 2702.6587244628
0.605 -5.12396694214876 2697.53475752065
0.592 -4.72972972972973 2692.80502779092
0.631 -3.64500792393027 2689.16001986699
0.645 1.3953488372093 2690.5553687042
0.601 0.499168053244592 2691.05453675744
0.628 1.91082802547771 2692.96536478292
0.544 -4.77941176470588 2688.18595301822
0.627 -1.43540669856459 2686.75054631965
0.548 4.01459854014599 2690.7651448598
0.615 1.13821138211382 2691.90335624191
0.653 -19.4486983154671 2672.45465792644
0.585 -3.24786324786325 2669.20679467858
0.65 -23.3846153846154 2645.82217929396
0.573 -8.90052356020942 2636.92165573375
0.65 -28.6153846153846 2608.30627111837
0.537 5.02793296089385 2613.33420407926
0.608 -17.1052631578947 2596.22894092137
0.565 -2.65486725663717 2593.57407366473
0.562 -2.84697508896797 2590.72709857576
0.599 -5.84307178631052 2584.88402678945
0.585 -5.2991452991453 2579.58488149031
0.61 -6.22950819672131 2573.35537329359
0.555 -8.82882882882883 2564.52654446476
0.643 1.39968895800933 2565.92623342277
0.655 3.81679389312977 2569.7430273159
0.644 4.03726708074534 2573.78029439664
0.625 6.24 2580.02029439664
0.665 3.45864661654135 2583.47894101318
0.631 2.69413629160063 2586.17307730478
0.662 8.1570996978852 2594.33017700267
0.638 0.940438871473354 2595.27061587414
0.646 4.64396284829721 2599.91457872244
0.617 -1.13452188006483 2598.78005684238
0.598 -1.67224080267559 2597.1078160397
0.599 -5.17529215358932 2591.93252388611
0.628 0.636942675159236 2592.56946656127
0.654 0.305810397553517 2592.87527695882
0.621 1.44927536231884 2594.32455232114
0.604 5.62913907284768 2599.95369139399
0.62 -3.54838709677419 2596.40530429722
0.613 -0.489396411092985 2595.91590788612
0.683 -5.12445095168375 2590.79145693444
0.633 -0.157977883096367 2590.63347905134
0.619 8.23909531502423 2598.87257436637
0.623 -0.160513643659711 2598.71206072271
0.613 2.77324632952692 2601.48530705223
0.62 5.48387096774194 2606.96917801998
0.677 6.9423929098966 2613.91157092987
0.614 2.28013029315961 2616.19170122303
0.601 2.1630615640599 2618.35476278709
0.574 4.18118466898955 2622.53594745608
0.639 -1.40845070422535 2621.12749675186
0.665 0.150375939849624 2621.27787269171
0.652 -2.45398773006135 2618.82388496165
0.56 -1.42857142857143 2617.39531353307
0.612 -6.5359477124183 2610.85936582066
0.615 -3.41463414634146 2607.44473167431
0.595 -1.17647058823529 2606.26826108608
0.632 5.06329113924051 2611.33155222532
0.595 -8.90756302521008 2602.42398920011
0.598 -2.34113712374582 2600.08285207636
0.597 -5.52763819095477 2594.55521388541
0.618 -5.8252427184466 2588.72997116696
0.607 0.823723228995058 2589.55369439596
0.585 -3.24786324786325 2586.30583114809
0.644 0.62111801242236 2586.92694916052
0.634 0.946372239747634 2587.87332140026
0.63 0 2587.87332140026
0.611 -2.45499181669394 2585.41832958357
0.599 -4.17362270450751 2581.24470687906
0.575 -1.56521739130435 2579.67948948776
0.616 -3.8961038961039 2575.78338559165
0.508 -5.51181102362205 2570.27157456803
0.558 -0.3584229390681 2569.91315162896
0.471 1.91082802547771 2571.82397965444
0.538 6.69144981412639 2578.51542946857
0.518 8.10810810810811 2586.62353757668
0.534 6.36704119850187 2592.99057877518
0.5 3.2 2596.19057877518
0.555 4.86486486486486 2601.05544364004
0.528 10.2272727272727 2611.28271636732
0.49 -2.44897959183673 2608.83373677548
0.518 -5.40540540540541 2603.42833137007
0.511 -4.10958904109589 2599.31874232898
0.59 3.38983050847458 2602.70857283745
0.589 4.24448217317487 2606.95305501063
0.566 0.353356890459364 2607.30641190109
0.601 -11.1480865224626 2596.15832537862
0.574 -7.66550522648084 2588.49282015214
0.604 -1.32450331125828 2587.16831684088
0.595 -4.20168067226891 2582.96663616862
0.617 -5.9967585089141 2576.9698776597
0.655 -0.458015267175573 2576.51186239253
0.63 -3.80952380952381 2572.702338583
0.641 -7.64430577223089 2565.05803281077
0.631 -0.475435816164818 2564.58259699461
0.634 -2.20820189274448 2562.37439510186
0.684 -0.292397660818713 2562.08199744104
0.627 -5.58213716108453 2556.49986027996
0.573 4.71204188481675 2561.21190216478
0.628 -4.77707006369427 2556.43483210108
0.649 -0.462249614791988 2555.97258248629
0.598 5.01672240802676 2560.98930489432
0.635 -3.93700787401575 2557.0522970203
0.628 -0.636942675159236 2556.41535434514
0.584 -0.342465753424658 2556.07288859172
0.625 2.4 2558.47288859172
0.623 -1.76565008025682 2556.70723851146
0.592 -1.35135135135135 2555.35588716011
0.521 -8.63723608445298 2546.71865107566
0.604 -2.31788079470199 2544.40077028095
0.567 -4.05643738977072 2540.34433289118
0.585 -7.00854700854701 2533.33578588264
0.576 -12.1527777777778 2521.18300810486
0.551 -5.98911070780399 2515.19389739705
0.586 -3.07167235494881 2512.1222250421
0.67 -2.08955223880597 2510.0326728033
0.662 -6.64652567975831 2503.38614712354
0.631 -4.5958795562599 2498.79026756728
0.612 -3.26797385620915 2495.52229371107
0.661 -7.41301059001513 2488.10928312106
0.696 -3.16091954022989 2484.94836358083
0.663 -10.105580693816 2474.84278288701
0.648 -1.85185185185185 2472.99093103516
0.556 -1.43884892086331 2471.55208211429
0.56 -2.85714285714286 2468.69493925715
0.579 -5.00863557858376 2463.68630367857
0.561 -3.74331550802139 2459.94298817055
0.631 -4.91283676703645 2455.03015140351
0.595 -6.5546218487395 2448.47552955477
0.614 -0.977198697068404 2447.4983308577
0.622 -4.5016077170418 2442.99672314066
0.613 -8.31973898858075 2434.67698415208
0.63 -1.9047619047619 2432.77222224732
0.575 3.65217391304348 2436.42439616036
0.633 -7.74091627172196 2428.68347988864
0.487 -6.77618069815195 2421.90729919049
0.585 -4.27350427350427 2417.63379491698
0.601 -1.83028286189684 2415.80351205509
0.57 2.45614035087719 2418.25965240596
0.593 -0.843170320404722 2417.41648208556
0.606 10.8910891089109 2428.30757119447
0.576 -4.86111111111111 2423.44646008336
0.63 0.952380952380952 2424.39884103574
0.593 -1.85497470489039 2422.54386633085
0.586 6.14334470989761 2428.68721104075
0.622 7.71704180064309 2436.40425284139
0.655 1.6793893129771 2438.08364215437
0.491 5.4989816700611 2443.58262382443
0.53 7.54716981132075 2451.12979363575
0.605 0.826446280991736 2451.95623991674
0.587 1.19250425894378 2453.14874417568
0.531 -2.07156308851224 2451.07718108717
0.548 -6.93430656934307 2444.14287451783
0.513 -3.7037037037037 2440.43917081413
0.601 -5.15806988352745 2435.2811009306
0.654 -7.03363914373089 2428.24746178687
0.611 -3.10965630114566 2425.13780548572
0.562 -2.84697508896797 2422.29083039675
0.63 -5.3968253968254 2416.89400499993
0.613 -4.73083197389886 2412.16317302603
0.509 0.982318271119843 2413.14549129715
0.55 -5.09090909090909 2408.05458220624
0.604 6.95364238410596 2415.00822459035
0.547 1.64533820840951 2416.65356279876
0.617 -1.78282009724473 2414.87074270151
0.571 -4.72854640980736 2410.1421962917
0.618 8.09061488673139 2418.23281117843
0.642 0 2418.23281117843
0.633 1.4218009478673 2419.6546121263
0.591 -2.19966159052453 2417.45495053578
0.623 -10.7544141252006 2406.70053641058
0.61 -10.4918032786885 2396.20873313189
0.567 -0.881834215167548 2395.32689891672
0.583 -2.22984562607204 2393.09705329065
0.611 -1.80032733224223 2391.29672595841
0.564 -10.2836879432624 2381.01303801514
0.606 -4.62046204620462 2376.39257596894
0.594 -0.673400673400673 2375.71917529554
0.603 -9.78441127694859 2365.93476401859
0.63 -0.952380952380952 2364.98238306621
0.609 -4.76190476190476 2360.2204783043
0.601 -1.16472545757072 2359.05575284673
0.618 -1.29449838187702 2357.76125446486
0.582 -6.87285223367698 2350.88840223118
0.558 2.5089605734767 2353.39736280466
0.593 6.57672849915683 2359.97409130381
0.59 1.69491525423729 2361.66900655805
0.604 3.3112582781457 2364.9802648362
0.56 -9.28571428571429 2355.69455055048
0.59 0.677966101694915 2356.37251665218
0.604 -5.96026490066225 2350.41225175152
0.635 -0.47244094488189 2349.93981080663
0.631 -3.96196513470681 2345.97784567193
0.598 4.0133779264214 2349.99122359835
0.614 -9.44625407166124 2340.54496952669
0.569 -7.20562390158172 2333.3393456251
0.597 -2.17755443886097 2331.16179118624
0.589 -5.60271646859083 2325.55907471765
0.614 -3.90879478827362 2321.65027992938
0.571 6.47985989492119 2328.1301398243
0.605 1.48760330578512 2329.61774313009
0.588 1.02040816326531 2330.63815129335
0.589 0.848896434634975 2331.48704772799
0.55 6.90909090909091 2338.39613863708
0.463 -6.69546436285097 2331.70067427423
0.644 3.41614906832298 2335.11682334255
0.629 -0.794912559618442 2334.32191078293
0.617 2.75526742301459 2337.07717820595
0.602 -1.32890365448505 2335.74827455146
0.633 -5.21327014218009 2330.53500440928
0.592 -8.44594594594595 2322.08905846333
0.636 0.943396226415094 2323.03245468975
0.606 3.96039603960396 2326.99285072935
0.644 -0.62111801242236 2326.37173271693
0.667 -3.44827586206897 2322.92345685486
0.614 -3.58306188925081 2319.34039496561
0.56 -3.57142857142857 2315.76896639418
0.589 -3.90492359932088 2311.86404279486
0.584 -1.02739726027397 2310.83664553459
0.622 2.89389067524116 2313.73053620983
0.599 0.1669449081803 2313.89748111801
0.581 -1.89328743545611 2312.00419368255
0.583 -6.68953687821612 2305.31465680434
0.599 -4.50751252086811 2300.80714428347
0.607 -4.44810543657331 2296.3590388469
0.614 -7.81758957654723 2288.54144927035
0.639 -2.660406885759 2285.88104238459
0.646 0.309597523219814 2286.19063990781
0.602 -2.32558139534884 2283.86505851246
0.583 -6.34648370497427 2277.51857480749
0.661 -6.20272314674735 2271.31585166074
0.641 -5.77223088923557 2265.5436207715
0.638 -2.50783699059561 2263.03578378091
0.609 -2.46305418719212 2260.57272959371
0.564 -13.4751773049645 2247.09755228875
0.605 -11.0743801652893 2236.02317212346
0.526 5.70342205323194 2241.72659417669
0.608 0.657894736842105 2242.38448891354
0.59 -12.8813559322034 2229.50313298133
0.616 -7.46753246753247 2222.0356005138
0.589 1.52801358234295 2223.56361409614
0.623 1.4446227929374 2225.00823688908
0.611 -2.7823240589198 2222.22591283016
0.558 -1.4336917562724 2220.79222107389
0.558 3.584229390681 2224.37645046457
0.632 -1.58227848101266 2222.79417198356
0.642 -2.18068535825545 2220.6134866253
0.641 -3.27613104524181 2217.33735558006
0.548 -11.3138686131387 2206.02348696692
0.518 -4.63320463320463 2201.39028233372
0.589 -8.31918505942275 2193.07109727429
0.515 -5.24271844660194 2187.82837882769
0.605 0.826446280991736 2188.65482510868
0.598 -13.3779264214047 2175.27689868728
0.627 -3.98724082934609 2171.28965785793
0.55 -6.90909090909091 2164.38056694884
0.62 -9.35483870967742 2155.02572823916
0.6 -9.66666666666667 2145.3590615725
0.455 -10.7692307692308 2134.58983080327
0.526 -4.18250950570342 2130.40732129756
0.511 3.71819960861057 2134.12552090617
0.497 6.2374245472837 2140.36294545346
0.528 4.54545454545455 2144.90839999891
0.526 -2.28136882129278 2142.62703117762
0.518 -6.56370656370656 2136.06332461391
0.398 -4.52261306532663 2131.54071154859
0.432 12.5 2144.04071154859
0.415 -6.50602409638554 2137.5346874522
0.429 4.42890442890443 2141.9635918811
0.399 9.77443609022556 2151.73802797133
0.45 -6.22222222222222 2145.51580574911
0.424 0.943396226415094 2146.45920197552
0.49 0 2146.45920197552
0.593 2.86677908937605 2149.3259810649
0.396 -3.03030303030303 2146.2956780346
0.511 -1.76125244618395 2144.53442558841
0.573 -1.91972076788831 2142.61470482052
0.525 -6.28571428571429 2136.32899053481
0.505 0.99009900990099 2137.31908954471
0.428 -5.14018691588785 2132.17890262882
0.476 -7.56302521008403 2124.61587741874
0.538 -0.743494423791822 2123.87238299495
0.647 8.19165378670788 2132.06403678165
0.634 9.14826498422713 2141.21230176588
0.562 2.84697508896797 2144.05927685485
0.534 -0.374531835205993 2143.68474501964
0.549 3.09653916211293 2146.78128418176
0.532 0 2146.78128418176
0.527 -3.2258064516129 2143.55547773014
0.517 -3.28820116054159 2140.2672765696
0.524 5.34351145038168 2145.61078801998
0.491 -7.53564154786151 2138.07514647212
0.434 -5.99078341013825 2132.08436306198
0.451 0.665188470066519 2132.74955153205
0.475 7.36842105263158 2140.11797258468
0.466 6.00858369098712 2146.12655627567
0.53 4.52830188679245 2150.65485816246
0.627 1.11642743221691 2151.77128559468
0.499 -9.4188376753507 2142.35244791933
0.463 -3.23974082073434 2139.11270709859
0.563 -10.4795737122558 2128.63313338634
0.621 0.483091787439614 2129.11622517378
0.591 13.7055837563452 2142.82180893012
0.462 4.32900432900433 2147.15081325913
0.445 3.37078651685393 2150.52159977598
0.484 0 2150.52159977598
0.456 -0.87719298245614 2149.64440679352
0.428 -1.86915887850467 2147.77524791502
0.441 -13.3786848072562 2134.39656310776
0.441 -11.1111111111111 2123.28545199665
0.504 -5.15873015873016 2118.12672183792
0.557 -1.61579892280072 2116.51092291512
0.582 -5.49828178694158 2111.01264112818
0.531 3.57815442561205 2114.59079555379
0.483 2.27743271221532 2116.86822826601
0.567 0.17636684303351 2117.04459510904
0.54 0.37037037037037 2117.41496547941
0.458 2.62008733624454 2120.03505281566
0.521 -12.0921305182342 2107.94292229742
0.575 -4.69565217391304 2103.24727012351
0.602 -5.3156146179402 2097.93165550557
0.648 -9.5679012345679 2088.363754271
0.622 8.03858520900322 2096.40233948
0.439 -6.60592255125285 2089.79641692875
0.573 4.71204188481675 2094.50845881357
0.484 -9.09090909090909 2085.41754972266
0.627 -5.58213716108453 2079.83541256157
0.535 4.67289719626168 2084.50830975784
0.507 -0.591715976331361 2083.9165937815
0.596 5.03355704697987 2088.95015082848
0.481 -8.93970893970894 2080.01044188877
0.543 -0.552486187845304 2079.45795570093
0.532 1.8796992481203 2081.33765494905
0.427 -6.3231850117096 2075.01446993734
0.505 -3.36633663366337 2071.64813330368
0.527 4.7438330170778 2076.39196632075
0.479 0.208768267223382 2076.60073458798
0.561 -1.60427807486631 2074.99645651311
0.545 -6.78899082568807 2068.20746568742
0.501 -8.58283433133733 2059.62463135609
0.454 -7.04845814977974 2052.57617320631
0.464 -7.75862068965517 2044.81755251665
0.457 -1.96936542669584 2042.84818708996
0.468 5.55555555555556 2048.40374264551
0.478 9.6234309623431 2058.02717360785
0.478 -6.27615062761506 2051.75102298024
0.483 -4.76190476190476 2046.98911821833
0.53 3.0188679245283 2050.00798614286
0.524 0.381679389312977 2050.38966553218
0.527 -2.84629981024668 2047.54336572193
0.557 -1.97486535008977 2045.56850037184
0.477 1.0482180293501 2046.61671840119
0.559 -4.11449016100179 2042.50222824019
0.6 -3 2039.50222824019
0.538 -1.48698884758364 2038.0152393926
0.505 5.74257425742574 2043.75781365003
0.527 -3.2258064516129 2040.53200719842
0.528 -6.06060606060606 2034.47140113781
0.532 -5.6390977443609 2028.83230339345
0.652 -10.7361963190184 2018.09610707443
0.566 3.18021201413428 2021.27631908857
0.394 3.55329949238579 2024.82961858095
0.403 10.1736972704715 2035.00331585142
0.456 -8.33333333333333 2026.66998251809
0.463 -11.0151187904968 2015.65486372759
0.416 0.480769230769231 2016.13563295836
0.425 -4.47058823529412 2011.66504472307
0.425 -0.705882352941177 2010.95916237013
0.613 5.38336052202284 2016.34252289215
0.65 -2.46153846153846 2013.88098443061
0.592 -9.45945945945946 2004.42152497115
0.615 -4.39024390243902 2000.03128106871
0.591 -6.93739424703892 1993.09388682167
0.663 -3.16742081447964 1989.92646600719
0.624 -5.76923076923077 1984.15723523796
0.57 -1.75438596491228 1982.40284927305
0.519 4.43159922928709 1986.83444850234
0.583 5.66037735849057 1992.49482586083
0.581 0.860585197934596 1993.35541105876
0.602 -0.332225913621262 1993.02318514514
0.505 2.57425742574257 1995.59744257088
0.604 4.3046357615894 1999.90207833247
0.609 4.10509031198686 2004.00716864446
0.622 -1.92926045016077 2002.0779081943
0.623 4.01284109149278 2006.09074928579
0.622 7.39549839228296 2013.48624767808
0.608 1.31578947368421 2014.80203715176
0.617 1.45867098865478 2016.26070814042
0.596 -3.69127516778523 2012.56943297263
0.584 4.10958904109589 2016.67902201373
0.577 2.94627383015598 2019.62529584388
0.548 2.18978102189781 2021.81507686578
0.642 -1.24610591900312 2020.56897094678
0.607 -3.45963756177924 2017.109333385
0.554 5.05415162454874 2022.16348500955
0.586 2.04778156996587 2024.21126657951
0.592 4.72972972972973 2028.94099630924
0.598 8.02675585284281 2036.96775216208
0.596 1.00671140939597 2037.97446357148
0.548 -4.01459854014599 2033.95986503133
0.63 6.98412698412698 2040.94399201546
0.594 -3.03030303030303 2037.91368898516
0.596 -0.671140939597315 2037.24254804556
0.585 0.854700854700855 2038.09724890026
0.661 -5.90015128593041 2032.19709761433
0.555 -4.5045045045045 2027.69259310983
0.621 -2.09339774557166 2025.59919536426
0.623 0.160513643659711 2025.75970900792
0.608 0.328947368421053 2026.08865637634
0.622 0.643086816720257 2026.73174319306
0.615 -1.78861788617886 2024.94312530688
0.538 -3.71747211895911 2021.22565318792
0.649 4.77657935285054 2026.00223254077
0.633 -1.4218009478673 2024.5804315929
0.64 2.8125 2027.3929315929
0.575 4.34782608695652 2031.74075767986
0.575 -4.69565217391304 2027.04510550595
0.6 -10.3333333333333 2016.71177217261
0.596 -5.36912751677852 2011.34264465583
0.613 1.46818923327896 2012.81083388911
0.62 4.83870967741935 2017.64954356653
0.548 -5.83941605839416 2011.81012750814
0.539 -2.04081632653061 2009.76931118161
0.659 5.91805766312595 2015.68736884473
0.561 -1.60427807486631 2014.08309076987
0.613 8.31973898858075 2022.40282975845
0.638 1.56739811912226 2023.97022787757
0.627 3.03030303030303 2027.00053090787
0.574 5.22648083623693 2032.22701174411
0.567 -1.94003527336861 2030.28697647074
0.578 -5.19031141868512 2025.09666505206
0.572 6.64335664335664 2031.74002169541
0.605 11.7355371900826 2043.47555888549
0.584 3.08219178082192 2046.55775066632
0.625 6.56 2053.11775066632
0.598 5.35117056856187 2058.46892123488
0.634 6.30914826498423 2064.77806949986
0.584 8.21917808219178 2072.99724758205
0.543 8.65561694290976 2081.65286452496
0.62 -1.29032258064516 2080.36254194432
0.582 1.3745704467354 2081.73711239105
0.613 8.64600326264274 2090.3831156537
0.575 -0.521739130434783 2089.86137652326
0.633 -1.73775671406003 2088.1236198092
0.655 2.59541984732824 2090.71903965653
0.623 6.26003210272873 2096.97907175926
0.654 5.5045871559633 2102.48365891522
0.656 9.75609756097561 2112.2397564762
0.596 7.71812080536913 2119.95787728157
0.615 9.91869918699187 2129.87657646856
0.538 5.57620817843866 2135.452784647
0.506 -1.18577075098814 2134.26701389601
0.597 9.54773869346734 2143.81475258948
0.574 -0.348432055749129 2143.46632053373
0.627 6.85805422647528 2150.3243747602
0.587 11.7546848381601 2162.07905959836
0.56 8.21428571428571 2170.29334531265
0.58 -5.51724137931035 2164.77610393334
0.564 6.38297872340426 2171.15908265674
0.55 1.45454545454545 2172.61362811129
0.567 -1.94003527336861 2170.67359283792
0.549 5.64663023679417 2176.32022307471
0.641 9.51638065522621 2185.83660372994
0.599 6.17696160267112 2192.01356533261
0.607 8.40197693574959 2200.41554226836
0.603 6.13598673300166 2206.55152900136
0.574 7.66550522648084 2214.21703422784
0.607 5.10708401976936 2219.32411824761
0.594 6.73400673400673 2226.05812498162
0.565 7.25663716814159 2233.31476214976
0.612 7.51633986928105 2240.83110201904
0.607 2.47116968698517 2243.30227170603
0.595 7.56302521008403 2250.86529691611
0.614 3.58306188925081 2254.44835880536
0.577 4.33275563258232 2258.78111443794
0.597 5.86264656616415 2264.64376100411
0.595 2.85714285714286 2267.50090386125
0.614 -2.60586319218241 2264.89504066907
0.629 -3.33863275039746 2261.55640791867
0.594 2.35690235690236 2263.91331027557
0.581 3.27022375215146 2267.18353402773
0.595 3.86554621848739 2271.04908024621
0.581 -0.172117039586919 2270.87696320663
0.624 7.05128205128205 2277.92824525791
0.589 -0.169779286926995 2277.75846597098
0.618 1.29449838187702 2279.05296435286
0.604 1.32450331125828 2280.37746766412
0.626 0.319488817891374 2280.69695648201
0.622 4.18006430868167 2284.87702079069
0.653 5.35987748851455 2290.2368982792
0.612 -4.2483660130719 2285.98853226613
0.637 3.92464678178964 2289.91317904792
0.629 3.97456279809221 2293.88774184601
0.614 5.86319218241042 2299.75093402842
0.61 1.9672131147541 2301.71814714318
0.577 -1.21317157712305 2300.50497556606
0.56 6.42857142857143 2306.93354699463
0.562 5.33807829181495 2312.27162528644
0.589 3.2258064516129 2315.49743173805
0.584 1.71232876712329 2317.20976050518
0.603 3.15091210613599 2320.36067261131
0.598 6.35451505016722 2326.71518766148
0.596 0 2326.71518766148
0.606 6.93069306930693 2333.64588073079
0.582 6.87285223367698 2340.51873296447
0.601 0.499168053244592 2341.01790101771
0.559 6.61896243291592 2347.63686345063
0.599 4.84140233722871 2352.47826578785
0.51 4.31372549019608 2356.79199127805
0.537 4.28305400372439 2361.07504528178
0.622 9.64630225080386 2370.72134753258
0.607 2.14168039538715 2372.86302792797
0.602 5.98006644518272 2378.84309437315
0.58 3.10344827586207 2381.94654264901
0.63 3.80952380952381 2385.75606645853
0.541 2.77264325323475 2388.52870971177
0.626 2.55591054313099 2391.0846202549
0.572 2.7972027972028 2393.8818230521
0.606 4.95049504950495 2398.83231810161
0.57 -1.05263157894737 2397.77968652266
0.605 6.44628099173554 2404.2259675144
0.6 5.33333333333333 2409.55930084773
0.631 4.5958795562599 2414.15518040399
0.625 5.28 2419.43518040399
0.606 3.63036303630363 2423.06554344029
0.617 9.56239870340357 2432.6279421437
0.643 5.44323483670296 2438.0711769804
0.611 7.03764320785597 2445.10882018826
0.63 0.634920634920635 2445.74374082318
0.607 -2.47116968698517 2443.27257113619
0.621 2.73752012882448 2446.01009126502
0.632 -1.58227848101266 2444.427812784
0.603 4.14593698175788 2448.57374976576
0.611 9.98363338788871 2458.55738315365
0.616 6.16883116883117 2464.72621432248
0.619 0.807754442649435 2465.53396876513
0.609 5.74712643678161 2471.28109520191
0.619 2.10016155088853 2473.3812567528
0.596 2.01342281879195 2475.39467957159
0.589 4.92359932088285 2480.31827889248
0.63 0 2480.31827889248
0.609 6.73234811165846 2487.05062700413
0.602 12.2923588039867 2499.34298580812
0.616 -0.649350649350649 2498.69363515877
0.576 4.86111111111111 2503.55474626988
0.54 6.66666666666667 2510.22141293655
0.547 8.59232175502742 2518.81373469157
0.61 15.0819672131148 2533.89570190469
0.6 4.33333333333333 2538.22903523802
0.632 3.79746835443038 2542.02650359245
0.574 0.696864111498258 2542.72336770395
0.598 5.01672240802676 2547.74009011198
0.626 8.62619808306709 2556.36628819505
0.601 7.48752079866888 2563.85380899371
0.63 12.3809523809524 2576.23476137467
0.584 4.79452054794521 2581.02928192261
0.609 1.14942528735632 2582.17870720997
0.556 2.87769784172662 2585.05640505169
0.583 0.857632933104631 2585.9140379848
0.592 -4.72972972972973 2581.18430825507
0.646 -2.47678018575851 2578.70752806931
0.595 9.91596638655462 2588.62349445587
0.471 -1.06157112526539 2587.5619233306
0.568 7.3943661971831 2594.95628952778
0.631 10.9350237717908 2605.89131329957
0.539 11.6883116883117 2617.57962498789
0.601 5.82362728785358 2623.40325227574
0.588 4.76190476190476 2628.16515703764
0.612 3.92156862745098 2632.0867256651
0.56 1.78571428571429 2633.87243995081
0.465 4.51612903225806 2638.38856898307
0.434 8.29493087557604 2646.68349985864
0.414 10.1449275362319 2656.82842739488
0.488 -3.68852459016393 2653.13990280471
0.476 -4.6218487394958 2648.51805406522
0.416 -2.88461538461538 2645.6334386806
0.428 -7.00934579439252 2638.62409288621
0.426 1.40845070422535 2640.03254359043
0.611 18.1669394435352 2658.19948303397
0.645 7.28682170542636 2665.48630473939
0.642 8.41121495327103 2673.89751969267
0.654 7.03363914373089 2680.9311588364
0.583 -2.91595197255575 2678.01520686384
0.617 9.56239870340357 2687.57760556724
0.615 8.94308943089431 2696.52069499814
0.608 1.31578947368421 2697.83648447182
0.618 7.44336569579288 2705.27985016762
0.567 4.05643738977072 2709.33628755739
0.581 6.36833046471601 2715.7046180221
0.597 -1.17252931323283 2714.53208870887
0.623 1.4446227929374 2715.97671150181
0.591 4.23011844331641 2720.20682994512
0.633 9.63665086887836 2729.843480814
0.574 4.52961672473868 2734.37309753874
0.579 -0.863557858376511 2733.50953968036
0.612 0.326797385620915 2733.83633706598
0.566 -0.706713780918728 2733.12962328507
0.562 3.91459074733096 2737.0442140324
0.622 7.71704180064309 2744.76125583304
0.598 5.68561872909699 2750.44687456214
0.56 2.14285714285714 2752.58973170499
0.64 7.5 2760.08973170499
0.579 6.39032815198618 2766.48005985698
0.563 8.34813499111901 2774.8281948481
0.62 1.29032258064516 2776.11851742874
0.608 4.93421052631579 2781.05272795506
0.577 1.21317157712305 2782.26589953218
0.591 2.53807106598985 2784.80397059817
0.612 -1.63398692810458 2783.16998367007
0.599 0.500834724540901 2783.67081839461
0.587 12.4361158432709 2796.10693423788
0.611 2.12765957446809 2798.23459381235
0.61 5.57377049180328 2803.80836430415
0.614 8.14332247557003 2811.95168677972
0.627 10.3668261562998 2822.31851293602
0.57 0.350877192982456 2822.669390129
0.581 5.33562822719449 2828.0050183562
0.604 3.64238410596026 2831.64740246216
0.599 3.17195325542571 2834.81935571759
0.624 7.37179487179487 2842.19115058938
0.595 5.21008403361345 2847.40123462299
0.617 4.70016207455429 2852.10139669755
0.584 3.08219178082192 2855.18358847837
0.645 8.21705426356589 2863.40064274194
0.614 1.95439739413681 2865.35504013607
0.554 0.36101083032491 2865.7160509664
0.537 0.186219739292365 2865.90227070569
0.517 1.35396518375242 2867.25623588944
0.569 0.175746924428823 2867.43198281387
0.455 4.17582417582418 2871.60780698969
0.411 9.97566909975669 2881.58347608945
0.407 -0.245700245700246 2881.33777584375
0.417 9.35251798561151 2890.69029382936
0.46 6.08695652173913 2896.7772503511
0.533 1.68855534709193 2898.46580569819
0.538 6.69144981412639 2905.15725551232
0.6 7.66666666666667 2912.82392217899
0.596 3.69127516778523 2916.51519734677
0.601 2.82861896838602 2919.34381631516
0.595 3.86554621848739 2923.20936253365
0.605 7.10743801652893 2930.31680055017
0.616 1.62337662337662 2931.94017717355
0.614 12.0521172638436 2943.99229443739
0.644 5.59006211180124 2949.5823565492
0.615 5.04065040650407 2954.6230069557
0.607 5.7660626029654 2960.38906955867
0.62 5.48387096774194 2965.87294052641
0.646 5.26315789473684 2971.13609842114
0.641 4.52418096723869 2975.66027938838
0.586 1.36518771331058 2977.02546710169
0.646 -2.1671826625387 2974.85828443915
0.571 5.77933450087566 2980.63761894003
0.589 13.4125636672326 2994.05018260726
0.61 2.95081967213115 2997.00100227939
0.597 11.2227805695142 3008.22378284891
0.575 2.60869565217391 3010.83247850108
0.59 -3.05084745762712 3007.78163104346
0.579 3.97236614853195 3011.75399719199
0.613 8.97226753670473 3020.72626472869
0.645 15.968992248062 3036.69525697675
0.615 13.4959349593496 3050.1911919361
0.595 -0.504201680672269 3049.68699025543
0.595 7.56302521008403 3057.25001546552
0.584 5.82191780821918 3063.07193327373
0.631 7.13153724247227 3070.20347051621
0.564 4.60992907801418 3074.81339959422
0.609 8.70279146141215 3083.51619105563
0.586 11.2627986348123 3094.77898969045
0.594 9.76430976430976 3104.54329945476
0.604 17.8807947019868 3122.42409415674
0.632 7.27848101265823 3129.7025751694
0.615 -0.16260162601626 3129.53997354338
0.536 -1.49253731343284 3128.04743622995
0.559 2.68336314847943 3130.73079937843
0.596 5.70469798657718 3136.43549736501
0.61 2.95081967213115 3139.38631703714
0.589 2.88624787775891 3142.2725649149
0.595 13.2773109243697 3155.54987583927
0.561 7.30837789661319 3162.85825373588
0.598 11.371237458194 3174.22949119407
0.603 7.46268656716418 3181.69217776124
0.627 7.17703349282297 3188.86921125406
0.585 3.24786324786325 3192.11707450192
0.579 0.518134715025907 3192.63520921695
0.627 8.7719298245614 3201.40713904151
0.537 2.04841713221601 3203.45555617373
0.58 -4.82758620689655 3198.62796996683
0.618 10.6796116504854 3209.30758161732
0.623 1.4446227929374 3210.75220441025
0.634 3.47003154574133 3214.222235956
0.625 1.12 3215.342235956
0.626 5.11182108626198 3220.45405704226
0.646 -5.88235294117647 3214.57170410108
0.657 11.7199391171994 3226.29164321828
0.672 10.7142857142857 3237.00592893257
0.581 -3.95869191049914 3233.04723702207
0.513 5.26315789473684 3238.3103949168
0.62 3.87096774193548 3242.18136265874
0.602 9.63455149501661 3251.81591415376
0.562 4.27046263345196 3256.08637678721
0.584 -4.79452054794521 3251.29185623926
0.576 6.25 3257.54185623926
0.511 0.587084148727984 3258.12894038799
0.528 8.71212121212121 3266.84106160011
0.595 8.57142857142857 3275.41249017154
0.655 2.90076335877863 3278.31325353032
0.629 -0.158982511923688 3278.1542710184
0.597 2.17755443886097 3280.33182545726
0.627 -0.159489633173844 3280.17233582408
0.606 5.94059405940594 3286.11292988349
0.604 6.62251655629139 3292.73544643978
0.607 9.71993410214168 3302.45538054192
0.608 5.92105263157895 3308.3764331735
0.619 6.30048465266559 3314.67691782617
0.614 -0.977198697068404 3313.6997191291
0.561 3.38680926916221 3317.08652839826
0.625 6.56 3323.64652839826
0.63 8.25396825396825 3331.90049665223
0.618 8.41423948220065 3340.31473613443
0.628 3.18471337579618 3343.49944951023
0.648 10.1851851851852 3353.68463469541
0.656 1.21951219512195 3354.90414689053
0.588 8.50340136054422 3363.40754825108
0.596 3.69127516778523 3367.09882341886
0.63 4.76190476190476 3371.86072818077
0.597 0.16750418760469 3372.02823236837
0.628 6.68789808917197 3378.71613045754
0.621 -2.73752012882448 3375.97861032872
0.59 6.77966101694915 3382.75827134567
0.626 4.79233226837061 3387.55060361404
0.635 6.14173228346457 3393.6923358975
0.645 17.5193798449612 3411.21171574246
0.656 3.04878048780488 3414.26049623027
0.617 -3.72771474878444 3410.53278148149
0.479 17.3277661795407 3427.86054766103
0.563 8.34813499111901 3436.20868265214
0.638 12.5391849529781 3448.74786760512
0.6 8.33333333333333 3457.08120093846
0.597 1.17252931323283 3458.25373025169
0.617 5.67260940032415 3463.92633965201
0.639 -2.34741784037559 3461.57892181164
0.548 5.10948905109489 3466.68841086273
0.6 9 3475.68841086273
0.649 11.864406779661 3487.55281764239
0.591 8.29103214890017 3495.84384979129
0.478 1.67364016736402 3497.51748995866
0.606 10.8910891089109 3508.40857906757
0.609 10.0164203612479 3518.42499942882
0.585 6.66666666666667 3525.09166609548
0.468 -1.70940170940171 3523.38226438608
0.557 2.33393177737882 3525.71619616346
0.542 -1.4760147601476 3524.24018140331
0.536 1.49253731343284 3525.73271871675
0.577 9.8786828422877 3535.61140155903
0.552 1.81159420289855 3537.42299576193
0.544 0 3537.42299576193
0.648 6.48148148148148 3543.90447724341
0.594 -1.34680134680135 3542.55767589661
0.615 7.64227642276423 3550.19995231938
0.55 1.45454545454545 3551.65449777392
0.543 1.28913443830571 3552.94363221223
0.486 -4.52674897119342 3548.41688324103
0.591 -4.23011844331641 3544.18676479772
0.455 0.659340659340659 3544.84610545706
0.487 1.43737166324435 3546.2834771203
0.447 -4.25055928411633 3542.03291783619
0.428 -1.86915887850467 3540.16375895768
0.469 -10.8742004264392 3529.28955853124
0.493 8.31643002028398 3537.60598855153
0.485 1.85567010309278 3539.46165865462
0.583 10.4631217838765 3549.9247804385
0.587 3.23679727427598 3553.16157771277
0.619 0.484652665589661 3553.64623037836
0.591 2.53807106598985 3556.18430144435
0.528 0 3556.18430144435
0.604 7.6158940397351 3563.80019548409
0.601 3.49417637271215 3567.2943718568
0.6 3.33333333333333 3570.62770519013
0.625 0.48 3571.10770519013
0.597 1.50753768844221 3572.61524287857
0.61 1.31147540983607 3573.92671828841
0.595 11.5966386554622 3585.52335694387
0.573 8.90052356020942 3594.42388050408
0.615 2.4390243902439 3596.86290489433
0.608 -4.27631578947368 3592.58658910485
0.552 5.43478260869565 3598.02137171355
0.574 8.71080139372822 3606.73217310728
0.567 3.35097001763668 3610.08314312491
0.618 11.0032362459547 3621.08637937087
0.63 12.0634920634921 3633.14987143436
0.592 11.1486486486486 3644.29852008301
0.561 3.03030303030303 3647.32882311331
0.582 2.40549828178694 3649.7343213951
0.661 5.59757942511346 3655.33190082021
0.658 9.72644376899696 3665.05834458921
0.651 14.900153609831 3679.95849819904
0.646 0 3679.95849819904
0.633 4.58135860979463 3684.53985680883
0.59 24.0677966101695 3708.607653419
0.607 14.99176276771 3723.59941618671
0.613 7.66721044045677 3731.26662662717
0.611 5.07364975450082 3736.34027638167
0.64 13.4375 3749.77777638167
0.62 7.09677419354839 3756.87455057522
0.647 3.24574961360124 3760.12030018882
0.602 6.97674418604651 3767.09704437487
0.58 10 3777.09704437487
0.606 12.2112211221122 3789.30826549698
0.611 5.40098199672668 3794.70924749371
0.614 0 3794.70924749371
0.57 -1.75438596491228 3792.95486152879
0.602 5.64784053156146 3798.60270206035
0.604 7.94701986754967 3806.5497219279
0.6 10.3333333333333 3816.88305526124
0.612 15.6862745098039 3832.56932977104
0.56 3.92857142857143 3836.49790119961
0.62 6.7741935483871 3843.272094748
0.609 7.38916256157635 3850.66125730958
0.639 6.72926447574335 3857.39052178532
0.633 3.94944707740916 3861.33996886273
0.62 8.38709677419355 3869.72706563692
0.619 13.7318255250404 3883.45889116196
0.624 10.2564102564103 3893.71530141837
0.591 8.9678510998308 3902.6831525182
0.598 9.03010033444816 3911.71325285265
0.634 0.315457413249211 3912.0287102659
0.568 4.22535211267606 3916.25406237858
0.591 2.19966159052453 3918.4537239691
0.619 10.1777059773829 3928.63142994648
0.599 8.18030050083472 3936.81173044732
0.591 5.58375634517767 3942.3954867925
0.641 5.14820592823713 3947.54369272073
0.631 4.5958795562599 3952.13957227699
0.593 9.61214165261383 3961.75171392961
0.652 5.82822085889571 3967.5799347885
0.601 4.49251247920133 3972.07244726771
0.612 6.86274509803922 3978.93519236574
0.644 11.1801242236025 3990.11531658935
0.628 7.64331210191083 3997.75862869126
0.601 7.82029950083195 4005.57892819209
0.668 6.88622754491018 4012.465155737
0.638 6.89655172413793 4019.36170746114
0.627 4.30622009569378 4023.66792755683
0.657 9.28462709284627 4032.95255464968
0.643 10.1088646967341 4043.06141934641
0.627 4.94417862838915 4048.0055979748
0.58 5.51724137931035 4053.52283935411
0.661 4.68986384266263 4058.21270319677
0.554 -2.88808664259928 4055.32461655418
0.639 13.9280125195618 4069.25262907374
0.631 6.18066561014263 4075.43329468388
0.666 7.50750750750751 4082.94080219139
0.647 6.33693972179289 4089.27774191318
0.587 5.96252129471891 4095.2402632079
0.571 5.77933450087566 4101.01959770877
0.58 5.86206896551724 4106.88166667429
0.588 6.80272108843537 4113.68438776273
0.581 -3.95869191049914 4109.72569585223
0.547 5.6672760511883 4115.39297190342
0.515 11.4563106796117 4126.84928258303
0.588 -3.74149659863946 4123.10778598439
0.561 11.5864527629234 4134.69423874731
0.611 7.69230769230769 4142.38654643962
0.595 15.6302521008403 4158.01679854046
0.64 11.5625 4169.57929854046
0.63 12.3809523809524 4181.96025092141
0.615 16.4227642276423 4198.38301514905
0.609 15.927750410509 4214.31076555956
0.639 13.6150234741784 4227.92578903374
0.541 -1.29390018484288 4226.6318888489
0.512 12.5 4239.1318888489
0.545 15.5963302752294 4254.72821912413
0.606 4.29042904290429 4259.01864816703
0.671 20.7153502235469 4279.73399839058
0.627 12.280701754386 4292.01470014496
0.532 1.8796992481203 4293.89439939309
0.473 7.82241014799154 4301.71680954108
0.634 12.9337539432177 4314.6505634843
0.623 4.97592295345104 4319.62648643775
0.61 3.9344262295082 4323.56091266725
0.598 8.69565217391304 4332.25656484117
0.587 7.32538330494037 4339.58194814611
0.563 0.177619893428064 4339.75956803954
0.601 11.1480865224626 4350.907654562
0.598 6.02006688963211 4356.92772145163
0.626 7.3482428115016 4364.27596426313
0.623 1.12359550561798 4365.39955976875
0.588 1.70068027210884 4367.10024004086
0.571 5.42907180385289 4372.52931184471
0.617 4.37601296596434 4376.90532481068
0.616 -1.94805194805195 4374.95727286262
0.614 5.53745928338762 4380.49473214601
0.606 7.26072607260726 4387.75545821862
0.545 11.9266055045872 4399.68206372321
0.594 7.07070707070707 4406.75277079391
0.591 5.24534686971235 4411.99811766363
0.569 2.98769771528998 4414.98581537892
0.602 10.2990033222591 4425.28481870117
0.588 6.12244897959184 4431.40726768077
0.535 8.03738317757009 4439.44465085834
0.594 10.7744107744108 4450.21906163275
0.612 18.3006535947712 4468.51971522752
0.581 18.0722891566265 4486.59200438415
0.585 8.71794871794872 4495.30995310209
0.582 15.1202749140893 4510.43022801618
0.579 10.1899827288428 4520.62021074503
0.61 6.88524590163934 4527.50545664667
0.61 15.4098360655738 4542.91529271224
0.58 7.58620689655172 4550.50149960879
0.633 14.3759873617694 4564.87748697056
0.597 9.21273031825796 4574.09021728882
0.599 1.1686143572621 4575.25883164608
0.603 4.14593698175788 4579.40476862784
0.578 7.61245674740484 4587.01722537524
0.595 11.2605042016807 4598.27772957692
0.598 6.02006688963211 4604.29779646656
0.626 7.02875399361022 4611.32655046017
0.582 10.9965635738832 4622.32311403405
0.612 12.0915032679739 4634.41461730202
0.617 7.94165316045381 4642.35627046248
0.559 11.2701252236136 4653.62639568609
0.601 3.82695507487521 4657.45335076097
0.63 -1.9047619047619 4655.5485888562
0.601 10.8153078202995 4666.3638966765
0.651 12.7496159754224 4679.11351265193
0.63 6.03174603174603 4685.14525868367
0.602 10.9634551495017 4696.10871383317
0.601 6.4891846921797 4702.59789852535
0.629 5.56438791732909 4708.16228644268
0.628 10.5095541401274 4718.67184058281
0.641 7.02028081123245 4725.69212139404
0.599 2.17028380634391 4727.86240520039
0.516 9.30232558139535 4737.16473078178
0.641 10.1404056162246 4747.30513639801
0.643 10.7309486780715 4758.03608507608
0.619 9.20840064620355 4767.24448572228
0.603 4.47761194029851 4771.72209766258
0.58 8.96551724137931 4780.68761490396
0.578 6.9204152249135 4787.60803012887
0.608 5.59210526315789 4793.20013539203
0.585 -2.56410256410256 4790.63603282793
0.614 14.6579804560261 4805.29401328395
0.563 11.190053285968 4816.48406656992
0.585 2.56410256410256 4819.04816913402
0.616 9.74025974025974 4828.78842887428
0.677 9.89660265878877 4838.68503153307
0.633 9.00473933649289 4847.68977086957
0.609 3.77668308702791 4851.46645395659
0.621 7.56843800322061 4859.03489195981
0.611 0.818330605564648 4859.85322256538
0.672 7.44047619047619 4867.29369875586
0.665 6.76691729323308 4874.06061604909
0.522 9.57854406130268 4883.63916011039
0.583 9.7770154373928 4893.41617554778
0.658 9.72644376899696 4903.14261931678
0.568 6.33802816901408 4909.48064748579
0.599 11.5191986644407 4920.99984615024
0.601 4.49251247920133 4925.49235862944
0.594 4.37710437710438 4929.86946300654
0.588 3.06122448979592 4932.93068749634
0.512 -5.46875 4927.46193749634
0.574 1.04529616724739 4928.50723366358
0.616 5.19480519480519 4933.70203885839
0.606 4.95049504950495 4938.65253390789
0.615 13.8211382113821 4952.47367211928
0.548 5.83941605839416 4958.31308817767
0.605 3.47107438016529 4961.78416255784
0.6 10.6666666666667 4972.4508292245
0.617 6.645056726094 4979.0958859506
0.604 5.62913907284768 4984.72502502344
0.59 9.49152542372881 4994.21655044717
0.628 9.87261146496815 5004.08916191214
0.609 9.35960591133005 5013.44876782347
0.687 2.18340611353712 5015.63217393701
0.604 2.64900662251656 5018.28118055952
0.592 8.44594594594595 5026.72712650547
0.63 7.93650793650794 5034.66363444198
0.561 8.02139037433155 5042.68502481631
0.584 8.56164383561644 5051.24666865193
0.537 3.1657355679702 5054.4124042199
0.635 1.10236220472441 5055.51476642462
0.639 1.72143974960876 5057.23620617423
0.628 12.4203821656051 5069.65658833984
0.659 5.00758725341426 5074.66417559325
0.562 11.0320284697509 5085.696204063
0.567 11.4638447971781 5097.16004886018
0.573 2.26876090750436 5099.42880976768
0.627 3.98724082934609 5103.41605059703
0.594 3.36700336700337 5106.78305396403
0.648 7.09876543209877 5113.88181939613
0.621 3.38164251207729 5117.26346190821
0.609 -1.80623973727422 5115.45722217093
0.601 9.81697171381032 5125.27419388474
0.616 2.27272727272727 5127.54692115747
0.599 2.17028380634391 5129.71720496382
0.638 8.46394984326019 5138.18115480708
0.634 8.51735015772871 5146.6985049648
0.646 7.43034055727554 5154.12884552208
0.62 0 5154.12884552208
0.625 2.72 5156.84884552208
0.664 7.2289156626506 5164.07776118473
0.623 6.58105939004815 5170.65882057478
0.627 9.40988835725678 5180.06870893204
0.634 8.51735015772871 5188.58605908976
0.633 11.5323854660348 5200.1184445558
0.642 10.2803738317757 5210.39881838757
0.664 5.12048192771084 5215.51930031529
0.652 11.3496932515337 5226.86899356682
0.635 10.5511811023622 5237.42017466918
0.607 6.09555189456343 5243.51572656375
0.589 0.509337860780985 5244.02506442453
0.657 8.67579908675799 5252.70086351128
0.563 -3.01953818827709 5249.68132532301
0.462 14.2857142857143 5263.96703960872
0.577 5.37261698440208 5269.33965659312
0.631 -0.158478605388273 5269.18117798774
0.575 11.6521739130435 5280.83335190078
0.636 6.28930817610063 5287.12266007688
0.601 11.4808652246256 5298.60352530151
0.618 0 5298.60352530151
0.597 11.2227805695142 5309.82630587102
0.637 8.32025117739403 5318.14655704841
0.625 7.52 5325.66655704841
0.614 10.0977198697068 5335.76427691812
0.586 8.53242320819113 5344.29670012631
0.635 11.1811023622047 5355.47780248852
0.591 7.61421319796954 5363.09201568648
0.583 6.34648370497427 5369.43849939146
0.596 6.04026845637584 5375.47876784784
0.552 6.88405797101449 5382.36282581885
0.638 14.4200626959248 5396.78288851477
0.565 8.67256637168142 5405.45545488646
0.616 5.84415584415584 5411.29961073061
0.597 3.51758793969849 5414.81719867031
0.624 9.93589743589744 5424.75309610621
0.612 4.90196078431373 5429.65505689052
0.615 6.66666666666667 5436.32172355719
0.601 4.82529118136439 5441.14701473855
0.574 6.62020905923345 5447.76722379779
0.617 10.5348460291734 5458.30206982696
0.585 5.98290598290598 5464.28497580987
0.608 4.60526315789474 5468.89023896776
0.632 11.0759493670886 5479.96618833485
0.593 13.6593591905565 5493.62554752541
0.645 6.04651162790698 5499.67205915331
0.689 9.72423802612482 5509.39629717944
0.642 12.4610591900312 5521.85735636947
0.651 7.52688172043011 5529.3842380899
0.647 7.88253477588872 5537.26677286579
0.662 2.41691842900302 5539.68369129479
0.65 11.0769230769231 5550.76061437171
0.624 13.4615384615385 5564.22215283325
0.625 8.16 5572.38215283325
0.612 5.88235294117647 5578.26450577443
0.657 2.28310502283105 5580.54761079726
0.53 6.0377358490566 5586.58534664632
0.573 11.6928446771379 5598.27819132345
0.625 10.08 5608.35819132345
0.595 8.23529411764706 5616.5934854411
0.653 5.97243491577335 5622.56592035687
0.641 2.65210608424337 5625.21802644112
0.62 5.16129032258065 5630.3793167637
0.628 7.64331210191083 5638.02262886561
0.624 1.6025641025641 5639.62519296817
0.655 3.20610687022901 5642.8312998384
0.632 4.74683544303798 5647.57813528144
0.618 4.20711974110032 5651.78525502254
0.661 10.4387291981846 5662.22398422072
0.594 8.41750841750842 5670.64149263823
0.598 2.67558528428094 5673.31707792251
0.616 0 5673.31707792251
0.703 -4.97866287339972 5668.33841504911
0.657 -0.15220700152207 5668.18620804759
0.641 -0.78003120124805 5667.40617684634
0.481 6.44490644490644 5673.85108329125
0.547 3.83912248628885 5677.69020577754
0.595 4.53781512605042 5682.22802090359
0.601 7.82029950083195 5690.04832040442
0.632 12.3417721518987 5702.39009255632
0.631 12.202852614897 5714.59294517122
0.632 4.11392405063291 5718.70686922185
0.613 6.03588907014682 5724.742758292
0.619 5.65428109854604 5730.39703939054
0.631 6.49762282091918 5736.89466221146
0.609 11.9868637110016 5748.88152592246
0.625 12.96 5761.84152592246
0.631 3.01109350237718 5764.85261942484
0.547 18.8299817184643 5783.68260114331
0.638 9.40438871473354 5793.08698985804
0.65 14.7692307692308 5807.85622062727
0.608 10.1973684210526 5818.05358904832
0.631 13.4706814580032 5831.52427050633
0.61 18.6885245901639 5850.21279509649
0.614 1.62866449511401 5851.8414595916
0.633 6.16113744075829 5858.00259703236
0.641 9.82839313572543 5867.83099016809
0.625 -0.16 5867.67099016809
0.64 11.5625 5879.23349016809
0.619 4.36187399030695 5883.59536415839
0.581 1.20481927710843 5884.8001834355
0.631 3.96196513470681 5888.76214857021
0.61 9.18032786885246 5897.94247643906
0.623 10.7544141252006 5908.69689056426
0.643 6.06531881804044 5914.7622093823
0.664 6.62650602409639 5921.3887154064
0.619 8.23909531502423 5929.62781072142
0.635 9.29133858267716 5938.9191493041
0.635 9.92125984251969 5948.84040914662
0.621 4.34782608695652 5953.18823523358
0.568 0.352112676056338 5953.54034790963
0.592 2.02702702702703 5955.56737493666
0.564 14.5390070921986 5970.10638202886
0.593 -3.54131534569983 5966.56506668316
0.619 12.1163166397415 5978.6813833229
0.62 1.29032258064516 5979.97170590355
0.634 7.88643533123028 5987.85814123478
0.648 11.4197530864198 5999.2778943212
0.611 4.74631751227496 6004.02421183347
0.618 4.53074433656958 6008.55495617004
0.62 -0.967741935483871 6007.58721423456
0.631 1.743264659271 6009.33047889383
0.623 6.26003210272873 6015.59051099656
0.528 4.16666666666667 6019.75717766322
0.635 6.14173228346457 6025.89890994669
0.594 11.7845117845118 6037.6834217312
0.636 12.8930817610063 6050.57650349221
0.632 4.74683544303798 6055.32333893524
0.601 4.15973377703827 6059.48307271228
0.653 9.03522205206738 6068.51829476435
0.636 1.25786163522013 6069.77615639957
0.656 11.280487804878 6081.05664420445
0.66 9.39393939393939 6090.45058359839
0.634 1.57728706624606 6092.02787066463
0.619 8.56219709208401 6100.59006775672
0.631 7.13153724247227 6107.72160499919
0.615 8.94308943089431 6116.66469443008
0.519 1.73410404624277 6118.39879847633
0.519 9.05587668593449 6127.45467516226
0.615 5.04065040650407 6132.49532556877
0.517 3.28820116054159 6135.78352672931
0.659 6.22154779969651 6142.005074529
0.699 13.5908440629471 6155.59591859195
0.67 5.67164179104478 6161.26756038299
0.689 7.40203193033382 6168.66959231333
0.605 -1.15702479338843 6167.51256751994
0.619 -0.807754442649435 6166.70481307729
0.619 11.470113085622 6178.17492616291
0.634 0 6178.17492616291
0.608 10.1973684210526 6188.37229458397
0.589 10.3565365025467 6198.72883108651
0.602 15.9468438538206 6214.67567494033
0.618 7.44336569579288 6222.11904063613
0.643 9.79782270606532 6231.91686334219
0.6 16.3333333333333 6248.25019667552
0.635 12.4409448818898 6260.69114155741
0.638 5.64263322884013 6266.33377478625
0.608 5.92105263157895 6272.25482741783
0.638 2.82131661442006 6275.07614403225
0.644 4.96894409937888 6280.04508813163
0.644 0.93167701863354 6280.97676515027
0.612 3.92156862745098 6284.89833377772
0.63 10.7936507936508 6295.69198457137
0.607 4.11861614497529 6299.81060071634
0.586 13.6518771331058 6313.46247784945
0.577 8.49220103986135 6321.95467888931
0.619 5.00807754442649 6326.96275643374
0.631 5.54675118858954 6332.50950762233
0.632 7.59493670886076 6340.10444433119
0.67 8.65671641791045 6348.7611607491
0.652 11.3496932515337 6360.11085400063
0.593 12.3102866779089 6372.42114067854
0.612 11.437908496732 6383.85904917527
0.576 4.86111111111111 6388.72016028638
0.593 2.52951096121417 6391.2496712476
0.545 13.394495412844 6404.64416666044
0.555 9.18918918918919 6413.83335584963
0.525 2.85714285714286 6416.69049870677
0.565 -3.36283185840708 6413.32766684837
0.447 -5.14541387024609 6408.18225297812
0.448 -0.892857142857143 6407.28939583526
0.474 -4.21940928270042 6403.06998655256
0.468 2.56410256410256 6405.63408911667
0.463 1.07991360691145 6406.71400272358
0.466 -0.858369098712446 6405.85563362486
0.614 6.18892508143322 6412.0445587063
0.539 5.00927643784787 6417.05383514415
0.526315789473684 10.9677419354839 6428.02157707963
